1787830740.231501, NoOp Chain Depth 4 Size 0 Mode ref nolog, pipeline, prepare, start, 9949806070093176
1787830740.232623, NoOp Chain Depth 4 Size 0 Mode ref nolog, pipeline, prepare, end, 9949806070688408
1787830740.233139, NoOp Chain Depth 4 Size 0 Mode ref nolog, pipeline - train, run, start, 312734631590228044210829736149186142940, 1787830740.233070, 1, 1, 9949806071203112
1787830740.233450, NoOp Chain Depth 4 Size 0 Mode ref nolog, pipeline - train, run, end, 312734631590228044210829736149186142940, 1787830740.233070, 1, 1, 9949806071511863
1787830740.233519, NoOp Chain Depth 4 Size 0 Mode ref nolog, pipeline - train, run, start, 78335158317493030930923474810506314013, 1787830740.233503, 2, 1, 9949806071579191
1787830740.233701, NoOp Chain Depth 4 Size 0 Mode ref nolog, pipeline - train, run, end, 78335158317493030930923474810506314013, 1787830740.233503, 2, 1, 9949806071760503
1787830740.233736, NoOp Chain Depth 4 Size 0 Mode ref nolog, pipeline - train, run, start, 178124473395768504264749953314302544221, 1787830740.233726, 3, 1, 9949806071795623
1787830740.233938, NoOp Chain Depth 4 Size 0 Mode ref nolog, pipeline - train, run, end, 178124473395768504264749953314302544221, 1787830740.233726, 3, 1, 9949806071997767
1787830740.234009, NoOp Chain Depth 4 Size 0 Mode ref nolog, pipeline - train, run, start, 74121009272500103605972987106582502049, 1787830740.234000, 4, 1, 9949806072068775
1787830740.234152, NoOp Chain Depth 4 Size 0 Mode ref nolog, pipeline - train, run, end, 74121009272500103605972987106582502049, 1787830740.234000, 4, 1, 9949806072211623
1787830740.234232, NoOp Chain Depth 4 Size 0 Mode ref nolog, pipeline - train, run, start, 41999329898742189407088124881463933562, 1787830740.234223, 5, 1, 9949806072291847
1787830740.234390, NoOp Chain Depth 4 Size 0 Mode ref nolog, pipeline - train, run, end, 41999329898742189407088124881463933562, 1787830740.234223, 5, 1, 9949806072449815
1787830740.234466, NoOp Chain Depth 4 Size 0 Mode ref nolog, pipeline - train, run, start, 258630018557232244225769409748995014742, 1787830740.234418, 6, 1, 9949806072525671
1787830740.234613, NoOp Chain Depth 4 Size 0 Mode ref nolog, pipeline - train, run, end, 258630018557232244225769409748995014742, 1787830740.234418, 6, 1, 9949806072672855
1787830740.234654, NoOp Chain Depth 4 Size 0 Mode ref nolog, pipeline - train, run, start, 133349349565094000664273199701931920604, 1787830740.234641, 7, 1, 9949806072713607
1787830740.234835, NoOp Chain Depth 4 Size 0 Mode ref nolog, pipeline - train, run, end, 133349349565094000664273199701931920604, 1787830740.234641, 7, 1, 9949806072894967
1787830740.234904, NoOp Chain Depth 4 Size 0 Mode ref nolog, pipeline - train, run, start, 76397072734367423067306494893072437648, 1787830740.234859, 8, 1, 9949806072963575
1787830740.235035, NoOp Chain Depth 4 Size 0 Mode ref nolog, pipeline - train, run, end, 76397072734367423067306494893072437648, 1787830740.234859, 8, 1, 9949806073094327
1787830740.235114, NoOp Chain Depth 4 Size 0 Mode ref nolog, pipeline - train, run, start, 294314366747144361856998015277095142427, 1787830740.235105, 9, 1, 9949806073173319
1787830740.235290, NoOp Chain Depth 4 Size 0 Mode ref nolog, pipeline - train, run, end, 294314366747144361856998015277095142427, 1787830740.235105, 9, 1, 9949806073349591
1787830740.235323, NoOp Chain Depth 4 Size 0 Mode ref nolog, pipeline - train, run, start, 138311719995059646348770625832417672237, 1787830740.235314, 10, 1, 9949806073382455
1787830740.235492, NoOp Chain Depth 4 Size 0 Mode ref nolog, pipeline - train, run, end, 138311719995059646348770625832417672237, 1787830740.235314, 10, 1, 9949806073551879
1787830740.235568, NoOp Chain Depth 4 Size 0 Mode ref nolog, pipeline - train, run, start, 145329370037430349871958243767335336450, 1787830740.235520, 11, 1, 9949806073627527
1787830740.235699, NoOp Chain Depth 4 Size 0 Mode ref nolog, pipeline - train, run, end, 145329370037430349871958243767335336450, 1787830740.235520, 11, 1, 9949806073758887
1787830740.235778, NoOp Chain Depth 4 Size 0 Mode ref nolog, pipeline - train, run, start, 210248050698619717464784354100880915723, 1787830740.235769, 12, 1, 9949806073837271
1787830740.235966, NoOp Chain Depth 4 Size 0 Mode ref nolog, pipeline - train, run, end, 210248050698619717464784354100880915723, 1787830740.235769, 12, 1, 9949806074026183
1787830740.236001, NoOp Chain Depth 4 Size 0 Mode ref nolog, pipeline - train, run, start, 294839160607260537435514168401316082088, 1787830740.235991, 13, 1, 9949806074060151
1787830740.236178, NoOp Chain Depth 4 Size 0 Mode ref nolog, pipeline - train, run, end, 294839160607260537435514168401316082088, 1787830740.235991, 13, 1, 9949806074237191
1787830740.236210, NoOp Chain Depth 4 Size 0 Mode ref nolog, pipeline - train, run, start, 279178438464287750383231194026596729982, 1787830740.236201, 14, 1, 9949806074269655
1787830740.236372, NoOp Chain Depth 4 Size 0 Mode ref nolog, pipeline - train, run, end, 279178438464287750383231194026596729982, 1787830740.236201, 14, 1, 9949806074432007
1787830740.236404, NoOp Chain Depth 4 Size 0 Mode ref nolog, pipeline - train, run, start, 2372322134781061348180994729054998713, 1787830740.236396, 15, 1, 9949806074464039
1787830740.236568, NoOp Chain Depth 4 Size 0 Mode ref nolog, pipeline - train, run, end, 2372322134781061348180994729054998713, 1787830740.236396, 15, 1, 9949806074627302
1787830740.236645, NoOp Chain Depth 4 Size 0 Mode ref nolog, pipeline - train, run, start, 256711994106310633262096040404323688670, 1787830740.236636, 16, 1, 9949806074704902
1787830740.236802, NoOp Chain Depth 4 Size 0 Mode ref nolog, pipeline - train, run, end, 256711994106310633262096040404323688670, 1787830740.236636, 16, 1, 9949806074861830
1787830740.236877, NoOp Chain Depth 4 Size 0 Mode ref nolog, pipeline - train, run, start, 200545124300486238748568914190009584726, 1787830740.236830, 17, 1, 9949806074936390
1787830740.237012, NoOp Chain Depth 4 Size 0 Mode ref nolog, pipeline - train, run, end, 200545124300486238748568914190009584726, 1787830740.236830, 17, 1, 9949806075072022
1787830740.237092, NoOp Chain Depth 4 Size 0 Mode ref nolog, pipeline - train, run, start, 266586348304098833481389075750540846150, 1787830740.237083, 18, 1, 9949806075151174
1787830740.237256, NoOp Chain Depth 4 Size 0 Mode ref nolog, pipeline - train, run, end, 266586348304098833481389075750540846150, 1787830740.237083, 18, 1, 9949806075315798
1787830740.237288, NoOp Chain Depth 4 Size 0 Mode ref nolog, pipeline - train, run, start, 327112977718852503190369425241439079483, 1787830740.237279, 19, 1, 9949806075348038
1787830740.237439, NoOp Chain Depth 4 Size 0 Mode ref nolog, pipeline - train, run, end, 327112977718852503190369425241439079483, 1787830740.237279, 19, 1, 9949806075498982
1787830740.237524, NoOp Chain Depth 4 Size 0 Mode ref nolog, pipeline - train, run, start, 123495815331361590765835002201304924978, 1787830740.237464, 20, 1, 9949806075583782
1787830740.237650, NoOp Chain Depth 4 Size 0 Mode ref nolog, pipeline - train, run, end, 123495815331361590765835002201304924978, 1787830740.237464, 20, 1, 9949806075709638
1787830740.237729, NoOp Chain Depth 4 Size 0 Mode ref nolog, pipeline - train, run, start, 102910166589882705537625541994473574082, 1787830740.237719, 21, 1, 9949806075788006
1787830740.237892, NoOp Chain Depth 4 Size 0 Mode ref nolog, pipeline - train, run, end, 102910166589882705537625541994473574082, 1787830740.237719, 21, 1, 9949806075951094
1787830740.237924, NoOp Chain Depth 4 Size 0 Mode ref nolog, pipeline - train, run, start, 76670418588261597645430296356760951628, 1787830740.237915, 22, 1, 9949806075983350
1787830740.238084, NoOp Chain Depth 4 Size 0 Mode ref nolog, pipeline - train, run, end, 76670418588261597645430296356760951628, 1787830740.237915, 22, 1, 9949806076143222
1787830740.238171, NoOp Chain Depth 4 Size 0 Mode ref nolog, pipeline - train, run, start, 286046306125672024183218754053057605239, 1787830740.238110, 23, 1, 9949806076231014
1787830740.238319, NoOp Chain Depth 4 Size 0 Mode ref nolog, pipeline - train, run, end, 286046306125672024183218754053057605239, 1787830740.238110, 23, 1, 9949806076378966
1787830740.238384, NoOp Chain Depth 4 Size 0 Mode ref nolog, pipeline - train, run, start, 276765911720530108224181706223058104109, 1787830740.238374, 24, 1, 9949806076442998
1787830740.238523, NoOp Chain Depth 4 Size 0 Mode ref nolog, pipeline - train, run, end, 276765911720530108224181706223058104109, 1787830740.238374, 24, 1, 9949806076582358
1787830740.238611, NoOp Chain Depth 4 Size 0 Mode ref nolog, pipeline - train, run, start, 337650775474692885314870720482479266967, 1787830740.238550, 25, 1, 9949806076670102
1787830740.238736, NoOp Chain Depth 4 Size 0 Mode ref nolog, pipeline - train, run, end, 337650775474692885314870720482479266967, 1787830740.238550, 25, 1, 9949806076795702
1787830740.238814, NoOp Chain Depth 4 Size 0 Mode ref nolog, pipeline - train, run, start, 79078569716976935661052417158131111220, 1787830740.238805, 26, 1, 9949806076873382
1787830740.238983, NoOp Chain Depth 4 Size 0 Mode ref nolog, pipeline - train, run, end, 79078569716976935661052417158131111220, 1787830740.238805, 26, 1, 9949806077042694
1787830740.239017, NoOp Chain Depth 4 Size 0 Mode ref nolog, pipeline - train, run, start, 193543695190306569414825808942533655332, 1787830740.239007, 27, 1, 9949806077077046
1787830740.239187, NoOp Chain Depth 4 Size 0 Mode ref nolog, pipeline - train, run, end, 193543695190306569414825808942533655332, 1787830740.239007, 27, 1, 9949806077246198
1787830740.239219, NoOp Chain Depth 4 Size 0 Mode ref nolog, pipeline - train, run, start, 186479299458178175700231505928762022653, 1787830740.239210, 28, 1, 9949806077278294
1787830740.239415, NoOp Chain Depth 4 Size 0 Mode ref nolog, pipeline - train, run, end, 186479299458178175700231505928762022653, 1787830740.239210, 28, 1, 9949806077474870
1787830740.239448, NoOp Chain Depth 4 Size 0 Mode ref nolog, pipeline - train, run, start, 137676932711388441309012084604021885086, 1787830740.239439, 29, 1, 9949806077506918
1787830740.239569, NoOp Chain Depth 4 Size 0 Mode ref nolog, pipeline - train, run, end, 137676932711388441309012084604021885086, 1787830740.239439, 29, 1, 9949806077628709
1787830740.239684, NoOp Chain Depth 4 Size 0 Mode ref nolog, pipeline - train, run, start, 225876942242182356329063382939764874809, 1787830740.239593, 30, 1, 9949806077743189
1787830740.239844, NoOp Chain Depth 4 Size 0 Mode ref nolog, pipeline - train, run, end, 225876942242182356329063382939764874809, 1787830740.239593, 30, 1, 9949806077903317
1787830740.239879, NoOp Chain Depth 4 Size 0 Mode ref nolog, pipeline - train, run, start, 81276515876683895642009143122590629430, 1787830740.239867, 31, 1, 9949806077938469
1787830740.240048, NoOp Chain Depth 4 Size 0 Mode ref nolog, pipeline - train, run, end, 81276515876683895642009143122590629430, 1787830740.239867, 31, 1, 9949806078107221
1787830740.240080, NoOp Chain Depth 4 Size 0 Mode ref nolog, pipeline - train, run, start, 21776762860475695197449964893921133648, 1787830740.240072, 32, 1, 9949806078139749
1787830740.240213, NoOp Chain Depth 4 Size 0 Mode ref nolog, pipeline - train, run, end, 21776762860475695197449964893921133648, 1787830740.240072, 32, 1, 9949806078272997
1787830740.240322, NoOp Chain Depth 4 Size 0 Mode ref nolog, pipeline - train, run, start, 222181339164390196198554861228093141098, 1787830740.240313, 33, 1, 9949806078381077
1787830740.240482, NoOp Chain Depth 4 Size 0 Mode ref nolog, pipeline - train, run, end, 222181339164390196198554861228093141098, 1787830740.240313, 33, 1, 9949806078541301
1787830740.240518, NoOp Chain Depth 4 Size 0 Mode ref nolog, pipeline - train, run, start, 469234213785902211326940549416477135, 1787830740.240509, 34, 1, 9949806078577493
1787830740.240671, NoOp Chain Depth 4 Size 0 Mode ref nolog, pipeline - train, run, end, 469234213785902211326940549416477135, 1787830740.240509, 34, 1, 9949806078731061
1787830740.240708, NoOp Chain Depth 4 Size 0 Mode ref nolog, pipeline - train, run, start, 338301978611146296212113429432388765206, 1787830740.240699, 35, 1, 9949806078767317
1787830740.240871, NoOp Chain Depth 4 Size 0 Mode ref nolog, pipeline - train, run, end, 338301978611146296212113429432388765206, 1787830740.240699, 35, 1, 9949806078930853
1787830740.240991, NoOp Chain Depth 4 Size 0 Mode ref nolog, pipeline - train, run, start, 212320307074423142122706026695877195383, 1787830740.240982, 36, 1, 9949806079050437
1787830740.241084, NoOp Chain Depth 4 Size 0 Mode ref nolog, pipeline - train, run, end, 212320307074423142122706026695877195383, 1787830740.240982, 36, 1, 9949806079144021
1787830740.241132, NoOp Chain Depth 4 Size 0 Mode ref nolog, pipeline - train, run, start, 37218412948303563808896062862944561789, 1787830740.241122, 37, 1, 9949806079191045
1787830740.241317, NoOp Chain Depth 4 Size 0 Mode ref nolog, pipeline - train, run, end, 37218412948303563808896062862944561789, 1787830740.241122, 37, 1, 9949806079376645
1787830740.241436, NoOp Chain Depth 4 Size 0 Mode ref nolog, pipeline - train, run, start, 312074743157199730171724862868692837300, 1787830740.241345, 38, 1, 9949806079495285
1787830740.241523, NoOp Chain Depth 4 Size 0 Mode ref nolog, pipeline - train, run, end, 312074743157199730171724862868692837300, 1787830740.241345, 38, 1, 9949806079582405
1787830740.241562, NoOp Chain Depth 4 Size 0 Mode ref nolog, pipeline - train, run, start, 174888952781329017552098248171450299228, 1787830740.241549, 39, 1, 9949806079621221
1787830740.241766, NoOp Chain Depth 4 Size 0 Mode ref nolog, pipeline - train, run, end, 174888952781329017552098248171450299228, 1787830740.241549, 39, 1, 9949806079825653
1787830740.241860, NoOp Chain Depth 4 Size 0 Mode ref nolog, pipeline - train, run, start, 60107616338629905679954709745416058048, 1787830740.241850, 40, 1, 9949806079919109
1787830740.241943, NoOp Chain Depth 4 Size 0 Mode ref nolog, pipeline - train, run, end, 60107616338629905679954709745416058048, 1787830740.241850, 40, 1, 9949806080005173
1787830740.242064, NoOp Chain Depth 4 Size 0 Mode ref nolog, pipeline - train, run, start, 169200805720624867071770985959460603152, 1787830740.242055, 41, 1, 9949806080123157
1787830740.242155, NoOp Chain Depth 4 Size 0 Mode ref nolog, pipeline - train, run, end, 169200805720624867071770985959460603152, 1787830740.242055, 41, 1, 9949806080213989
1787830740.242191, NoOp Chain Depth 4 Size 0 Mode ref nolog, pipeline - train, run, start, 5097722226235062945469328438855226771, 1787830740.242182, 42, 1, 9949806080250581
1787830740.242377, NoOp Chain Depth 4 Size 0 Mode ref nolog, pipeline - train, run, end, 5097722226235062945469328438855226771, 1787830740.242182, 42, 1, 9949806080436709
1787830740.242410, NoOp Chain Depth 4 Size 0 Mode ref nolog, pipeline - train, run, start, 52634749970142963539815396485629311332, 1787830740.242401, 43, 1, 9949806080469637
1787830740.242617, NoOp Chain Depth 4 Size 0 Mode ref nolog, pipeline - train, run, end, 52634749970142963539815396485629311332, 1787830740.242401, 43, 1, 9949806080676724
1787830740.242652, NoOp Chain Depth 4 Size 0 Mode ref nolog, pipeline - train, run, start, 203889606571715336290097316373863530567, 1787830740.242640, 44, 1, 9949806080711860
1787830740.242809, NoOp Chain Depth 4 Size 0 Mode ref nolog, pipeline - train, run, end, 203889606571715336290097316373863530567, 1787830740.242640, 44, 1, 9949806080868500
1787830740.242844, NoOp Chain Depth 4 Size 0 Mode ref nolog, pipeline - train, run, start, 200712649823314101643056407875838162993, 1787830740.242835, 45, 1, 9949806080903172
1787830740.243000, NoOp Chain Depth 4 Size 0 Mode ref nolog, pipeline - train, run, end, 200712649823314101643056407875838162993, 1787830740.242835, 45, 1, 9949806081059028
1787830740.243107, NoOp Chain Depth 4 Size 0 Mode ref nolog, pipeline - train, run, start, 159124373214312080198295697752340062600, 1787830740.243023, 46, 1, 9949806081166612
1787830740.243262, NoOp Chain Depth 4 Size 0 Mode ref nolog, pipeline - train, run, end, 159124373214312080198295697752340062600, 1787830740.243023, 46, 1, 9949806081321684
1787830740.243297, NoOp Chain Depth 4 Size 0 Mode ref nolog, pipeline - train, run, start, 259383649028523088185104754306641503108, 1787830740.243285, 47, 1, 9949806081356324
1787830740.243388, NoOp Chain Depth 4 Size 0 Mode ref nolog, pipeline - train, run, end, 259383649028523088185104754306641503108, 1787830740.243285, 47, 1, 9949806081447556
1787830740.243518, NoOp Chain Depth 4 Size 0 Mode ref nolog, pipeline - train, run, start, 141363245368125845428131614524505785057, 1787830740.243509, 48, 1, 9949806081577348
1787830740.243649, NoOp Chain Depth 4 Size 0 Mode ref nolog, pipeline - train, run, end, 141363245368125845428131614524505785057, 1787830740.243509, 48, 1, 9949806081708996
1787830740.243684, NoOp Chain Depth 4 Size 0 Mode ref nolog, pipeline - train, run, start, 206540150078045923937719161033525140771, 1787830740.243675, 49, 1, 9949806081743780
1787830740.243837, NoOp Chain Depth 4 Size 0 Mode ref nolog, pipeline - train, run, end, 206540150078045923937719161033525140771, 1787830740.243675, 49, 1, 9949806081896788
1787830740.243870, NoOp Chain Depth 4 Size 0 Mode ref nolog, pipeline - train, run, start, 16741026990852682241693029689097174336, 1787830740.243860, 50, 1, 9949806081929172
1787830740.244059, NoOp Chain Depth 4 Size 0 Mode ref nolog, pipeline - train, run, end, 16741026990852682241693029689097174336, 1787830740.243860, 50, 1, 9949806082119012
1787830740.244144, NoOp Chain Depth 4 Size 0 Mode ref nolog, pipeline - train, run, start, 195931232746967304888515235660631191838, 1787830740.244087, 51, 1, 9949806082203956
1787830740.244236, NoOp Chain Depth 4 Size 0 Mode ref nolog, pipeline - train, run, end, 195931232746967304888515235660631191838, 1787830740.244087, 51, 1, 9949806082295140
1787830740.244267, NoOp Chain Depth 4 Size 0 Mode ref nolog, pipeline - train, run, start, 280651975732018229898938671691831122922, 1787830740.244258, 52, 1, 9949806082326708
1787830740.244461, NoOp Chain Depth 4 Size 0 Mode ref nolog, pipeline - train, run, end, 280651975732018229898938671691831122922, 1787830740.244258, 52, 1, 9949806082520900
1787830740.244550, NoOp Chain Depth 4 Size 0 Mode ref nolog, pipeline - train, run, start, 188444157998982984994413938179755693266, 1787830740.244541, 53, 1, 9949806082609572
1787830740.244637, NoOp Chain Depth 4 Size 0 Mode ref nolog, pipeline - train, run, end, 188444157998982984994413938179755693266, 1787830740.244541, 53, 1, 9949806082696132
1787830740.244751, NoOp Chain Depth 4 Size 0 Mode ref nolog, pipeline - train, run, start, 170784051856443890596277981452432337232, 1787830740.244742, 54, 1, 9949806082810244
1787830740.244908, NoOp Chain Depth 4 Size 0 Mode ref nolog, pipeline - train, run, end, 170784051856443890596277981452432337232, 1787830740.244742, 54, 1, 9949806082967828
1787830740.244941, NoOp Chain Depth 4 Size 0 Mode ref nolog, pipeline - train, run, start, 146677117084535548635962877862233855010, 1787830740.244932, 55, 1, 9949806082999860
1787830740.245095, NoOp Chain Depth 4 Size 0 Mode ref nolog, pipeline - train, run, end, 146677117084535548635962877862233855010, 1787830740.244932, 55, 1, 9949806083154884
1787830740.245127, NoOp Chain Depth 4 Size 0 Mode ref nolog, pipeline - train, run, start, 264302545645996918775600388181536442665, 1787830740.245118, 56, 1, 9949806083186580
1787830740.245269, NoOp Chain Depth 4 Size 0 Mode ref nolog, pipeline - train, run, end, 264302545645996918775600388181536442665, 1787830740.245118, 56, 1, 9949806083328564
1787830740.245358, NoOp Chain Depth 4 Size 0 Mode ref nolog, pipeline - train, run, start, 9924000697141660373677498459973359796, 1787830740.245349, 57, 1, 9949806083417220
1787830740.245517, NoOp Chain Depth 4 Size 0 Mode ref nolog, pipeline - train, run, end, 9924000697141660373677498459973359796, 1787830740.245349, 57, 1, 9949806083576372
1787830740.245549, NoOp Chain Depth 4 Size 0 Mode ref nolog, pipeline - train, run, start, 97594769451449229109591523583349271723, 1787830740.245540, 58, 1, 9949806083608564
1787830740.245710, NoOp Chain Depth 4 Size 0 Mode ref nolog, pipeline - train, run, end, 97594769451449229109591523583349271723, 1787830740.245540, 58, 1, 9949806083769891
1787830740.245742, NoOp Chain Depth 4 Size 0 Mode ref nolog, pipeline - train, run, start, 132746881889736085213358120032414496300, 1787830740.245733, 59, 1, 9949806083801491
1787830740.245931, NoOp Chain Depth 4 Size 0 Mode ref nolog, pipeline - train, run, end, 132746881889736085213358120032414496300, 1787830740.245733, 59, 1, 9949806083990995
1787830740.245965, NoOp Chain Depth 4 Size 0 Mode ref nolog, pipeline - train, run, start, 162738479963706379299559765403805182665, 1787830740.245956, 60, 1, 9949806084024627
1787830740.246080, NoOp Chain Depth 4 Size 0 Mode ref nolog, pipeline - train, run, end, 162738479963706379299559765403805182665, 1787830740.245956, 60, 1, 9949806084139923
1787830740.246193, NoOp Chain Depth 4 Size 0 Mode ref nolog, pipeline - train, run, start, 236961067269127768310886798371855115659, 1787830740.246109, 61, 1, 9949806084252387
1787830740.246297, NoOp Chain Depth 4 Size 0 Mode ref nolog, pipeline - train, run, end, 236961067269127768310886798371855115659, 1787830740.246109, 61, 1, 9949806084356147
1787830740.246332, NoOp Chain Depth 4 Size 0 Mode ref nolog, pipeline - train, run, start, 139804770853662556216868290108550253479, 1787830740.246319, 62, 1, 9949806084391139
1787830740.246417, NoOp Chain Depth 4 Size 0 Mode ref nolog, pipeline - train, run, end, 139804770853662556216868290108550253479, 1787830740.246319, 62, 1, 9949806084476659
1787830740.246454, NoOp Chain Depth 4 Size 0 Mode ref nolog, pipeline - train, run, start, 140815392713687614466018670469381794872, 1787830740.246442, 63, 1, 9949806084513491
1787830740.246544, NoOp Chain Depth 4 Size 0 Mode ref nolog, pipeline - train, run, end, 140815392713687614466018670469381794872, 1787830740.246442, 63, 1, 9949806084603491
1787830740.246579, NoOp Chain Depth 4 Size 0 Mode ref nolog, pipeline - train, run, start, 92719603174497244515423659965091083088, 1787830740.246567, 64, 1, 9949806084638675
1787830740.246666, NoOp Chain Depth 4 Size 0 Mode ref nolog, pipeline - train, run, end, 92719603174497244515423659965091083088, 1787830740.246567, 64, 1, 9949806084725235
1787830740.246697, NoOp Chain Depth 4 Size 0 Mode ref nolog, pipeline - train, run, start, 196965223265967996299904599907988860490, 1787830740.246689, 65, 1, 9949806084756979
1787830740.246784, NoOp Chain Depth 4 Size 0 Mode ref nolog, pipeline - train, run, end, 196965223265967996299904599907988860490, 1787830740.246689, 65, 1, 9949806084843859
1787830740.246816, NoOp Chain Depth 4 Size 0 Mode ref nolog, pipeline - train, run, start, 316076161908887181734528053011143943791, 1787830740.246807, 66, 1, 9949806084875539
1787830740.246903, NoOp Chain Depth 4 Size 0 Mode ref nolog, pipeline - train, run, end, 316076161908887181734528053011143943791, 1787830740.246807, 66, 1, 9949806084962147
1787830740.246936, NoOp Chain Depth 4 Size 0 Mode ref nolog, pipeline - train, run, start, 248493343774430213617850932935805471891, 1787830740.246925, 67, 1, 9949806084994899
1787830740.247033, NoOp Chain Depth 4 Size 0 Mode ref nolog, pipeline - train, run, end, 248493343774430213617850932935805471891, 1787830740.246925, 67, 1, 9949806085092403
1787830740.247082, NoOp Chain Depth 4 Size 0 Mode ref nolog, pipeline - train, run, start, 268058401179380608497797645565339267654, 1787830740.247071, 68, 1, 9949806085142115
1787830740.247530, NoOp Chain Depth 4 Size 0 Mode ref nolog, pipeline - train, run, end, 268058401179380608497797645565339267654, 1787830740.247071, 68, 1, 9949806085589363
1787830740.247562, NoOp Chain Depth 4 Size 0 Mode ref nolog, pipeline - train, run, start, 94684701359095739157043571785620371331, 1787830740.247554, 69, 1, 9949806085621971
1787830740.247647, NoOp Chain Depth 4 Size 0 Mode ref nolog, pipeline - train, run, end, 94684701359095739157043571785620371331, 1787830740.247554, 69, 1, 9949806085706195
1787830740.247679, NoOp Chain Depth 4 Size 0 Mode ref nolog, pipeline - train, run, start, 66504336416438595036223660073573282734, 1787830740.247670, 70, 1, 9949806085738323
1787830740.247770, NoOp Chain Depth 4 Size 0 Mode ref nolog, pipeline - train, run, end, 66504336416438595036223660073573282734, 1787830740.247670, 70, 1, 9949806085829555
1787830740.247807, NoOp Chain Depth 4 Size 0 Mode ref nolog, pipeline - train, run, start, 232729563445583255180413396408056401504, 1787830740.247796, 71, 1, 9949806085866755
1787830740.248019, NoOp Chain Depth 4 Size 0 Mode ref nolog, pipeline - train, run, end, 232729563445583255180413396408056401504, 1787830740.247796, 71, 1, 9949806086077955
1787830740.248051, NoOp Chain Depth 4 Size 0 Mode ref nolog, pipeline - train, run, start, 308972835873721777241818724883210436116, 1787830740.248042, 72, 1, 9949806086110579
1787830740.248136, NoOp Chain Depth 4 Size 0 Mode ref nolog, pipeline - train, run, end, 308972835873721777241818724883210436116, 1787830740.248042, 72, 1, 9949806086195315
1787830740.248168, NoOp Chain Depth 4 Size 0 Mode ref nolog, pipeline - train, run, start, 142603642364559600880358649646673010242, 1787830740.248158, 73, 1, 9949806086226915
1787830740.248375, NoOp Chain Depth 4 Size 0 Mode ref nolog, pipeline - train, run, end, 142603642364559600880358649646673010242, 1787830740.248158, 73, 1, 9949806086434467
1787830740.248407, NoOp Chain Depth 4 Size 0 Mode ref nolog, pipeline - train, run, start, 128407825679619806298705847584763107393, 1787830740.248398, 74, 1, 9949806086466563
1787830740.248494, NoOp Chain Depth 4 Size 0 Mode ref nolog, pipeline - train, run, end, 128407825679619806298705847584763107393, 1787830740.248398, 74, 1, 9949806086553475
1787830740.248526, NoOp Chain Depth 4 Size 0 Mode ref nolog, pipeline - train, run, start, 48835918456482932449766420822789264524, 1787830740.248517, 75, 1, 9949806086585475
1787830740.248615, NoOp Chain Depth 4 Size 0 Mode ref nolog, pipeline - train, run, end, 48835918456482932449766420822789264524, 1787830740.248517, 75, 1, 9949806086674483
1787830740.248652, NoOp Chain Depth 4 Size 0 Mode ref nolog, pipeline - train, run, start, 230387400795697878187232318615020238348, 1787830740.248641, 76, 1, 9949806086711827
1787830740.248854, NoOp Chain Depth 4 Size 0 Mode ref nolog, pipeline - train, run, end, 230387400795697878187232318615020238348, 1787830740.248641, 76, 1, 9949806086913874
1787830740.248887, NoOp Chain Depth 4 Size 0 Mode ref nolog, pipeline - train, run, start, 215062548398034416752945162832116031914, 1787830740.248878, 77, 1, 9949806086945874
1787830740.248977, NoOp Chain Depth 4 Size 0 Mode ref nolog, pipeline - train, run, end, 215062548398034416752945162832116031914, 1787830740.248878, 77, 1, 9949806087036514
1787830740.249011, NoOp Chain Depth 4 Size 0 Mode ref nolog, pipeline - train, run, start, 181637261528343020490857000397060996917, 1787830740.249002, 78, 1, 9949806087070338
1787830740.249096, NoOp Chain Depth 4 Size 0 Mode ref nolog, pipeline - train, run, end, 181637261528343020490857000397060996917, 1787830740.249002, 78, 1, 9949806087156050
1787830740.249251, NoOp Chain Depth 4 Size 0 Mode ref nolog, pipeline - train, run, start, 276658429187931112147636684360975225258, 1787830740.249242, 79, 1, 9949806087310658
1787830740.249336, NoOp Chain Depth 4 Size 0 Mode ref nolog, pipeline - train, run, end, 276658429187931112147636684360975225258, 1787830740.249242, 79, 1, 9949806087396418
1787830740.249373, NoOp Chain Depth 4 Size 0 Mode ref nolog, pipeline - train, run, start, 225634269527646173719794592495120597086, 1787830740.249363, 80, 1, 9949806087432706
1787830740.249457, NoOp Chain Depth 4 Size 0 Mode ref nolog, pipeline - train, run, end, 225634269527646173719794592495120597086, 1787830740.249363, 80, 1, 9949806087516882
1787830740.249490, NoOp Chain Depth 4 Size 0 Mode ref nolog, pipeline - train, run, start, 231233353513682009144495017547020834736, 1787830740.249480, 81, 1, 9949806087549474
1787830740.249696, NoOp Chain Depth 4 Size 0 Mode ref nolog, pipeline - train, run, end, 231233353513682009144495017547020834736, 1787830740.249480, 81, 1, 9949806087755586
1787830740.249728, NoOp Chain Depth 4 Size 0 Mode ref nolog, pipeline - train, run, start, 84916871141248256686914309838967977117, 1787830740.249720, 82, 1, 9949806087787954
1787830740.249814, NoOp Chain Depth 4 Size 0 Mode ref nolog, pipeline - train, run, end, 84916871141248256686914309838967977117, 1787830740.249720, 82, 1, 9949806087873714
1787830740.249846, NoOp Chain Depth 4 Size 0 Mode ref nolog, pipeline - train, run, start, 296370595805972724965502584948445232188, 1787830740.249837, 83, 1, 9949806087905634
1787830740.249937, NoOp Chain Depth 4 Size 0 Mode ref nolog, pipeline - train, run, end, 296370595805972724965502584948445232188, 1787830740.249837, 83, 1, 9949806087996066
1787830740.250093, NoOp Chain Depth 4 Size 0 Mode ref nolog, pipeline - train, run, start, 247233836899350770921064201503467471009, 1787830740.250083, 84, 1, 9949806088152194
1787830740.250178, NoOp Chain Depth 4 Size 0 Mode ref nolog, pipeline - train, run, end, 247233836899350770921064201503467471009, 1787830740.250083, 84, 1, 9949806088237906
1787830740.250211, NoOp Chain Depth 4 Size 0 Mode ref nolog, pipeline - train, run, start, 113024641518566579891221266974593335310, 1787830740.250202, 85, 1, 9949806088270402
1787830740.250297, NoOp Chain Depth 4 Size 0 Mode ref nolog, pipeline - train, run, end, 113024641518566579891221266974593335310, 1787830740.250202, 85, 1, 9949806088356658
1787830740.250331, NoOp Chain Depth 4 Size 0 Mode ref nolog, pipeline - train, run, start, 194755898579706919794181915184689043706, 1787830740.250322, 86, 1, 9949806088390674
1787830740.250426, NoOp Chain Depth 4 Size 0 Mode ref nolog, pipeline - train, run, end, 194755898579706919794181915184689043706, 1787830740.250322, 86, 1, 9949806088486002
1787830740.250580, NoOp Chain Depth 4 Size 0 Mode ref nolog, pipeline - train, run, start, 187598172439537646953079824594128432576, 1787830740.250571, 87, 1, 9949806088639762
1787830740.250665, NoOp Chain Depth 4 Size 0 Mode ref nolog, pipeline - train, run, end, 187598172439537646953079824594128432576, 1787830740.250571, 87, 1, 9949806088724354
1787830740.250697, NoOp Chain Depth 4 Size 0 Mode ref nolog, pipeline - train, run, start, 130570444150508189690129132267012127511, 1787830740.250689, 88, 1, 9949806088756866
1787830740.250786, NoOp Chain Depth 4 Size 0 Mode ref nolog, pipeline - train, run, end, 130570444150508189690129132267012127511, 1787830740.250689, 88, 1, 9949806088845010
1787830740.250824, NoOp Chain Depth 4 Size 0 Mode ref nolog, pipeline - train, run, start, 212447418124410724018681875375331997613, 1787830740.250812, 89, 1, 9949806088883010
1787830740.251029, NoOp Chain Depth 4 Size 0 Mode ref nolog, pipeline - train, run, end, 212447418124410724018681875375331997613, 1787830740.250812, 89, 1, 9949806089089106
1787830740.251063, NoOp Chain Depth 4 Size 0 Mode ref nolog, pipeline - train, run, start, 98203042601287732743597642217532408336, 1787830740.251054, 90, 1, 9949806089121874
1787830740.251148, NoOp Chain Depth 4 Size 0 Mode ref nolog, pipeline - train, run, end, 98203042601287732743597642217532408336, 1787830740.251054, 90, 1, 9949806089207954
1787830740.251207, NoOp Chain Depth 4 Size 0 Mode ref nolog, pipeline - train, run, start, 71712784363972924607832279606153490271, 1787830740.251197, 91, 1, 9949806089266434
1787830740.251303, NoOp Chain Depth 4 Size 0 Mode ref nolog, pipeline - train, run, end, 71712784363972924607832279606153490271, 1787830740.251197, 91, 1, 9949806089362082
1787830740.251340, NoOp Chain Depth 4 Size 0 Mode ref nolog, pipeline - train, run, start, 321093456884587497270653250345080900814, 1787830740.251329, 92, 1, 9949806089399746
1787830740.251437, NoOp Chain Depth 4 Size 0 Mode ref nolog, pipeline - train, run, end, 321093456884587497270653250345080900814, 1787830740.251329, 92, 1, 9949806089496450
1787830740.251474, NoOp Chain Depth 4 Size 0 Mode ref nolog, pipeline - train, run, start, 30484912548013507652650906468918773626, 1787830740.251463, 93, 1, 9949806089533458
1787830740.251676, NoOp Chain Depth 4 Size 0 Mode ref nolog, pipeline - train, run, end, 30484912548013507652650906468918773626, 1787830740.251463, 93, 1, 9949806089735538
1787830740.251710, NoOp Chain Depth 4 Size 0 Mode ref nolog, pipeline - train, run, start, 297711039518997865625407533336024437000, 1787830740.251699, 94, 1, 9949806089769122
1787830740.251908, NoOp Chain Depth 4 Size 0 Mode ref nolog, pipeline - train, run, end, 297711039518997865625407533336024437000, 1787830740.251699, 94, 1, 9949806089967425
1787830740.251942, NoOp Chain Depth 4 Size 0 Mode ref nolog, pipeline - train, run, start, 6590003977856598594884851336573551083, 1787830740.251932, 95, 1, 9949806090002465
1787830740.252031, NoOp Chain Depth 4 Size 0 Mode ref nolog, pipeline - train, run, end, 6590003977856598594884851336573551083, 1787830740.251932, 95, 1, 9949806090090897
1787830740.252065, NoOp Chain Depth 4 Size 0 Mode ref nolog, pipeline - train, run, start, 224834997115072967786865536650382835365, 1787830740.252055, 96, 1, 9949806090124929
1787830740.252150, NoOp Chain Depth 4 Size 0 Mode ref nolog, pipeline - train, run, end, 224834997115072967786865536650382835365, 1787830740.252055, 96, 1, 9949806090209857
1787830740.252185, NoOp Chain Depth 4 Size 0 Mode ref nolog, pipeline - train, run, start, 17861181470510067888010820718742333553, 1787830740.252174, 97, 1, 9949806090243841
1787830740.252386, NoOp Chain Depth 4 Size 0 Mode ref nolog, pipeline - train, run, end, 17861181470510067888010820718742333553, 1787830740.252174, 97, 1, 9949806090445217
1787830740.252418, NoOp Chain Depth 4 Size 0 Mode ref nolog, pipeline - train, run, start, 78658073654507042807922576491754948391, 1787830740.252409, 98, 1, 9949806090477345
1787830740.252504, NoOp Chain Depth 4 Size 0 Mode ref nolog, pipeline - train, run, end, 78658073654507042807922576491754948391, 1787830740.252409, 98, 1, 9949806090563169
1787830740.252535, NoOp Chain Depth 4 Size 0 Mode ref nolog, pipeline - train, run, start, 228065464301383760399378281218489865927, 1787830740.252526, 99, 1, 9949806090594657
1787830740.252628, NoOp Chain Depth 4 Size 0 Mode ref nolog, pipeline - train, run, end, 228065464301383760399378281218489865927, 1787830740.252526, 99, 1, 9949806090687233
1787830740.252780, NoOp Chain Depth 4 Size 0 Mode ref nolog, pipeline - train, run, start, 195134592286408003200452002139339075920, 1787830740.252770, 100, 1, 9949806090839249
1787830740.252864, NoOp Chain Depth 4 Size 0 Mode ref nolog, pipeline - train, run, end, 195134592286408003200452002139339075920, 1787830740.252770, 100, 1, 9949806090923665
1787830740.252920, NoOp Chain Depth 4 Size 0 Mode ref nolog, pipeline - train, run, start, 37097011351848019018480256480767311844, 1787830740.252887, 101, 1, 9949806090979985
1787830740.253025, NoOp Chain Depth 4 Size 0 Mode ref nolog, pipeline - train, run, end, 37097011351848019018480256480767311844, 1787830740.252887, 101, 1, 9949806091085585
1787830740.265922, choreo, spans, emitted, 1214, 9949806104159933
