1787667687.763466, NoOp Chain Depth 1 Size 0 Mode ref, pipeline, prepare, start, 215864710820208
1787667687.764083, NoOp Chain Depth 1 Size 0 Mode ref, pipeline, prepare, end, 215864711097875
1787667687.764526, NoOp Chain Depth 1 Size 0 Mode ref, pipeline - train, run, start, 132327789210178417154447757180469020079, 1787667687.764462, 1, 1, 215864711540666
1787667687.764642, NoOp Chain Depth 1 Size 0 Mode ref, Ref Stage 0, run, start, 215864711652416
1787667687.764699, NoOp Chain Depth 1 Size 0 Mode ref, Ref Stage 0, run, end, 215864711708625
1787667687.764759, NoOp Chain Depth 1 Size 0 Mode ref, pipeline - train, run, end, 132327789210178417154447757180469020079, 1787667687.764462, 1, 1, 215864711768041
1787667687.764934, NoOp Chain Depth 1 Size 0 Mode ref, pipeline - train, run, start, 21871378877945451017092880815751717346, 1787667687.764890, 2, 1, 215864711943500
1787667687.765003, NoOp Chain Depth 1 Size 0 Mode ref, Ref Stage 0, run, start, 215864712012250
1787667687.765067, NoOp Chain Depth 1 Size 0 Mode ref, Ref Stage 0, run, end, 215864712079416
1787667687.765133, NoOp Chain Depth 1 Size 0 Mode ref, pipeline - train, run, end, 21871378877945451017092880815751717346, 1787667687.764890, 2, 1, 215864712144958
1787667687.765370, NoOp Chain Depth 1 Size 0 Mode ref, pipeline - train, run, start, 226894269166148547949400208667977462536, 1787667687.765334, 3, 1, 215864712380666
1787667687.765462, NoOp Chain Depth 1 Size 0 Mode ref, Ref Stage 0, run, start, 215864712481208
1787667687.765556, NoOp Chain Depth 1 Size 0 Mode ref, Ref Stage 0, run, end, 215864712566708
1787667687.765643, NoOp Chain Depth 1 Size 0 Mode ref, pipeline - train, run, end, 226894269166148547949400208667977462536, 1787667687.765334, 3, 1, 215864712653833
1787667687.765835, NoOp Chain Depth 1 Size 0 Mode ref, pipeline - train, run, start, 212925924756344955051981033582152224603, 1787667687.765798, 4, 1, 215864712848791
1787667687.765924, NoOp Chain Depth 1 Size 0 Mode ref, Ref Stage 0, run, start, 215864712936458
1787667687.765977, NoOp Chain Depth 1 Size 0 Mode ref, Ref Stage 0, run, end, 215864712987541
1787667687.766028, NoOp Chain Depth 1 Size 0 Mode ref, pipeline - train, run, end, 212925924756344955051981033582152224603, 1787667687.765798, 4, 1, 215864713037083
1787667687.766171, NoOp Chain Depth 1 Size 0 Mode ref, pipeline - train, run, start, 207793056084537429967910389279114061789, 1787667687.766133, 5, 1, 215864713182916
1787667687.766247, NoOp Chain Depth 1 Size 0 Mode ref, Ref Stage 0, run, start, 215864713257125
1787667687.766297, NoOp Chain Depth 1 Size 0 Mode ref, Ref Stage 0, run, end, 215864713307125
1787667687.766350, NoOp Chain Depth 1 Size 0 Mode ref, pipeline - train, run, end, 207793056084537429967910389279114061789, 1787667687.766133, 5, 1, 215864713359791
1787667687.766484, NoOp Chain Depth 1 Size 0 Mode ref, pipeline - train, run, start, 310113465350912923941290821713657546125, 1787667687.766454, 6, 1, 215864713493958
1787667687.766562, NoOp Chain Depth 1 Size 0 Mode ref, Ref Stage 0, run, start, 215864713571541
1787667687.766613, NoOp Chain Depth 1 Size 0 Mode ref, Ref Stage 0, run, end, 215864713623750
1787667687.766666, NoOp Chain Depth 1 Size 0 Mode ref, pipeline - train, run, end, 310113465350912923941290821713657546125, 1787667687.766454, 6, 1, 215864713675208
1787667687.766789, NoOp Chain Depth 1 Size 0 Mode ref, pipeline - train, run, start, 265179792387149778980999619883607461746, 1787667687.766763, 7, 1, 215864713798708
1787667687.766859, NoOp Chain Depth 1 Size 0 Mode ref, Ref Stage 0, run, start, 215864713867916
1787667687.766966, NoOp Chain Depth 1 Size 0 Mode ref, Ref Stage 0, run, end, 215864713975083
1787667687.767021, NoOp Chain Depth 1 Size 0 Mode ref, pipeline - train, run, end, 265179792387149778980999619883607461746, 1787667687.766763, 7, 1, 215864714032500
1787667687.767164, NoOp Chain Depth 1 Size 0 Mode ref, pipeline - train, run, start, 240530348814506937172989844934360460615, 1787667687.767128, 8, 1, 215864714173958
1787667687.767221, NoOp Chain Depth 1 Size 0 Mode ref, Ref Stage 0, run, start, 215864714231083
1787667687.767274, NoOp Chain Depth 1 Size 0 Mode ref, Ref Stage 0, run, end, 215864714283250
1787667687.767316, NoOp Chain Depth 1 Size 0 Mode ref, pipeline - train, run, end, 240530348814506937172989844934360460615, 1787667687.767128, 8, 1, 215864714329541
1787667687.767483, NoOp Chain Depth 1 Size 0 Mode ref, pipeline - train, run, start, 237334689792153401216945552755530699711, 1787667687.767446, 9, 1, 215864714495333
1787667687.767563, NoOp Chain Depth 1 Size 0 Mode ref, Ref Stage 0, run, start, 215864714573875
1787667687.767616, NoOp Chain Depth 1 Size 0 Mode ref, Ref Stage 0, run, end, 215864714625375
1787667687.767643, NoOp Chain Depth 1 Size 0 Mode ref, pipeline - train, run, end, 237334689792153401216945552755530699711, 1787667687.767446, 9, 1, 215864714651625
1787667687.767794, NoOp Chain Depth 1 Size 0 Mode ref, pipeline - train, run, start, 104389657071262310475716472742423337012, 1787667687.767752, 10, 1, 215864714804416
1787667687.767858, NoOp Chain Depth 1 Size 0 Mode ref, Ref Stage 0, run, start, 215864714867791
1787667687.767909, NoOp Chain Depth 1 Size 0 Mode ref, Ref Stage 0, run, end, 215864714919291
1787667687.767958, NoOp Chain Depth 1 Size 0 Mode ref, pipeline - train, run, end, 104389657071262310475716472742423337012, 1787667687.767752, 10, 1, 215864714967083
1787667687.768073, NoOp Chain Depth 1 Size 0 Mode ref, pipeline - train, run, start, 20472112672583609890568664606791005868, 1787667687.768048, 11, 1, 215864715083083
1787667687.768145, NoOp Chain Depth 1 Size 0 Mode ref, Ref Stage 0, run, start, 215864715154000
1787667687.768193, NoOp Chain Depth 1 Size 0 Mode ref, Ref Stage 0, run, end, 215864715201833
1787667687.768240, NoOp Chain Depth 1 Size 0 Mode ref, pipeline - train, run, end, 20472112672583609890568664606791005868, 1787667687.768048, 11, 1, 215864715249125
1787667687.768352, NoOp Chain Depth 1 Size 0 Mode ref, pipeline - train, run, start, 150737099742112276121923882638290218374, 1787667687.768327, 12, 1, 215864715362041
1787667687.768416, NoOp Chain Depth 1 Size 0 Mode ref, Ref Stage 0, run, start, 215864715424875
1787667687.768461, NoOp Chain Depth 1 Size 0 Mode ref, Ref Stage 0, run, end, 215864715469416
1787667687.768507, NoOp Chain Depth 1 Size 0 Mode ref, pipeline - train, run, end, 150737099742112276121923882638290218374, 1787667687.768327, 12, 1, 215864715517250
1787667687.768643, NoOp Chain Depth 1 Size 0 Mode ref, pipeline - train, run, start, 154914093748075575010982686321445424009, 1787667687.768603, 13, 1, 215864715653375
1787667687.768709, NoOp Chain Depth 1 Size 0 Mode ref, Ref Stage 0, run, start, 215864715718458
1787667687.768753, NoOp Chain Depth 1 Size 0 Mode ref, Ref Stage 0, run, end, 215864715762666
1787667687.768798, NoOp Chain Depth 1 Size 0 Mode ref, pipeline - train, run, end, 154914093748075575010982686321445424009, 1787667687.768603, 13, 1, 215864715806666
1787667687.768921, NoOp Chain Depth 1 Size 0 Mode ref, pipeline - train, run, start, 211611882102037263085718333293557008379, 1787667687.768891, 14, 1, 215864715931625
1787667687.768975, NoOp Chain Depth 1 Size 0 Mode ref, Ref Stage 0, run, start, 215864715984708
1787667687.769034, NoOp Chain Depth 1 Size 0 Mode ref, Ref Stage 0, run, end, 215864716043208
1787667687.769087, NoOp Chain Depth 1 Size 0 Mode ref, pipeline - train, run, end, 211611882102037263085718333293557008379, 1787667687.768891, 14, 1, 215864716095958
1787667687.769233, NoOp Chain Depth 1 Size 0 Mode ref, pipeline - train, run, start, 166643820679859766146772994108899508162, 1787667687.769189, 15, 1, 215864716242250
1787667687.769290, NoOp Chain Depth 1 Size 0 Mode ref, Ref Stage 0, run, start, 215864716300958
1787667687.769339, NoOp Chain Depth 1 Size 0 Mode ref, Ref Stage 0, run, end, 215864716348791
1787667687.769390, NoOp Chain Depth 1 Size 0 Mode ref, pipeline - train, run, end, 166643820679859766146772994108899508162, 1787667687.769189, 15, 1, 215864716400250
1787667687.769512, NoOp Chain Depth 1 Size 0 Mode ref, pipeline - train, run, start, 286468031595665042413738515651164339906, 1787667687.769485, 16, 1, 215864716522000
1787667687.769580, NoOp Chain Depth 1 Size 0 Mode ref, Ref Stage 0, run, start, 215864716590333
1787667687.769623, NoOp Chain Depth 1 Size 0 Mode ref, Ref Stage 0, run, end, 215864716631833
1787667687.769669, NoOp Chain Depth 1 Size 0 Mode ref, pipeline - train, run, end, 286468031595665042413738515651164339906, 1787667687.769485, 16, 1, 215864716677916
1787667687.769784, NoOp Chain Depth 1 Size 0 Mode ref, pipeline - train, run, start, 289938034671091296773298220942682536428, 1787667687.769755, 17, 1, 215864716794125
1787667687.769852, NoOp Chain Depth 1 Size 0 Mode ref, Ref Stage 0, run, start, 215864716861000
1787667687.769895, NoOp Chain Depth 1 Size 0 Mode ref, Ref Stage 0, run, end, 215864716903666
1787667687.769939, NoOp Chain Depth 1 Size 0 Mode ref, pipeline - train, run, end, 289938034671091296773298220942682536428, 1787667687.769755, 17, 1, 215864716948041
1787667687.770051, NoOp Chain Depth 1 Size 0 Mode ref, pipeline - train, run, start, 80335968414533256919898396759259207536, 1787667687.770022, 18, 1, 215864717060791
1787667687.770115, NoOp Chain Depth 1 Size 0 Mode ref, Ref Stage 0, run, start, 215864717124333
1787667687.770161, NoOp Chain Depth 1 Size 0 Mode ref, Ref Stage 0, run, end, 215864717170458
1787667687.770214, NoOp Chain Depth 1 Size 0 Mode ref, pipeline - train, run, end, 80335968414533256919898396759259207536, 1787667687.770022, 18, 1, 215864717224333
1787667687.770336, NoOp Chain Depth 1 Size 0 Mode ref, pipeline - train, run, start, 334165604041890272212138923514548756722, 1787667687.770311, 19, 1, 215864717345250
1787667687.770403, NoOp Chain Depth 1 Size 0 Mode ref, Ref Stage 0, run, start, 215864717411541
1787667687.770447, NoOp Chain Depth 1 Size 0 Mode ref, Ref Stage 0, run, end, 215864717456166
1787667687.770493, NoOp Chain Depth 1 Size 0 Mode ref, pipeline - train, run, end, 334165604041890272212138923514548756722, 1787667687.770311, 19, 1, 215864717503041
1787667687.770613, NoOp Chain Depth 1 Size 0 Mode ref, pipeline - train, run, start, 74648614723888778899299336568102176291, 1787667687.770586, 20, 1, 215864717622125
1787667687.770683, NoOp Chain Depth 1 Size 0 Mode ref, Ref Stage 0, run, start, 215864717693416
1787667687.770735, NoOp Chain Depth 1 Size 0 Mode ref, Ref Stage 0, run, end, 215864717744041
1787667687.770780, NoOp Chain Depth 1 Size 0 Mode ref, pipeline - train, run, end, 74648614723888778899299336568102176291, 1787667687.770586, 20, 1, 215864717788541
1787667687.770910, NoOp Chain Depth 1 Size 0 Mode ref, pipeline - train, run, start, 339131822458561190960276679382553879055, 1787667687.770873, 21, 1, 215864717919750
1787667687.770966, NoOp Chain Depth 1 Size 0 Mode ref, Ref Stage 0, run, start, 215864717975541
1787667687.771011, NoOp Chain Depth 1 Size 0 Mode ref, Ref Stage 0, run, end, 215864718019625
1787667687.771056, NoOp Chain Depth 1 Size 0 Mode ref, pipeline - train, run, end, 339131822458561190960276679382553879055, 1787667687.770873, 21, 1, 215864718065875
1787667687.771184, NoOp Chain Depth 1 Size 0 Mode ref, pipeline - train, run, start, 180316325368928473129637411623413825904, 1787667687.771145, 22, 1, 215864718192333
1787667687.771248, NoOp Chain Depth 1 Size 0 Mode ref, Ref Stage 0, run, start, 215864718258500
1787667687.771295, NoOp Chain Depth 1 Size 0 Mode ref, Ref Stage 0, run, end, 215864718304125
1787667687.771340, NoOp Chain Depth 1 Size 0 Mode ref, pipeline - train, run, end, 180316325368928473129637411623413825904, 1787667687.771145, 22, 1, 215864718348458
1787667687.771458, NoOp Chain Depth 1 Size 0 Mode ref, pipeline - train, run, start, 127570793270038703549344313874606085449, 1787667687.771431, 23, 1, 215864718467583
1787667687.771529, NoOp Chain Depth 1 Size 0 Mode ref, Ref Stage 0, run, start, 215864718537875
1787667687.771580, NoOp Chain Depth 1 Size 0 Mode ref, Ref Stage 0, run, end, 215864718589958
1787667687.771635, NoOp Chain Depth 1 Size 0 Mode ref, pipeline - train, run, end, 127570793270038703549344313874606085449, 1787667687.771431, 23, 1, 215864718644875
1787667687.771759, NoOp Chain Depth 1 Size 0 Mode ref, pipeline - train, run, start, 307552016692616252626013090689145240669, 1787667687.771728, 24, 1, 215864718769041
1787667687.771828, NoOp Chain Depth 1 Size 0 Mode ref, Ref Stage 0, run, start, 215864718837791
1787667687.771872, NoOp Chain Depth 1 Size 0 Mode ref, Ref Stage 0, run, end, 215864718881166
1787667687.771921, NoOp Chain Depth 1 Size 0 Mode ref, pipeline - train, run, end, 307552016692616252626013090689145240669, 1787667687.771728, 24, 1, 215864718929958
1787667687.772050, NoOp Chain Depth 1 Size 0 Mode ref, pipeline - train, run, start, 188768600446763149442366624615707600725, 1787667687.772018, 25, 1, 215864719059750
1787667687.772124, NoOp Chain Depth 1 Size 0 Mode ref, Ref Stage 0, run, start, 215864719132916
1787667687.772179, NoOp Chain Depth 1 Size 0 Mode ref, Ref Stage 0, run, end, 215864719189250
1787667687.772230, NoOp Chain Depth 1 Size 0 Mode ref, pipeline - train, run, end, 188768600446763149442366624615707600725, 1787667687.772018, 25, 1, 215864719239375
1787667687.772354, NoOp Chain Depth 1 Size 0 Mode ref, pipeline - train, run, start, 142728843505185180933241900787545240791, 1787667687.772318, 26, 1, 215864719362833
1787667687.772431, NoOp Chain Depth 1 Size 0 Mode ref, Ref Stage 0, run, start, 215864719440083
1787667687.772478, NoOp Chain Depth 1 Size 0 Mode ref, Ref Stage 0, run, end, 215864719487750
1787667687.772526, NoOp Chain Depth 1 Size 0 Mode ref, pipeline - train, run, end, 142728843505185180933241900787545240791, 1787667687.772318, 26, 1, 215864719535083
1787667687.772661, NoOp Chain Depth 1 Size 0 Mode ref, pipeline - train, run, start, 40647417604912541396515671125147876201, 1787667687.772628, 27, 1, 215864719669875
1787667687.772729, NoOp Chain Depth 1 Size 0 Mode ref, Ref Stage 0, run, start, 215864719738083
1787667687.772770, NoOp Chain Depth 1 Size 0 Mode ref, Ref Stage 0, run, end, 215864719779041
1787667687.772821, NoOp Chain Depth 1 Size 0 Mode ref, pipeline - train, run, end, 40647417604912541396515671125147876201, 1787667687.772628, 27, 1, 215864719829458
1787667687.772962, NoOp Chain Depth 1 Size 0 Mode ref, pipeline - train, run, start, 287105464182441447760016624589538023185, 1787667687.772924, 28, 1, 215864719972041
1787667687.773028, NoOp Chain Depth 1 Size 0 Mode ref, Ref Stage 0, run, start, 215864720037250
1787667687.773074, NoOp Chain Depth 1 Size 0 Mode ref, Ref Stage 0, run, end, 215864720084375
1787667687.773125, NoOp Chain Depth 1 Size 0 Mode ref, pipeline - train, run, end, 287105464182441447760016624589538023185, 1787667687.772924, 28, 1, 215864720134666
1787667687.773255, NoOp Chain Depth 1 Size 0 Mode ref, pipeline - train, run, start, 263813102491014794706076677906298835855, 1787667687.773224, 29, 1, 215864720263750
1787667687.773335, NoOp Chain Depth 1 Size 0 Mode ref, Ref Stage 0, run, start, 215864720343958
1787667687.773385, NoOp Chain Depth 1 Size 0 Mode ref, Ref Stage 0, run, end, 215864720394208
1787667687.773434, NoOp Chain Depth 1 Size 0 Mode ref, pipeline - train, run, end, 263813102491014794706076677906298835855, 1787667687.773224, 29, 1, 215864720443333
1787667687.773566, NoOp Chain Depth 1 Size 0 Mode ref, pipeline - train, run, start, 158052991338882623904569315834409902762, 1787667687.773537, 30, 1, 215864720576458
1787667687.773644, NoOp Chain Depth 1 Size 0 Mode ref, Ref Stage 0, run, start, 215864720654208
1787667687.773689, NoOp Chain Depth 1 Size 0 Mode ref, Ref Stage 0, run, end, 215864720697708
1787667687.773737, NoOp Chain Depth 1 Size 0 Mode ref, pipeline - train, run, end, 158052991338882623904569315834409902762, 1787667687.773537, 30, 1, 215864720745708
1787667687.773867, NoOp Chain Depth 1 Size 0 Mode ref, pipeline - train, run, start, 34223223213091847537876166547301677997, 1787667687.773825, 31, 1, 215864720876666
1787667687.773930, NoOp Chain Depth 1 Size 0 Mode ref, Ref Stage 0, run, start, 215864720938916
1787667687.773976, NoOp Chain Depth 1 Size 0 Mode ref, Ref Stage 0, run, end, 215864720984625
1787667687.774020, NoOp Chain Depth 1 Size 0 Mode ref, pipeline - train, run, end, 34223223213091847537876166547301677997, 1787667687.773825, 31, 1, 215864721029083
1787667687.774158, NoOp Chain Depth 1 Size 0 Mode ref, pipeline - train, run, start, 272802410824904604606259643085534671783, 1787667687.774120, 32, 1, 215864721167875
1787667687.774220, NoOp Chain Depth 1 Size 0 Mode ref, Ref Stage 0, run, start, 215864721228958
1787667687.774264, NoOp Chain Depth 1 Size 0 Mode ref, Ref Stage 0, run, end, 215864721272875
1787667687.774306, NoOp Chain Depth 1 Size 0 Mode ref, pipeline - train, run, end, 272802410824904604606259643085534671783, 1787667687.774120, 32, 1, 215864721314791
1787667687.774427, NoOp Chain Depth 1 Size 0 Mode ref, pipeline - train, run, start, 133553827758130917503081058420905389960, 1787667687.774400, 33, 1, 215864721435875
1787667687.774496, NoOp Chain Depth 1 Size 0 Mode ref, Ref Stage 0, run, start, 215864721506583
1787667687.774538, NoOp Chain Depth 1 Size 0 Mode ref, Ref Stage 0, run, end, 215864721547333
1787667687.774583, NoOp Chain Depth 1 Size 0 Mode ref, pipeline - train, run, end, 133553827758130917503081058420905389960, 1787667687.774400, 33, 1, 215864721591708
1787667687.774689, NoOp Chain Depth 1 Size 0 Mode ref, pipeline - train, run, start, 229109372816013822113268703623899112628, 1787667687.774665, 34, 1, 215864721698958
1787667687.774753, NoOp Chain Depth 1 Size 0 Mode ref, Ref Stage 0, run, start, 215864721762541
1787667687.774798, NoOp Chain Depth 1 Size 0 Mode ref, Ref Stage 0, run, end, 215864721807750
1787667687.774872, NoOp Chain Depth 1 Size 0 Mode ref, pipeline - train, run, end, 229109372816013822113268703623899112628, 1787667687.774665, 34, 1, 215864721882291
1787667687.774987, NoOp Chain Depth 1 Size 0 Mode ref, pipeline - train, run, start, 169168792435307041267672930146143377561, 1787667687.774962, 35, 1, 215864721996166
1787667687.775061, NoOp Chain Depth 1 Size 0 Mode ref, Ref Stage 0, run, start, 215864722069625
1787667687.775105, NoOp Chain Depth 1 Size 0 Mode ref, Ref Stage 0, run, end, 215864722113250
1787667687.775129, NoOp Chain Depth 1 Size 0 Mode ref, pipeline - train, run, end, 169168792435307041267672930146143377561, 1787667687.774962, 35, 1, 215864722137375
1787667687.775255, NoOp Chain Depth 1 Size 0 Mode ref, pipeline - train, run, start, 185617242997060039952910907594007282780, 1787667687.775228, 36, 1, 215864722265416
1787667687.775302, NoOp Chain Depth 1 Size 0 Mode ref, Ref Stage 0, run, start, 215864722310375
1787667687.775333, NoOp Chain Depth 1 Size 0 Mode ref, Ref Stage 0, run, end, 215864722341541
1787667687.775370, NoOp Chain Depth 1 Size 0 Mode ref, pipeline - train, run, end, 185617242997060039952910907594007282780, 1787667687.775228, 36, 1, 215864722384333
1787667687.775459, NoOp Chain Depth 1 Size 0 Mode ref, pipeline - train, run, start, 325286510193670771332242475099914823883, 1787667687.775437, 37, 1, 215864722470375
1787667687.775507, NoOp Chain Depth 1 Size 0 Mode ref, Ref Stage 0, run, start, 215864722518333
1787667687.775551, NoOp Chain Depth 1 Size 0 Mode ref, Ref Stage 0, run, end, 215864722561500
1787667687.775569, NoOp Chain Depth 1 Size 0 Mode ref, pipeline - train, run, end, 325286510193670771332242475099914823883, 1787667687.775437, 37, 1, 215864722577958
1787667687.775643, NoOp Chain Depth 1 Size 0 Mode ref, pipeline - train, run, start, 245735406492071872431102811229235157688, 1787667687.775627, 38, 1, 215864722651875
1787667687.775677, NoOp Chain Depth 1 Size 0 Mode ref, Ref Stage 0, run, start, 215864722686166
1787667687.775709, NoOp Chain Depth 1 Size 0 Mode ref, Ref Stage 0, run, end, 215864722717583
1787667687.775722, NoOp Chain Depth 1 Size 0 Mode ref, pipeline - train, run, end, 245735406492071872431102811229235157688, 1787667687.775627, 38, 1, 215864722730750
1787667687.775785, NoOp Chain Depth 1 Size 0 Mode ref, pipeline - train, run, start, 337017143689559136002545353730830022480, 1787667687.775772, 39, 1, 215864722795666
1787667687.775821, NoOp Chain Depth 1 Size 0 Mode ref, Ref Stage 0, run, start, 215864722829750
1787667687.775850, NoOp Chain Depth 1 Size 0 Mode ref, Ref Stage 0, run, end, 215864722858375
1787667687.775891, NoOp Chain Depth 1 Size 0 Mode ref, pipeline - train, run, end, 337017143689559136002545353730830022480, 1787667687.775772, 39, 1, 215864722904250
1787667687.775992, NoOp Chain Depth 1 Size 0 Mode ref, pipeline - train, run, start, 3915258897873018757691387282559622629, 1787667687.775968, 40, 1, 215864723002000
1787667687.776053, NoOp Chain Depth 1 Size 0 Mode ref, Ref Stage 0, run, start, 215864723065791
1787667687.776102, NoOp Chain Depth 1 Size 0 Mode ref, Ref Stage 0, run, end, 215864723110541
1787667687.776138, NoOp Chain Depth 1 Size 0 Mode ref, pipeline - train, run, end, 3915258897873018757691387282559622629, 1787667687.775968, 40, 1, 215864723150166
1787667687.776222, NoOp Chain Depth 1 Size 0 Mode ref, pipeline - train, run, start, 33672489436175804419192637234865041726, 1787667687.776203, 41, 1, 215864723231041
1787667687.776276, NoOp Chain Depth 1 Size 0 Mode ref, Ref Stage 0, run, start, 215864723288083
1787667687.776322, NoOp Chain Depth 1 Size 0 Mode ref, Ref Stage 0, run, end, 215864723330500
1787667687.776341, NoOp Chain Depth 1 Size 0 Mode ref, pipeline - train, run, end, 33672489436175804419192637234865041726, 1787667687.776203, 41, 1, 215864723353416
1787667687.776421, NoOp Chain Depth 1 Size 0 Mode ref, pipeline - train, run, start, 32252116057670554732873399645247297151, 1787667687.776404, 42, 1, 215864723430166
1787667687.776459, NoOp Chain Depth 1 Size 0 Mode ref, Ref Stage 0, run, start, 215864723469583
1787667687.776499, NoOp Chain Depth 1 Size 0 Mode ref, Ref Stage 0, run, end, 215864723508333
1787667687.776529, NoOp Chain Depth 1 Size 0 Mode ref, pipeline - train, run, end, 32252116057670554732873399645247297151, 1787667687.776404, 42, 1, 215864723542041
1787667687.776622, NoOp Chain Depth 1 Size 0 Mode ref, pipeline - train, run, start, 293244935901842369601710587942100628869, 1787667687.776603, 43, 1, 215864723634333
1787667687.776664, NoOp Chain Depth 1 Size 0 Mode ref, Ref Stage 0, run, start, 215864723674500
1787667687.776702, NoOp Chain Depth 1 Size 0 Mode ref, Ref Stage 0, run, end, 215864723711208
1787667687.776744, NoOp Chain Depth 1 Size 0 Mode ref, pipeline - train, run, end, 293244935901842369601710587942100628869, 1787667687.776603, 43, 1, 215864723756375
1787667687.776835, NoOp Chain Depth 1 Size 0 Mode ref, pipeline - train, run, start, 243322743282492505738791799888620020846, 1787667687.776803, 44, 1, 215864723847916
1787667687.776905, NoOp Chain Depth 1 Size 0 Mode ref, Ref Stage 0, run, start, 215864723917125
1787667687.776957, NoOp Chain Depth 1 Size 0 Mode ref, Ref Stage 0, run, end, 215864723965791
1787667687.776984, NoOp Chain Depth 1 Size 0 Mode ref, pipeline - train, run, end, 243322743282492505738791799888620020846, 1787667687.776803, 44, 1, 215864723997541
1787667687.777143, NoOp Chain Depth 1 Size 0 Mode ref, pipeline - train, run, start, 12426795281793843521041338843199935393, 1787667687.777125, 45, 1, 215864724151500
1787667687.777181, NoOp Chain Depth 1 Size 0 Mode ref, Ref Stage 0, run, start, 215864724191375
1787667687.777219, NoOp Chain Depth 1 Size 0 Mode ref, Ref Stage 0, run, end, 215864724228583
1787667687.777238, NoOp Chain Depth 1 Size 0 Mode ref, pipeline - train, run, end, 12426795281793843521041338843199935393, 1787667687.777125, 45, 1, 215864724248291
1787667687.777310, NoOp Chain Depth 1 Size 0 Mode ref, pipeline - train, run, start, 219957546165039570494065344492327112944, 1787667687.777295, 46, 1, 215864724319875
1787667687.777348, NoOp Chain Depth 1 Size 0 Mode ref, Ref Stage 0, run, start, 215864724357291
1787667687.777379, NoOp Chain Depth 1 Size 0 Mode ref, Ref Stage 0, run, end, 215864724388000
1787667687.777417, NoOp Chain Depth 1 Size 0 Mode ref, pipeline - train, run, end, 219957546165039570494065344492327112944, 1787667687.777295, 46, 1, 215864724429958
1787667687.777504, NoOp Chain Depth 1 Size 0 Mode ref, pipeline - train, run, start, 59084913002803418574326340024210529124, 1787667687.777482, 47, 1, 215864724516583
1787667687.777558, NoOp Chain Depth 1 Size 0 Mode ref, Ref Stage 0, run, start, 215864724570041
1787667687.777608, NoOp Chain Depth 1 Size 0 Mode ref, Ref Stage 0, run, end, 215864724617750
1787667687.777627, NoOp Chain Depth 1 Size 0 Mode ref, pipeline - train, run, end, 59084913002803418574326340024210529124, 1787667687.777482, 47, 1, 215864724635958
1787667687.777695, NoOp Chain Depth 1 Size 0 Mode ref, pipeline - train, run, start, 200901163600246938766709871583434437368, 1787667687.777680, 48, 1, 215864724704166
1787667687.777735, NoOp Chain Depth 1 Size 0 Mode ref, Ref Stage 0, run, start, 215864724745708
1787667687.777775, NoOp Chain Depth 1 Size 0 Mode ref, Ref Stage 0, run, end, 215864724784375
1787667687.777796, NoOp Chain Depth 1 Size 0 Mode ref, pipeline - train, run, end, 200901163600246938766709871583434437368, 1787667687.777680, 48, 1, 215864724804208
1787667687.777871, NoOp Chain Depth 1 Size 0 Mode ref, pipeline - train, run, start, 250182536461975737241238380031712584130, 1787667687.777854, 49, 1, 215864724881833
1787667687.777913, NoOp Chain Depth 1 Size 0 Mode ref, Ref Stage 0, run, start, 215864724922833
1787667687.777946, NoOp Chain Depth 1 Size 0 Mode ref, Ref Stage 0, run, end, 215864724955083
1787667687.777961, NoOp Chain Depth 1 Size 0 Mode ref, pipeline - train, run, end, 250182536461975737241238380031712584130, 1787667687.777854, 49, 1, 215864724970500
1787667687.778031, NoOp Chain Depth 1 Size 0 Mode ref, pipeline - train, run, start, 162327765275589609601636909203505636924, 1787667687.778014, 50, 1, 215864725039458
1787667687.778068, NoOp Chain Depth 1 Size 0 Mode ref, Ref Stage 0, run, start, 215864725077708
1787667687.778104, NoOp Chain Depth 1 Size 0 Mode ref, Ref Stage 0, run, end, 215864725113541
1787667687.778121, NoOp Chain Depth 1 Size 0 Mode ref, pipeline - train, run, end, 162327765275589609601636909203505636924, 1787667687.778014, 50, 1, 215864725131291
1787667687.778188, NoOp Chain Depth 1 Size 0 Mode ref, pipeline - train, run, start, 143163337520205324658349907366696617732, 1787667687.778173, 51, 1, 215864725197208
1787667687.778225, NoOp Chain Depth 1 Size 0 Mode ref, Ref Stage 0, run, start, 215864725234500
1787667687.778259, NoOp Chain Depth 1 Size 0 Mode ref, Ref Stage 0, run, end, 215864725267916
1787667687.778273, NoOp Chain Depth 1 Size 0 Mode ref, pipeline - train, run, end, 143163337520205324658349907366696617732, 1787667687.778173, 51, 1, 215864725282291
1787667687.778335, NoOp Chain Depth 1 Size 0 Mode ref, pipeline - train, run, start, 226332211836090869357700930190032703510, 1787667687.778322, 52, 1, 215864725343708
1787667687.778372, NoOp Chain Depth 1 Size 0 Mode ref, Ref Stage 0, run, start, 215864725382541
1787667687.778411, NoOp Chain Depth 1 Size 0 Mode ref, Ref Stage 0, run, end, 215864725421166
1787667687.778442, NoOp Chain Depth 1 Size 0 Mode ref, pipeline - train, run, end, 226332211836090869357700930190032703510, 1787667687.778322, 52, 1, 215864725451333
1787667687.778504, NoOp Chain Depth 1 Size 0 Mode ref, pipeline - train, run, start, 66913847024054833242088142348782103037, 1787667687.778485, 53, 1, 215864725514250
1787667687.778550, NoOp Chain Depth 1 Size 0 Mode ref, Ref Stage 0, run, start, 215864725560875
1787667687.778588, NoOp Chain Depth 1 Size 0 Mode ref, Ref Stage 0, run, end, 215864725597875
1787667687.778615, NoOp Chain Depth 1 Size 0 Mode ref, pipeline - train, run, end, 66913847024054833242088142348782103037, 1787667687.778485, 53, 1, 215864725624208
1787667687.778671, NoOp Chain Depth 1 Size 0 Mode ref, pipeline - train, run, start, 189303108794505249653029857732395622835, 1787667687.778653, 54, 1, 215864725680666
1787667687.778714, NoOp Chain Depth 1 Size 0 Mode ref, Ref Stage 0, run, start, 215864725723541
1787667687.778747, NoOp Chain Depth 1 Size 0 Mode ref, Ref Stage 0, run, end, 215864725757000
1787667687.778777, NoOp Chain Depth 1 Size 0 Mode ref, pipeline - train, run, end, 189303108794505249653029857732395622835, 1787667687.778653, 54, 1, 215864725786166
1787667687.778838, NoOp Chain Depth 1 Size 0 Mode ref, pipeline - train, run, start, 209085420479694776244931870740270417634, 1787667687.778820, 55, 1, 215864725847458
1787667687.778883, NoOp Chain Depth 1 Size 0 Mode ref, Ref Stage 0, run, start, 215864725893958
1787667687.778933, NoOp Chain Depth 1 Size 0 Mode ref, Ref Stage 0, run, end, 215864725942416
1787667687.778958, NoOp Chain Depth 1 Size 0 Mode ref, pipeline - train, run, end, 209085420479694776244931870740270417634, 1787667687.778820, 55, 1, 215864725966875
1787667687.779034, NoOp Chain Depth 1 Size 0 Mode ref, pipeline - train, run, start, 83462725307814767096957481554042942277, 1787667687.779009, 56, 1, 215864726044083
1787667687.779084, NoOp Chain Depth 1 Size 0 Mode ref, Ref Stage 0, run, start, 215864726098166
1787667687.779125, NoOp Chain Depth 1 Size 0 Mode ref, Ref Stage 0, run, end, 215864726134458
1787667687.779155, NoOp Chain Depth 1 Size 0 Mode ref, pipeline - train, run, end, 83462725307814767096957481554042942277, 1787667687.779009, 56, 1, 215864726164500
1787667687.779223, NoOp Chain Depth 1 Size 0 Mode ref, pipeline - train, run, start, 156589133274558869238390146379065867681, 1787667687.779207, 57, 1, 215864726232083
1787667687.779273, NoOp Chain Depth 1 Size 0 Mode ref, Ref Stage 0, run, start, 215864726286291
1787667687.779323, NoOp Chain Depth 1 Size 0 Mode ref, Ref Stage 0, run, end, 215864726331708
1787667687.779365, NoOp Chain Depth 1 Size 0 Mode ref, pipeline - train, run, end, 156589133274558869238390146379065867681, 1787667687.779207, 57, 1, 215864726379166
1787667687.779453, NoOp Chain Depth 1 Size 0 Mode ref, pipeline - train, run, start, 39155238872680849474935993239503326029, 1787667687.779427, 58, 1, 215864726469541
1787667687.779524, NoOp Chain Depth 1 Size 0 Mode ref, Ref Stage 0, run, start, 215864726535458
1787667687.779572, NoOp Chain Depth 1 Size 0 Mode ref, Ref Stage 0, run, end, 215864726586375
1787667687.779606, NoOp Chain Depth 1 Size 0 Mode ref, pipeline - train, run, end, 39155238872680849474935993239503326029, 1787667687.779427, 58, 1, 215864726614416
1787667687.779663, NoOp Chain Depth 1 Size 0 Mode ref, pipeline - train, run, start, 266935660950337292967060999740990155074, 1787667687.779646, 59, 1, 215864726671750
1787667687.779712, NoOp Chain Depth 1 Size 0 Mode ref, Ref Stage 0, run, start, 215864726725041
1787667687.779760, NoOp Chain Depth 1 Size 0 Mode ref, Ref Stage 0, run, end, 215864726768416
1787667687.779789, NoOp Chain Depth 1 Size 0 Mode ref, pipeline - train, run, end, 266935660950337292967060999740990155074, 1787667687.779646, 59, 1, 215864726797750
1787667687.779871, NoOp Chain Depth 1 Size 0 Mode ref, pipeline - train, run, start, 134486231510734051104227387215068064249, 1787667687.779835, 60, 1, 215864726884416
1787667687.779932, NoOp Chain Depth 1 Size 0 Mode ref, Ref Stage 0, run, start, 215864726942625
1787667687.779976, NoOp Chain Depth 1 Size 0 Mode ref, Ref Stage 0, run, end, 215864726985666
1787667687.780009, NoOp Chain Depth 1 Size 0 Mode ref, pipeline - train, run, end, 134486231510734051104227387215068064249, 1787667687.779835, 60, 1, 215864727017833
1787667687.780060, NoOp Chain Depth 1 Size 0 Mode ref, pipeline - train, run, start, 263415792285402442994539394474012229477, 1787667687.780044, 61, 1, 215864727069000
1787667687.780111, NoOp Chain Depth 1 Size 0 Mode ref, Ref Stage 0, run, start, 215864727123083
1787667687.780157, NoOp Chain Depth 1 Size 0 Mode ref, Ref Stage 0, run, end, 215864727165333
1787667687.780188, NoOp Chain Depth 1 Size 0 Mode ref, pipeline - train, run, end, 263415792285402442994539394474012229477, 1787667687.780044, 61, 1, 215864727196416
1787667687.780267, NoOp Chain Depth 1 Size 0 Mode ref, pipeline - train, run, start, 152795991578744705265716959587880000896, 1787667687.780238, 62, 1, 215864727280250
1787667687.780325, NoOp Chain Depth 1 Size 0 Mode ref, Ref Stage 0, run, start, 215864727337166
1787667687.780370, NoOp Chain Depth 1 Size 0 Mode ref, Ref Stage 0, run, end, 215864727378583
1787667687.780403, NoOp Chain Depth 1 Size 0 Mode ref, pipeline - train, run, end, 152795991578744705265716959587880000896, 1787667687.780238, 62, 1, 215864727418875
1787667687.780511, NoOp Chain Depth 1 Size 0 Mode ref, pipeline - train, run, start, 196063901468641415063083025320046638259, 1787667687.780488, 63, 1, 215864727520291
1787667687.780565, NoOp Chain Depth 1 Size 0 Mode ref, Ref Stage 0, run, start, 215864727575791
1787667687.780609, NoOp Chain Depth 1 Size 0 Mode ref, Ref Stage 0, run, end, 215864727618541
1787667687.780640, NoOp Chain Depth 1 Size 0 Mode ref, pipeline - train, run, end, 196063901468641415063083025320046638259, 1787667687.780488, 63, 1, 215864727649541
1787667687.780714, NoOp Chain Depth 1 Size 0 Mode ref, pipeline - train, run, start, 182904528251104653112895548260908393465, 1787667687.780689, 64, 1, 215864727722833
1787667687.780756, NoOp Chain Depth 1 Size 0 Mode ref, Ref Stage 0, run, start, 215864727768375
1787667687.780800, NoOp Chain Depth 1 Size 0 Mode ref, Ref Stage 0, run, end, 215864727810541
1787667687.780827, NoOp Chain Depth 1 Size 0 Mode ref, pipeline - train, run, end, 182904528251104653112895548260908393465, 1787667687.780689, 64, 1, 215864727835916
1787667687.780877, NoOp Chain Depth 1 Size 0 Mode ref, pipeline - train, run, start, 100468935953089249177245713422755334723, 1787667687.780861, 65, 1, 215864727885833
1787667687.780925, NoOp Chain Depth 1 Size 0 Mode ref, Ref Stage 0, run, start, 215864727937333
1787667687.780972, NoOp Chain Depth 1 Size 0 Mode ref, Ref Stage 0, run, end, 215864727979958
1787667687.781000, NoOp Chain Depth 1 Size 0 Mode ref, pipeline - train, run, end, 100468935953089249177245713422755334723, 1787667687.780861, 65, 1, 215864728008791
1787667687.781070, NoOp Chain Depth 1 Size 0 Mode ref, pipeline - train, run, start, 253057200811906395258495431355920932040, 1787667687.781048, 66, 1, 215864728083541
1787667687.781129, NoOp Chain Depth 1 Size 0 Mode ref, Ref Stage 0, run, start, 215864728139333
1787667687.781174, NoOp Chain Depth 1 Size 0 Mode ref, Ref Stage 0, run, end, 215864728183833
1787667687.781200, NoOp Chain Depth 1 Size 0 Mode ref, pipeline - train, run, end, 253057200811906395258495431355920932040, 1787667687.781048, 66, 1, 215864728209208
1787667687.781249, NoOp Chain Depth 1 Size 0 Mode ref, pipeline - train, run, start, 21950437666968789707162007821032911197, 1787667687.781234, 67, 1, 215864728258000
1787667687.781289, NoOp Chain Depth 1 Size 0 Mode ref, Ref Stage 0, run, start, 215864728299000
1787667687.781326, NoOp Chain Depth 1 Size 0 Mode ref, Ref Stage 0, run, end, 215864728335958
1787667687.781353, NoOp Chain Depth 1 Size 0 Mode ref, pipeline - train, run, end, 21950437666968789707162007821032911197, 1787667687.781234, 67, 1, 215864728361250
1787667687.781406, NoOp Chain Depth 1 Size 0 Mode ref, pipeline - train, run, start, 133348155576573206877479195909574010670, 1787667687.781387, 68, 1, 215864728416250
1787667687.781452, NoOp Chain Depth 1 Size 0 Mode ref, Ref Stage 0, run, start, 215864728462208
1787667687.781490, NoOp Chain Depth 1 Size 0 Mode ref, Ref Stage 0, run, end, 215864728499125
1787667687.781514, NoOp Chain Depth 1 Size 0 Mode ref, pipeline - train, run, end, 133348155576573206877479195909574010670, 1787667687.781387, 68, 1, 215864728523000
1787667687.781568, NoOp Chain Depth 1 Size 0 Mode ref, pipeline - train, run, start, 267638125537642521431053860780792679820, 1787667687.781551, 69, 1, 215864728576333
1787667687.781609, NoOp Chain Depth 1 Size 0 Mode ref, Ref Stage 0, run, start, 215864728618666
1787667687.781641, NoOp Chain Depth 1 Size 0 Mode ref, Ref Stage 0, run, end, 215864728649791
1787667687.781664, NoOp Chain Depth 1 Size 0 Mode ref, pipeline - train, run, end, 267638125537642521431053860780792679820, 1787667687.781551, 69, 1, 215864728672375
1787667687.781714, NoOp Chain Depth 1 Size 0 Mode ref, pipeline - train, run, start, 125952434768416797064045641462128205987, 1787667687.781698, 70, 1, 215864728722625
1787667687.781756, NoOp Chain Depth 1 Size 0 Mode ref, Ref Stage 0, run, start, 215864728766083
1787667687.781793, NoOp Chain Depth 1 Size 0 Mode ref, Ref Stage 0, run, end, 215864728802208
1787667687.781818, NoOp Chain Depth 1 Size 0 Mode ref, pipeline - train, run, end, 125952434768416797064045641462128205987, 1787667687.781698, 70, 1, 215864728826875
1787667687.781893, NoOp Chain Depth 1 Size 0 Mode ref, pipeline - train, run, start, 243143486147718390005764130353927792307, 1787667687.781869, 71, 1, 215864728902833
1787667687.781943, NoOp Chain Depth 1 Size 0 Mode ref, Ref Stage 0, run, start, 215864728952416
1787667687.781977, NoOp Chain Depth 1 Size 0 Mode ref, Ref Stage 0, run, end, 215864728985541
1787667687.781999, NoOp Chain Depth 1 Size 0 Mode ref, pipeline - train, run, end, 243143486147718390005764130353927792307, 1787667687.781869, 71, 1, 215864729007625
1787667687.782049, NoOp Chain Depth 1 Size 0 Mode ref, pipeline - train, run, start, 167606443404107797206556165377335137810, 1787667687.782034, 72, 1, 215864729057541
1787667687.782089, NoOp Chain Depth 1 Size 0 Mode ref, Ref Stage 0, run, start, 215864729099958
1787667687.782131, NoOp Chain Depth 1 Size 0 Mode ref, Ref Stage 0, run, end, 215864729140666
1787667687.782163, NoOp Chain Depth 1 Size 0 Mode ref, pipeline - train, run, end, 167606443404107797206556165377335137810, 1787667687.782034, 72, 1, 215864729171958
1787667687.782237, NoOp Chain Depth 1 Size 0 Mode ref, pipeline - train, run, start, 193345213147714641209708710621629503069, 1787667687.782213, 73, 1, 215864729247291
1787667687.782281, NoOp Chain Depth 1 Size 0 Mode ref, Ref Stage 0, run, start, 215864729290916
1787667687.782316, NoOp Chain Depth 1 Size 0 Mode ref, Ref Stage 0, run, end, 215864729324375
1787667687.782340, NoOp Chain Depth 1 Size 0 Mode ref, pipeline - train, run, end, 193345213147714641209708710621629503069, 1787667687.782213, 73, 1, 215864729353166
1787667687.782439, NoOp Chain Depth 1 Size 0 Mode ref, pipeline - train, run, start, 229961007507949755185648673456134478300, 1787667687.782424, 74, 1, 215864729447958
1787667687.782487, NoOp Chain Depth 1 Size 0 Mode ref, Ref Stage 0, run, start, 215864729500083
1787667687.782546, NoOp Chain Depth 1 Size 0 Mode ref, Ref Stage 0, run, end, 215864729555375
1787667687.782583, NoOp Chain Depth 1 Size 0 Mode ref, pipeline - train, run, end, 229961007507949755185648673456134478300, 1787667687.782424, 74, 1, 215864729595333
1787667687.782670, NoOp Chain Depth 1 Size 0 Mode ref, pipeline - train, run, start, 60279658249444042241409699986910770778, 1787667687.782647, 75, 1, 215864729683291
1787667687.782727, NoOp Chain Depth 1 Size 0 Mode ref, Ref Stage 0, run, start, 215864729737458
1787667687.782764, NoOp Chain Depth 1 Size 0 Mode ref, Ref Stage 0, run, end, 215864729773166
1787667687.782791, NoOp Chain Depth 1 Size 0 Mode ref, pipeline - train, run, end, 60279658249444042241409699986910770778, 1787667687.782647, 75, 1, 215864729800791
1787667687.782888, NoOp Chain Depth 1 Size 0 Mode ref, pipeline - train, run, start, 289869362677199125355951351819489184439, 1787667687.782857, 76, 1, 215864729904250
1787667687.782984, NoOp Chain Depth 1 Size 0 Mode ref, Ref Stage 0, run, start, 215864729994583
1787667687.783029, NoOp Chain Depth 1 Size 0 Mode ref, Ref Stage 0, run, end, 215864730038500
1787667687.783066, NoOp Chain Depth 1 Size 0 Mode ref, pipeline - train, run, end, 289869362677199125355951351819489184439, 1787667687.782857, 76, 1, 215864730075083
1787667687.783139, NoOp Chain Depth 1 Size 0 Mode ref, pipeline - train, run, start, 198847002401894257591405633560269252517, 1787667687.783114, 77, 1, 215864730148500
1787667687.783203, NoOp Chain Depth 1 Size 0 Mode ref, Ref Stage 0, run, start, 215864730217875
1787667687.783261, NoOp Chain Depth 1 Size 0 Mode ref, Ref Stage 0, run, end, 215864730271500
1787667687.783281, NoOp Chain Depth 1 Size 0 Mode ref, pipeline - train, run, end, 198847002401894257591405633560269252517, 1787667687.783114, 77, 1, 215864730292250
1787667687.783365, NoOp Chain Depth 1 Size 0 Mode ref, pipeline - train, run, start, 175409871052483981434420331804534427937, 1787667687.783346, 78, 1, 215864730376083
1787667687.783410, NoOp Chain Depth 1 Size 0 Mode ref, Ref Stage 0, run, start, 215864730419541
1787667687.783444, NoOp Chain Depth 1 Size 0 Mode ref, Ref Stage 0, run, end, 215864730452958
1787667687.783464, NoOp Chain Depth 1 Size 0 Mode ref, pipeline - train, run, end, 175409871052483981434420331804534427937, 1787667687.783346, 78, 1, 215864730473875
1787667687.783540, NoOp Chain Depth 1 Size 0 Mode ref, pipeline - train, run, start, 194836660158466342307587367447900596077, 1787667687.783523, 79, 1, 215864730549083
1787667687.783601, NoOp Chain Depth 1 Size 0 Mode ref, Ref Stage 0, run, start, 215864730614875
1787667687.783655, NoOp Chain Depth 1 Size 0 Mode ref, Ref Stage 0, run, end, 215864730664000
1787667687.783697, NoOp Chain Depth 1 Size 0 Mode ref, pipeline - train, run, end, 194836660158466342307587367447900596077, 1787667687.783523, 79, 1, 215864730711250
1787667687.783786, NoOp Chain Depth 1 Size 0 Mode ref, pipeline - train, run, start, 10551180306749256528236280581031058499, 1787667687.783763, 80, 1, 215864730796916
1787667687.783838, NoOp Chain Depth 1 Size 0 Mode ref, Ref Stage 0, run, start, 215864730848958
1787667687.783881, NoOp Chain Depth 1 Size 0 Mode ref, Ref Stage 0, run, end, 215864730890458
1787667687.783911, NoOp Chain Depth 1 Size 0 Mode ref, pipeline - train, run, end, 10551180306749256528236280581031058499, 1787667687.783763, 80, 1, 215864730920166
1787667687.783987, NoOp Chain Depth 1 Size 0 Mode ref, pipeline - train, run, start, 270246964149406625391577888193576417587, 1787667687.783960, 81, 1, 215864730999250
1787667687.784047, NoOp Chain Depth 1 Size 0 Mode ref, Ref Stage 0, run, start, 215864731061250
1787667687.784107, NoOp Chain Depth 1 Size 0 Mode ref, Ref Stage 0, run, end, 215864731117458
1787667687.784139, NoOp Chain Depth 1 Size 0 Mode ref, pipeline - train, run, end, 270246964149406625391577888193576417587, 1787667687.783960, 81, 1, 215864731149541
1787667687.784207, NoOp Chain Depth 1 Size 0 Mode ref, pipeline - train, run, start, 219103700777509141159729908809269870606, 1787667687.784182, 82, 1, 215864731219583
1787667687.784271, NoOp Chain Depth 1 Size 0 Mode ref, Ref Stage 0, run, start, 215864731284000
1787667687.784321, NoOp Chain Depth 1 Size 0 Mode ref, Ref Stage 0, run, end, 215864731329750
1787667687.784354, NoOp Chain Depth 1 Size 0 Mode ref, pipeline - train, run, end, 219103700777509141159729908809269870606, 1787667687.784182, 82, 1, 215864731364750
1787667687.784416, NoOp Chain Depth 1 Size 0 Mode ref, pipeline - train, run, start, 246150495508936355894729148255064356622, 1787667687.784398, 83, 1, 215864731425583
1787667687.784456, NoOp Chain Depth 1 Size 0 Mode ref, Ref Stage 0, run, start, 215864731465208
1787667687.784487, NoOp Chain Depth 1 Size 0 Mode ref, Ref Stage 0, run, end, 215864731495291
1787667687.784510, NoOp Chain Depth 1 Size 0 Mode ref, pipeline - train, run, end, 246150495508936355894729148255064356622, 1787667687.784398, 83, 1, 215864731518083
1787667687.784561, NoOp Chain Depth 1 Size 0 Mode ref, pipeline - train, run, start, 124747013718840323058075045788000818224, 1787667687.784546, 84, 1, 215864731569708
1787667687.784599, NoOp Chain Depth 1 Size 0 Mode ref, Ref Stage 0, run, start, 215864731608333
1787667687.784634, NoOp Chain Depth 1 Size 0 Mode ref, Ref Stage 0, run, end, 215864731643208
1787667687.784658, NoOp Chain Depth 1 Size 0 Mode ref, pipeline - train, run, end, 124747013718840323058075045788000818224, 1787667687.784546, 84, 1, 215864731666541
1787667687.784706, NoOp Chain Depth 1 Size 0 Mode ref, pipeline - train, run, start, 142681039187475194598350229955722272526, 1787667687.784690, 85, 1, 215864731717250
1787667687.784753, NoOp Chain Depth 1 Size 0 Mode ref, Ref Stage 0, run, start, 215864731762250
1787667687.784786, NoOp Chain Depth 1 Size 0 Mode ref, Ref Stage 0, run, end, 215864731794125
1787667687.784808, NoOp Chain Depth 1 Size 0 Mode ref, pipeline - train, run, end, 142681039187475194598350229955722272526, 1787667687.784690, 85, 1, 215864731816750
1787667687.784871, NoOp Chain Depth 1 Size 0 Mode ref, pipeline - train, run, start, 58064656902177185794218002285717705159, 1787667687.784845, 86, 1, 215864731884708
1787667687.784951, NoOp Chain Depth 1 Size 0 Mode ref, Ref Stage 0, run, start, 215864731965375
1787667687.785008, NoOp Chain Depth 1 Size 0 Mode ref, Ref Stage 0, run, end, 215864732017333
1787667687.785035, NoOp Chain Depth 1 Size 0 Mode ref, pipeline - train, run, end, 58064656902177185794218002285717705159, 1787667687.784845, 86, 1, 215864732044458
1787667687.785098, NoOp Chain Depth 1 Size 0 Mode ref, pipeline - train, run, start, 278846631772675518898163578395903713082, 1787667687.785080, 87, 1, 215864732107791
1787667687.785144, NoOp Chain Depth 1 Size 0 Mode ref, Ref Stage 0, run, start, 215864732154375
1787667687.785184, NoOp Chain Depth 1 Size 0 Mode ref, Ref Stage 0, run, end, 215864732193291
1787667687.785204, NoOp Chain Depth 1 Size 0 Mode ref, pipeline - train, run, end, 278846631772675518898163578395903713082, 1787667687.785080, 87, 1, 215864732215625
1787667687.785273, NoOp Chain Depth 1 Size 0 Mode ref, pipeline - train, run, start, 79249989594562523261952673021035629768, 1787667687.785257, 88, 1, 215864732282250
1787667687.785313, NoOp Chain Depth 1 Size 0 Mode ref, Ref Stage 0, run, start, 215864732322250
1787667687.785345, NoOp Chain Depth 1 Size 0 Mode ref, Ref Stage 0, run, end, 215864732354125
1787667687.785374, NoOp Chain Depth 1 Size 0 Mode ref, pipeline - train, run, end, 79249989594562523261952673021035629768, 1787667687.785257, 88, 1, 215864732382916
1787667687.785453, NoOp Chain Depth 1 Size 0 Mode ref, pipeline - train, run, start, 300129058063994633196971578498267344945, 1787667687.785429, 89, 1, 215864732462416
1787667687.785520, NoOp Chain Depth 1 Size 0 Mode ref, Ref Stage 0, run, start, 215864732533333
1787667687.785572, NoOp Chain Depth 1 Size 0 Mode ref, Ref Stage 0, run, end, 215864732581333
1787667687.785604, NoOp Chain Depth 1 Size 0 Mode ref, pipeline - train, run, end, 300129058063994633196971578498267344945, 1787667687.785429, 89, 1, 215864732612500
1787667687.785673, NoOp Chain Depth 1 Size 0 Mode ref, pipeline - train, run, start, 76680205401557461100351715355310569017, 1787667687.785650, 90, 1, 215864732683041
1787667687.785731, NoOp Chain Depth 1 Size 0 Mode ref, Ref Stage 0, run, start, 215864732743791
1787667687.785782, NoOp Chain Depth 1 Size 0 Mode ref, Ref Stage 0, run, end, 215864732790708
1787667687.785812, NoOp Chain Depth 1 Size 0 Mode ref, pipeline - train, run, end, 76680205401557461100351715355310569017, 1787667687.785650, 90, 1, 215864732820791
1787667687.785881, NoOp Chain Depth 1 Size 0 Mode ref, pipeline - train, run, start, 315938803280540812831075963136299286905, 1787667687.785859, 91, 1, 215864732890958
1787667687.785926, NoOp Chain Depth 1 Size 0 Mode ref, Ref Stage 0, run, start, 215864732934416
1787667687.785955, NoOp Chain Depth 1 Size 0 Mode ref, Ref Stage 0, run, end, 215864732963333
1787667687.785979, NoOp Chain Depth 1 Size 0 Mode ref, pipeline - train, run, end, 315938803280540812831075963136299286905, 1787667687.785859, 91, 1, 215864732991916
1787667687.786086, NoOp Chain Depth 1 Size 0 Mode ref, pipeline - train, run, start, 58121015651840157007459840276845289475, 1787667687.786058, 92, 1, 215864733099916
1787667687.786150, NoOp Chain Depth 1 Size 0 Mode ref, Ref Stage 0, run, start, 215864733159000
1787667687.786190, NoOp Chain Depth 1 Size 0 Mode ref, Ref Stage 0, run, end, 215864733199000
1787667687.786221, NoOp Chain Depth 1 Size 0 Mode ref, pipeline - train, run, end, 58121015651840157007459840276845289475, 1787667687.786058, 92, 1, 215864733229458
1787667687.786276, NoOp Chain Depth 1 Size 0 Mode ref, pipeline - train, run, start, 223288667240705879624343679350560465265, 1787667687.786259, 93, 1, 215864733285625
1787667687.786322, NoOp Chain Depth 1 Size 0 Mode ref, Ref Stage 0, run, start, 215864733332583
1787667687.786361, NoOp Chain Depth 1 Size 0 Mode ref, Ref Stage 0, run, end, 215864733370000
1787667687.786390, NoOp Chain Depth 1 Size 0 Mode ref, pipeline - train, run, end, 223288667240705879624343679350560465265, 1787667687.786259, 93, 1, 215864733398625
1787667687.786462, NoOp Chain Depth 1 Size 0 Mode ref, pipeline - train, run, start, 130263932649523625524657862951313693687, 1787667687.786437, 94, 1, 215864733473000
1787667687.786526, NoOp Chain Depth 1 Size 0 Mode ref, Ref Stage 0, run, start, 215864733539000
1787667687.786577, NoOp Chain Depth 1 Size 0 Mode ref, Ref Stage 0, run, end, 215864733586041
1787667687.786614, NoOp Chain Depth 1 Size 0 Mode ref, pipeline - train, run, end, 130263932649523625524657862951313693687, 1787667687.786437, 94, 1, 215864733630333
1787667687.786724, NoOp Chain Depth 1 Size 0 Mode ref, pipeline - train, run, start, 150930053097094093655103107532796274833, 1787667687.786699, 95, 1, 215864733738458
1787667687.786794, NoOp Chain Depth 1 Size 0 Mode ref, Ref Stage 0, run, start, 215864733808083
1787667687.786845, NoOp Chain Depth 1 Size 0 Mode ref, Ref Stage 0, run, end, 215864733854583
1787667687.786877, NoOp Chain Depth 1 Size 0 Mode ref, pipeline - train, run, end, 150930053097094093655103107532796274833, 1787667687.786699, 95, 1, 215864733885541
1787667687.786951, NoOp Chain Depth 1 Size 0 Mode ref, pipeline - train, run, start, 29772170914933665970569279030148905432, 1787667687.786929, 96, 1, 215864733961291
1787667687.787014, NoOp Chain Depth 1 Size 0 Mode ref, Ref Stage 0, run, start, 215864734026166
1787667687.787061, NoOp Chain Depth 1 Size 0 Mode ref, Ref Stage 0, run, end, 215864734069916
1787667687.787090, NoOp Chain Depth 1 Size 0 Mode ref, pipeline - train, run, end, 29772170914933665970569279030148905432, 1787667687.786929, 96, 1, 215864734098458
1787667687.787155, NoOp Chain Depth 1 Size 0 Mode ref, pipeline - train, run, start, 73110244298231083800287898476516470699, 1787667687.787135, 97, 1, 215864734168250
1787667687.787210, NoOp Chain Depth 1 Size 0 Mode ref, Ref Stage 0, run, start, 215864734218708
1787667687.787241, NoOp Chain Depth 1 Size 0 Mode ref, Ref Stage 0, run, end, 215864734249541
1787667687.787269, NoOp Chain Depth 1 Size 0 Mode ref, pipeline - train, run, end, 73110244298231083800287898476516470699, 1787667687.787135, 97, 1, 215864734277958
1787667687.787320, NoOp Chain Depth 1 Size 0 Mode ref, pipeline - train, run, start, 178668371602606781720071079900213515012, 1787667687.787300, 98, 1, 215864734331500
1787667687.787366, NoOp Chain Depth 1 Size 0 Mode ref, Ref Stage 0, run, start, 215864734375041
1787667687.787396, NoOp Chain Depth 1 Size 0 Mode ref, Ref Stage 0, run, end, 215864734404875
1787667687.787421, NoOp Chain Depth 1 Size 0 Mode ref, pipeline - train, run, end, 178668371602606781720071079900213515012, 1787667687.787300, 98, 1, 215864734433708
1787667687.787524, NoOp Chain Depth 1 Size 0 Mode ref, pipeline - train, run, start, 324915791452199645419514756678079330367, 1787667687.787498, 99, 1, 215864734538125
1787667687.787597, NoOp Chain Depth 1 Size 0 Mode ref, Ref Stage 0, run, start, 215864734610208
1787667687.787644, NoOp Chain Depth 1 Size 0 Mode ref, Ref Stage 0, run, end, 215864734652458
1787667687.787677, NoOp Chain Depth 1 Size 0 Mode ref, pipeline - train, run, end, 324915791452199645419514756678079330367, 1787667687.787498, 99, 1, 215864734686500
1787667687.787749, NoOp Chain Depth 1 Size 0 Mode ref, pipeline - train, run, start, 135143280266646676977113400968843725637, 1787667687.787727, 100, 1, 215864734762500
1787667687.787810, NoOp Chain Depth 1 Size 0 Mode ref, Ref Stage 0, run, start, 215864734820000
1787667687.787850, NoOp Chain Depth 1 Size 0 Mode ref, Ref Stage 0, run, end, 215864734858875
1787667687.787879, NoOp Chain Depth 1 Size 0 Mode ref, pipeline - train, run, end, 135143280266646676977113400968843725637, 1787667687.787727, 100, 1, 215864734888291
1787667687.788003, NoOp Chain Depth 1 Size 0 Mode ref, pipeline - train, run, start, 22651384979321091884143745013530989863, 1787667687.787938, 101, 1, 215864735015291
1787667687.788060, NoOp Chain Depth 1 Size 0 Mode ref, Ref Stage 0, run, start, 215864735069625
1787667687.788094, NoOp Chain Depth 1 Size 0 Mode ref, Ref Stage 0, run, end, 215864735102916
1787667687.788118, NoOp Chain Depth 1 Size 0 Mode ref, pipeline - train, run, end, 22651384979321091884143745013530989863, 1787667687.787938, 101, 1, 215864735127041
1787667687.804759, choreo, spans, emitted, 710, 215864751887291
