1787670151.368870, NoOp Chain Depth 50 Size 0 Mode ref nolog, pipeline, prepare, start, 218328291408583
1787670151.373302, NoOp Chain Depth 50 Size 0 Mode ref nolog, pipeline, prepare, end, 218328295612625
1787670151.373659, NoOp Chain Depth 50 Size 0 Mode ref nolog, pipeline - train, run, start, 67774840566555644406005716181794820940, 1787670151.373614, 1, 1, 218328295966500
1787670151.378486, NoOp Chain Depth 50 Size 0 Mode ref nolog, pipeline - train, run, end, 67774840566555644406005716181794820940, 1787670151.373614, 1, 1, 218328300793375
1787670151.378614, NoOp Chain Depth 50 Size 0 Mode ref nolog, pipeline - train, run, start, 199722142533509265470339114195983798153, 1787670151.378577, 2, 1, 218328300925500
1787670151.381864, NoOp Chain Depth 50 Size 0 Mode ref nolog, pipeline - train, run, end, 199722142533509265470339114195983798153, 1787670151.378577, 2, 1, 218328304173166
1787670151.381947, NoOp Chain Depth 50 Size 0 Mode ref nolog, pipeline - train, run, start, 125225715344878021441141051275829623888, 1787670151.381930, 3, 1, 218328304250750
1787670151.383353, NoOp Chain Depth 50 Size 0 Mode ref nolog, pipeline - train, run, end, 125225715344878021441141051275829623888, 1787670151.381930, 3, 1, 218328305659000
1787670151.383424, NoOp Chain Depth 50 Size 0 Mode ref nolog, pipeline - train, run, start, 108118139170894805464808652435524254496, 1787670151.383407, 4, 1, 218328305727750
1787670151.385113, NoOp Chain Depth 50 Size 0 Mode ref nolog, pipeline - train, run, end, 108118139170894805464808652435524254496, 1787670151.383407, 4, 1, 218328307418958
1787670151.385190, NoOp Chain Depth 50 Size 0 Mode ref nolog, pipeline - train, run, start, 15529487948440979379807384010372616973, 1787670151.385171, 5, 1, 218328307493250
1787670151.386909, NoOp Chain Depth 50 Size 0 Mode ref nolog, pipeline - train, run, end, 15529487948440979379807384010372616973, 1787670151.385171, 5, 1, 218328309219125
1787670151.387027, NoOp Chain Depth 50 Size 0 Mode ref nolog, pipeline - train, run, start, 325994393601117616684544386860197371121, 1787670151.386993, 6, 1, 218328309335916
1787670151.388795, NoOp Chain Depth 50 Size 0 Mode ref nolog, pipeline - train, run, end, 325994393601117616684544386860197371121, 1787670151.386993, 6, 1, 218328311103125
1787670151.388896, NoOp Chain Depth 50 Size 0 Mode ref nolog, pipeline - train, run, start, 269819585784004792949734327698475617413, 1787670151.388872, 7, 1, 218328311200166
1787670151.390934, NoOp Chain Depth 50 Size 0 Mode ref nolog, pipeline - train, run, end, 269819585784004792949734327698475617413, 1787670151.388872, 7, 1, 218328313239500
1787670151.391014, NoOp Chain Depth 50 Size 0 Mode ref nolog, pipeline - train, run, start, 54905408947557731859896372218755076644, 1787670151.390992, 8, 1, 218328313317333
1787670151.393036, NoOp Chain Depth 50 Size 0 Mode ref nolog, pipeline - train, run, end, 54905408947557731859896372218755076644, 1787670151.390992, 8, 1, 218328315346416
1787670151.393131, NoOp Chain Depth 50 Size 0 Mode ref nolog, pipeline - train, run, start, 21126843193028733469733368920345446159, 1787670151.393109, 9, 1, 218328315436458
1787670151.395003, NoOp Chain Depth 50 Size 0 Mode ref nolog, pipeline - train, run, end, 21126843193028733469733368920345446159, 1787670151.393109, 9, 1, 218328317308916
1787670151.395087, NoOp Chain Depth 50 Size 0 Mode ref nolog, pipeline - train, run, start, 330348434097786229477415586993605497849, 1787670151.395059, 10, 1, 218328317394666
1787670151.396924, NoOp Chain Depth 50 Size 0 Mode ref nolog, pipeline - train, run, end, 330348434097786229477415586993605497849, 1787670151.395059, 10, 1, 218328319232708
1787670151.397034, NoOp Chain Depth 50 Size 0 Mode ref nolog, pipeline - train, run, start, 190193999204104547984057970681388333270, 1787670151.397007, 11, 1, 218328319338625
1787670151.399132, NoOp Chain Depth 50 Size 0 Mode ref nolog, pipeline - train, run, end, 190193999204104547984057970681388333270, 1787670151.397007, 11, 1, 218328321437708
1787670151.399234, NoOp Chain Depth 50 Size 0 Mode ref nolog, pipeline - train, run, start, 52369773756977712865740924318100321859, 1787670151.399200, 12, 1, 218328321544125
1787670151.401168, NoOp Chain Depth 50 Size 0 Mode ref nolog, pipeline - train, run, end, 52369773756977712865740924318100321859, 1787670151.399200, 12, 1, 218328323474166
1787670151.401242, NoOp Chain Depth 50 Size 0 Mode ref nolog, pipeline - train, run, start, 273978701932455907643685311860775789631, 1787670151.401223, 13, 1, 218328323545083
1787670151.403154, NoOp Chain Depth 50 Size 0 Mode ref nolog, pipeline - train, run, end, 273978701932455907643685311860775789631, 1787670151.401223, 13, 1, 218328325460958
1787670151.403254, NoOp Chain Depth 50 Size 0 Mode ref nolog, pipeline - train, run, start, 235480056667677668550314609048589946893, 1787670151.403226, 14, 1, 218328325560916
1787670151.405290, NoOp Chain Depth 50 Size 0 Mode ref nolog, pipeline - train, run, end, 235480056667677668550314609048589946893, 1787670151.403226, 14, 1, 218328327598083
1787670151.405394, NoOp Chain Depth 50 Size 0 Mode ref nolog, pipeline - train, run, start, 263670003597146019689936865895628641357, 1787670151.405367, 15, 1, 218328327700000
1787670151.407165, NoOp Chain Depth 50 Size 0 Mode ref nolog, pipeline - train, run, end, 263670003597146019689936865895628641357, 1787670151.405367, 15, 1, 218328329470750
1787670151.407240, NoOp Chain Depth 50 Size 0 Mode ref nolog, pipeline - train, run, start, 282466813117550842891573431826407743644, 1787670151.407221, 16, 1, 218328329547291
1787670151.409057, NoOp Chain Depth 50 Size 0 Mode ref nolog, pipeline - train, run, end, 282466813117550842891573431826407743644, 1787670151.407221, 16, 1, 218328331363458
1787670151.409138, NoOp Chain Depth 50 Size 0 Mode ref nolog, pipeline - train, run, start, 205564724572878789139018377966522265783, 1787670151.409113, 17, 1, 218328331444875
1787670151.411053, NoOp Chain Depth 50 Size 0 Mode ref nolog, pipeline - train, run, end, 205564724572878789139018377966522265783, 1787670151.409113, 17, 1, 218328333362166
1787670151.411162, NoOp Chain Depth 50 Size 0 Mode ref nolog, pipeline - train, run, start, 37413431257358394635080487922787292085, 1787670151.411138, 18, 1, 218328333467083
1787670151.412838, NoOp Chain Depth 50 Size 0 Mode ref nolog, pipeline - train, run, end, 37413431257358394635080487922787292085, 1787670151.411138, 18, 1, 218328335144500
1787670151.412930, NoOp Chain Depth 50 Size 0 Mode ref nolog, pipeline - train, run, start, 292749307763432975930569197067640149694, 1787670151.412902, 19, 1, 218328335238708
1787670151.414854, NoOp Chain Depth 50 Size 0 Mode ref nolog, pipeline - train, run, end, 292749307763432975930569197067640149694, 1787670151.412902, 19, 1, 218328337161875
1787670151.414949, NoOp Chain Depth 50 Size 0 Mode ref nolog, pipeline - train, run, start, 222826540833574389780785036246021618080, 1787670151.414924, 20, 1, 218328337254166
1787670151.416957, NoOp Chain Depth 50 Size 0 Mode ref nolog, pipeline - train, run, end, 222826540833574389780785036246021618080, 1787670151.414924, 20, 1, 218328339263083
1787670151.417033, NoOp Chain Depth 50 Size 0 Mode ref nolog, pipeline - train, run, start, 142362934229531495057701131442560478809, 1787670151.417014, 21, 1, 218328339336541
1787670151.418765, NoOp Chain Depth 50 Size 0 Mode ref nolog, pipeline - train, run, end, 142362934229531495057701131442560478809, 1787670151.417014, 21, 1, 218328341072750
1787670151.418864, NoOp Chain Depth 50 Size 0 Mode ref nolog, pipeline - train, run, start, 182181812203436509564404041252443519838, 1787670151.418837, 22, 1, 218328341172000
1787670151.420534, NoOp Chain Depth 50 Size 0 Mode ref nolog, pipeline - train, run, end, 182181812203436509564404041252443519838, 1787670151.418837, 22, 1, 218328342840416
1787670151.420605, NoOp Chain Depth 50 Size 0 Mode ref nolog, pipeline - train, run, start, 181146236940625236391089733839685665726, 1787670151.420587, 23, 1, 218328342908208
1787670151.422436, NoOp Chain Depth 50 Size 0 Mode ref nolog, pipeline - train, run, end, 181146236940625236391089733839685665726, 1787670151.420587, 23, 1, 218328344741166
1787670151.422528, NoOp Chain Depth 50 Size 0 Mode ref nolog, pipeline - train, run, start, 320462727850909223806019679029616381295, 1787670151.422505, 24, 1, 218328344832541
1787670151.424527, NoOp Chain Depth 50 Size 0 Mode ref nolog, pipeline - train, run, end, 320462727850909223806019679029616381295, 1787670151.422505, 24, 1, 218328346834250
1787670151.424615, NoOp Chain Depth 50 Size 0 Mode ref nolog, pipeline - train, run, start, 56098714065727083632240422836665050963, 1787670151.424592, 25, 1, 218328346918750
1787670151.426647, NoOp Chain Depth 50 Size 0 Mode ref nolog, pipeline - train, run, end, 56098714065727083632240422836665050963, 1787670151.424592, 25, 1, 218328348957000
1787670151.426763, NoOp Chain Depth 50 Size 0 Mode ref nolog, pipeline - train, run, start, 146753540194025404849253970795386891601, 1787670151.426732, 26, 1, 218328349069791
1787670151.428754, NoOp Chain Depth 50 Size 0 Mode ref nolog, pipeline - train, run, end, 146753540194025404849253970795386891601, 1787670151.426732, 26, 1, 218328351062416
1787670151.428845, NoOp Chain Depth 50 Size 0 Mode ref nolog, pipeline - train, run, start, 336806849402045397659910705332024946740, 1787670151.428819, 27, 1, 218328351150625
1787670151.430799, NoOp Chain Depth 50 Size 0 Mode ref nolog, pipeline - train, run, end, 336806849402045397659910705332024946740, 1787670151.428819, 27, 1, 218328353107458
1787670151.430897, NoOp Chain Depth 50 Size 0 Mode ref nolog, pipeline - train, run, start, 68744658547769015770911845409538337967, 1787670151.430873, 28, 1, 218328353201666
1787670151.432794, NoOp Chain Depth 50 Size 0 Mode ref nolog, pipeline - train, run, end, 68744658547769015770911845409538337967, 1787670151.430873, 28, 1, 218328355099916
1787670151.432878, NoOp Chain Depth 50 Size 0 Mode ref nolog, pipeline - train, run, start, 324832717142106823514892339575052054521, 1787670151.432854, 29, 1, 218328355186416
1787670151.434683, NoOp Chain Depth 50 Size 0 Mode ref nolog, pipeline - train, run, end, 324832717142106823514892339575052054521, 1787670151.432854, 29, 1, 218328356989166
1787670151.434777, NoOp Chain Depth 50 Size 0 Mode ref nolog, pipeline - train, run, start, 221128838887798891206000031969724039525, 1787670151.434750, 30, 1, 218328357082541
1787670151.436734, NoOp Chain Depth 50 Size 0 Mode ref nolog, pipeline - train, run, end, 221128838887798891206000031969724039525, 1787670151.434750, 30, 1, 218328359041125
1787670151.436825, NoOp Chain Depth 50 Size 0 Mode ref nolog, pipeline - train, run, start, 1884096646757896528476793873948395290, 1787670151.436801, 31, 1, 218328359127541
1787670151.438743, NoOp Chain Depth 50 Size 0 Mode ref nolog, pipeline - train, run, end, 1884096646757896528476793873948395290, 1787670151.436801, 31, 1, 218328361052416
1787670151.438839, NoOp Chain Depth 50 Size 0 Mode ref nolog, pipeline - train, run, start, 21964920436323150407673669143572881451, 1787670151.438817, 32, 1, 218328361142416
1787670151.441094, NoOp Chain Depth 50 Size 0 Mode ref nolog, pipeline - train, run, end, 21964920436323150407673669143572881451, 1787670151.438817, 32, 1, 218328363401291
1787670151.441185, NoOp Chain Depth 50 Size 0 Mode ref nolog, pipeline - train, run, start, 300467323792376994202638354897889238356, 1787670151.441162, 33, 1, 218328363488958
1787670151.443109, NoOp Chain Depth 50 Size 0 Mode ref nolog, pipeline - train, run, end, 300467323792376994202638354897889238356, 1787670151.441162, 33, 1, 218328365415583
1787670151.443198, NoOp Chain Depth 50 Size 0 Mode ref nolog, pipeline - train, run, start, 245471523050160304872620853107983812533, 1787670151.443176, 34, 1, 218328365502208
1787670151.445194, NoOp Chain Depth 50 Size 0 Mode ref nolog, pipeline - train, run, end, 245471523050160304872620853107983812533, 1787670151.443176, 34, 1, 218328367500291
1787670151.445285, NoOp Chain Depth 50 Size 0 Mode ref nolog, pipeline - train, run, start, 114550580449646279446088532990463955341, 1787670151.445257, 35, 1, 218328367592791
1787670151.447418, NoOp Chain Depth 50 Size 0 Mode ref nolog, pipeline - train, run, end, 114550580449646279446088532990463955341, 1787670151.445257, 35, 1, 218328369725958
1787670151.447522, NoOp Chain Depth 50 Size 0 Mode ref nolog, pipeline - train, run, start, 37396556302668685531053218361525440881, 1787670151.447493, 36, 1, 218328369830041
1787670151.449423, NoOp Chain Depth 50 Size 0 Mode ref nolog, pipeline - train, run, end, 37396556302668685531053218361525440881, 1787670151.447493, 36, 1, 218328371727750
1787670151.449505, NoOp Chain Depth 50 Size 0 Mode ref nolog, pipeline - train, run, start, 196062673662554567754055681549716728659, 1787670151.449480, 37, 1, 218328371807791
1787670151.451439, NoOp Chain Depth 50 Size 0 Mode ref nolog, pipeline - train, run, end, 196062673662554567754055681549716728659, 1787670151.449480, 37, 1, 218328373748541
1787670151.451534, NoOp Chain Depth 50 Size 0 Mode ref nolog, pipeline - train, run, start, 259968614142363924134552108795674626699, 1787670151.451516, 38, 1, 218328373837958
1787670151.453311, NoOp Chain Depth 50 Size 0 Mode ref nolog, pipeline - train, run, end, 259968614142363924134552108795674626699, 1787670151.451516, 38, 1, 218328375617541
1787670151.453412, NoOp Chain Depth 50 Size 0 Mode ref nolog, pipeline - train, run, start, 85793907412225301937756856459006822147, 1787670151.453385, 39, 1, 218328375717500
1787670151.455218, NoOp Chain Depth 50 Size 0 Mode ref nolog, pipeline - train, run, end, 85793907412225301937756856459006822147, 1787670151.453385, 39, 1, 218328377523625
1787670151.455287, NoOp Chain Depth 50 Size 0 Mode ref nolog, pipeline - train, run, start, 318269739199287823562432721088823266445, 1787670151.455269, 40, 1, 218328377589666
1787670151.457021, NoOp Chain Depth 50 Size 0 Mode ref nolog, pipeline - train, run, end, 318269739199287823562432721088823266445, 1787670151.455269, 40, 1, 218328379327583
1787670151.457110, NoOp Chain Depth 50 Size 0 Mode ref nolog, pipeline - train, run, start, 126280464298097807451628285151465791094, 1787670151.457087, 41, 1, 218328379414291
1787670151.459094, NoOp Chain Depth 50 Size 0 Mode ref nolog, pipeline - train, run, end, 126280464298097807451628285151465791094, 1787670151.457087, 41, 1, 218328381400208
1787670151.459186, NoOp Chain Depth 50 Size 0 Mode ref nolog, pipeline - train, run, start, 90097951216568909697862169947540995852, 1787670151.459160, 42, 1, 218328381490750
1787670151.461107, NoOp Chain Depth 50 Size 0 Mode ref nolog, pipeline - train, run, end, 90097951216568909697862169947540995852, 1787670151.459160, 42, 1, 218328383412625
1787670151.461181, NoOp Chain Depth 50 Size 0 Mode ref nolog, pipeline - train, run, start, 231497294069926630013912213697260752731, 1787670151.461163, 43, 1, 218328383486583
1787670151.462587, NoOp Chain Depth 50 Size 0 Mode ref nolog, pipeline - train, run, end, 231497294069926630013912213697260752731, 1787670151.461163, 43, 1, 218328384890958
1787670151.462649, NoOp Chain Depth 50 Size 0 Mode ref nolog, pipeline - train, run, start, 207677176965193503999065075690417033295, 1787670151.462629, 44, 1, 218328384954583
1787670151.464040, NoOp Chain Depth 50 Size 0 Mode ref nolog, pipeline - train, run, end, 207677176965193503999065075690417033295, 1787670151.462629, 44, 1, 218328386344583
1787670151.464104, NoOp Chain Depth 50 Size 0 Mode ref nolog, pipeline - train, run, start, 162176334788163896543066831346100433766, 1787670151.464087, 45, 1, 218328386407125
1787670151.465376, NoOp Chain Depth 50 Size 0 Mode ref nolog, pipeline - train, run, end, 162176334788163896543066831346100433766, 1787670151.464087, 45, 1, 218328387680166
1787670151.465436, NoOp Chain Depth 50 Size 0 Mode ref nolog, pipeline - train, run, start, 253272404779367154837585657009282641365, 1787670151.465420, 46, 1, 218328387738541
1787670151.467073, NoOp Chain Depth 50 Size 0 Mode ref nolog, pipeline - train, run, end, 253272404779367154837585657009282641365, 1787670151.465420, 46, 1, 218328389377166
1787670151.467157, NoOp Chain Depth 50 Size 0 Mode ref nolog, pipeline - train, run, start, 72906794784949308377823267494536493138, 1787670151.467130, 47, 1, 218328389463083
1787670151.469170, NoOp Chain Depth 50 Size 0 Mode ref nolog, pipeline - train, run, end, 72906794784949308377823267494536493138, 1787670151.467130, 47, 1, 218328391479166
1787670151.469288, NoOp Chain Depth 50 Size 0 Mode ref nolog, pipeline - train, run, start, 204228739600682402490475391143846025108, 1787670151.469262, 48, 1, 218328391595458
1787670151.471129, NoOp Chain Depth 50 Size 0 Mode ref nolog, pipeline - train, run, end, 204228739600682402490475391143846025108, 1787670151.469262, 48, 1, 218328393435208
1787670151.471226, NoOp Chain Depth 50 Size 0 Mode ref nolog, pipeline - train, run, start, 135842949963021377416222714185048516048, 1787670151.471200, 49, 1, 218328393530208
1787670151.473163, NoOp Chain Depth 50 Size 0 Mode ref nolog, pipeline - train, run, end, 135842949963021377416222714185048516048, 1787670151.471200, 49, 1, 218328395469750
1787670151.473255, NoOp Chain Depth 50 Size 0 Mode ref nolog, pipeline - train, run, start, 64064824625179504430032485662443746263, 1787670151.473229, 50, 1, 218328395560958
1787670151.475354, NoOp Chain Depth 50 Size 0 Mode ref nolog, pipeline - train, run, end, 64064824625179504430032485662443746263, 1787670151.473229, 50, 1, 218328397661416
1787670151.475447, NoOp Chain Depth 50 Size 0 Mode ref nolog, pipeline - train, run, start, 141882664415418157575417999597985262469, 1787670151.475424, 51, 1, 218328397751291
1787670151.477423, NoOp Chain Depth 50 Size 0 Mode ref nolog, pipeline - train, run, end, 141882664415418157575417999597985262469, 1787670151.475424, 51, 1, 218328399729666
1787670151.477514, NoOp Chain Depth 50 Size 0 Mode ref nolog, pipeline - train, run, start, 315437846899164775782232040902408471563, 1787670151.477492, 52, 1, 218328399817916
1787670151.479614, NoOp Chain Depth 50 Size 0 Mode ref nolog, pipeline - train, run, end, 315437846899164775782232040902408471563, 1787670151.477492, 52, 1, 218328401919333
1787670151.479699, NoOp Chain Depth 50 Size 0 Mode ref nolog, pipeline - train, run, start, 312135774144586177212261217472759735211, 1787670151.479671, 53, 1, 218328402007791
1787670151.481560, NoOp Chain Depth 50 Size 0 Mode ref nolog, pipeline - train, run, end, 312135774144586177212261217472759735211, 1787670151.479671, 53, 1, 218328403864750
1787670151.481646, NoOp Chain Depth 50 Size 0 Mode ref nolog, pipeline - train, run, start, 196012684425262879387501154992860925842, 1787670151.481621, 54, 1, 218328403956958
1787670151.483527, NoOp Chain Depth 50 Size 0 Mode ref nolog, pipeline - train, run, end, 196012684425262879387501154992860925842, 1787670151.481621, 54, 1, 218328405834791
1787670151.483618, NoOp Chain Depth 50 Size 0 Mode ref nolog, pipeline - train, run, start, 280750415668685343102934719679684499569, 1787670151.483593, 55, 1, 218328405926166
1787670151.485309, NoOp Chain Depth 50 Size 0 Mode ref nolog, pipeline - train, run, end, 280750415668685343102934719679684499569, 1787670151.483593, 55, 1, 218328407616083
1787670151.485401, NoOp Chain Depth 50 Size 0 Mode ref nolog, pipeline - train, run, start, 230968289086639543703350407967125933384, 1787670151.485378, 56, 1, 218328407709583
1787670151.487009, NoOp Chain Depth 50 Size 0 Mode ref nolog, pipeline - train, run, end, 230968289086639543703350407967125933384, 1787670151.485378, 56, 1, 218328409315291
1787670151.487081, NoOp Chain Depth 50 Size 0 Mode ref nolog, pipeline - train, run, start, 68540395915013979574635738253565003055, 1787670151.487063, 57, 1, 218328409383791
1787670151.488488, NoOp Chain Depth 50 Size 0 Mode ref nolog, pipeline - train, run, end, 68540395915013979574635738253565003055, 1787670151.487063, 57, 1, 218328410794666
1787670151.488577, NoOp Chain Depth 50 Size 0 Mode ref nolog, pipeline - train, run, start, 54553662148368365643301227024766342726, 1787670151.488553, 58, 1, 218328410881375
1787670151.489979, NoOp Chain Depth 50 Size 0 Mode ref nolog, pipeline - train, run, end, 54553662148368365643301227024766342726, 1787670151.488553, 58, 1, 218328412285541
1787670151.490083, NoOp Chain Depth 50 Size 0 Mode ref nolog, pipeline - train, run, start, 303088290706170577489378218608801300777, 1787670151.490056, 59, 1, 218328412386750
1787670151.491885, NoOp Chain Depth 50 Size 0 Mode ref nolog, pipeline - train, run, end, 303088290706170577489378218608801300777, 1787670151.490056, 59, 1, 218328414190583
1787670151.491962, NoOp Chain Depth 50 Size 0 Mode ref nolog, pipeline - train, run, start, 212587478323773319328145056424752796826, 1787670151.491944, 60, 1, 218328414266833
1787670151.493533, NoOp Chain Depth 50 Size 0 Mode ref nolog, pipeline - train, run, end, 212587478323773319328145056424752796826, 1787670151.491944, 60, 1, 218328415838416
1787670151.493602, NoOp Chain Depth 50 Size 0 Mode ref nolog, pipeline - train, run, start, 327265207739565031397752746975762315910, 1787670151.493585, 61, 1, 218328415904916
1787670151.495368, NoOp Chain Depth 50 Size 0 Mode ref nolog, pipeline - train, run, end, 327265207739565031397752746975762315910, 1787670151.493585, 61, 1, 218328417675000
1787670151.495469, NoOp Chain Depth 50 Size 0 Mode ref nolog, pipeline - train, run, start, 284078212285339624022486469202849382864, 1787670151.495439, 62, 1, 218328417778000
1787670151.497502, NoOp Chain Depth 50 Size 0 Mode ref nolog, pipeline - train, run, end, 284078212285339624022486469202849382864, 1787670151.495439, 62, 1, 218328419809541
1787670151.497584, NoOp Chain Depth 50 Size 0 Mode ref nolog, pipeline - train, run, start, 212493829969177654462350389947649092546, 1787670151.497563, 63, 1, 218328419887541
1787670151.499256, NoOp Chain Depth 50 Size 0 Mode ref nolog, pipeline - train, run, end, 212493829969177654462350389947649092546, 1787670151.497563, 63, 1, 218328421566875
1787670151.499340, NoOp Chain Depth 50 Size 0 Mode ref nolog, pipeline - train, run, start, 110100296454052754283893591269780756520, 1787670151.499321, 64, 1, 218328421643125
1787670151.501265, NoOp Chain Depth 50 Size 0 Mode ref nolog, pipeline - train, run, end, 110100296454052754283893591269780756520, 1787670151.499321, 64, 1, 218328423571250
1787670151.501339, NoOp Chain Depth 50 Size 0 Mode ref nolog, pipeline - train, run, start, 82313107543794621327293688703653244562, 1787670151.501320, 65, 1, 218328423642208
1787670151.503191, NoOp Chain Depth 50 Size 0 Mode ref nolog, pipeline - train, run, end, 82313107543794621327293688703653244562, 1787670151.501320, 65, 1, 218328425497208
1787670151.503287, NoOp Chain Depth 50 Size 0 Mode ref nolog, pipeline - train, run, start, 95273537347021869025220664595688159183, 1787670151.503263, 66, 1, 218328425591625
1787670151.505102, NoOp Chain Depth 50 Size 0 Mode ref nolog, pipeline - train, run, end, 95273537347021869025220664595688159183, 1787670151.503263, 66, 1, 218328427407625
1787670151.505170, NoOp Chain Depth 50 Size 0 Mode ref nolog, pipeline - train, run, start, 99613213542950394636853955384797563486, 1787670151.505152, 67, 1, 218328427473041
1787670151.507048, NoOp Chain Depth 50 Size 0 Mode ref nolog, pipeline - train, run, end, 99613213542950394636853955384797563486, 1787670151.505152, 67, 1, 218328429354625
1787670151.507139, NoOp Chain Depth 50 Size 0 Mode ref nolog, pipeline - train, run, start, 272051080661726778863612316635830451758, 1787670151.507109, 68, 1, 218328429448041
1787670151.509431, NoOp Chain Depth 50 Size 0 Mode ref nolog, pipeline - train, run, end, 272051080661726778863612316635830451758, 1787670151.507109, 68, 1, 218328431740875
1787670151.509524, NoOp Chain Depth 50 Size 0 Mode ref nolog, pipeline - train, run, start, 306642967308575179764820656163395823251, 1787670151.509503, 69, 1, 218328431829791
1787670151.511283, NoOp Chain Depth 50 Size 0 Mode ref nolog, pipeline - train, run, end, 306642967308575179764820656163395823251, 1787670151.509503, 69, 1, 218328433588875
1787670151.511384, NoOp Chain Depth 50 Size 0 Mode ref nolog, pipeline - train, run, start, 149010011473793637696729960693524117961, 1787670151.511355, 70, 1, 218328433691166
1787670151.513437, NoOp Chain Depth 50 Size 0 Mode ref nolog, pipeline - train, run, end, 149010011473793637696729960693524117961, 1787670151.511355, 70, 1, 218328435743458
1787670151.513697, NoOp Chain Depth 50 Size 0 Mode ref nolog, pipeline - train, run, start, 297941048478385538339832614909019530267, 1787670151.513509, 71, 1, 218328436001958
1787670151.517750, NoOp Chain Depth 50 Size 0 Mode ref nolog, pipeline - train, run, end, 297941048478385538339832614909019530267, 1787670151.513509, 71, 1, 218328440057083
1787670151.517978, NoOp Chain Depth 50 Size 0 Mode ref nolog, pipeline - train, run, start, 231247943571926652673904773457270401335, 1787670151.517955, 72, 1, 218328440283958
1787670151.520687, NoOp Chain Depth 50 Size 0 Mode ref nolog, pipeline - train, run, end, 231247943571926652673904773457270401335, 1787670151.517955, 72, 1, 218328442991916
1787670151.520805, NoOp Chain Depth 50 Size 0 Mode ref nolog, pipeline - train, run, start, 255038967483993303302949847283077857480, 1787670151.520736, 73, 1, 218328443108833
1787670151.525226, NoOp Chain Depth 50 Size 0 Mode ref nolog, pipeline - train, run, end, 255038967483993303302949847283077857480, 1787670151.520736, 73, 1, 218328447534041
1787670151.525478, NoOp Chain Depth 50 Size 0 Mode ref nolog, pipeline - train, run, start, 70403177806011470449176085876018756651, 1787670151.525372, 74, 1, 218328447782000
1787670151.529499, NoOp Chain Depth 50 Size 0 Mode ref nolog, pipeline - train, run, end, 70403177806011470449176085876018756651, 1787670151.525372, 74, 1, 218328451808416
1787670151.529708, NoOp Chain Depth 50 Size 0 Mode ref nolog, pipeline - train, run, start, 130051309643523576037934593973327487266, 1787670151.529644, 75, 1, 218328452014666
1787670151.533166, NoOp Chain Depth 50 Size 0 Mode ref nolog, pipeline - train, run, end, 130051309643523576037934593973327487266, 1787670151.529644, 75, 1, 218328455473083
1787670151.533444, NoOp Chain Depth 50 Size 0 Mode ref nolog, pipeline - train, run, start, 274912642082572140113112930810085796559, 1787670151.533271, 76, 1, 218328455749708
1787670151.537531, NoOp Chain Depth 50 Size 0 Mode ref nolog, pipeline - train, run, end, 274912642082572140113112930810085796559, 1787670151.533271, 76, 1, 218328459837791
1787670151.537668, NoOp Chain Depth 50 Size 0 Mode ref nolog, pipeline - train, run, start, 134588120742786879316704789643948988054, 1787670151.537616, 77, 1, 218328459973000
1787670151.542571, NoOp Chain Depth 50 Size 0 Mode ref nolog, pipeline - train, run, end, 134588120742786879316704789643948988054, 1787670151.537616, 77, 1, 218328464878583
1787670151.542811, NoOp Chain Depth 50 Size 0 Mode ref nolog, pipeline - train, run, start, 94615806218727129377187159780273711750, 1787670151.542759, 78, 1, 218328465115125
1787670151.546398, NoOp Chain Depth 50 Size 0 Mode ref nolog, pipeline - train, run, end, 94615806218727129377187159780273711750, 1787670151.542759, 78, 1, 218328468704250
1787670151.546549, NoOp Chain Depth 50 Size 0 Mode ref nolog, pipeline - train, run, start, 195882801882018324600274264154494914928, 1787670151.546495, 79, 1, 218328468859416
1787670151.550087, NoOp Chain Depth 50 Size 0 Mode ref nolog, pipeline - train, run, end, 195882801882018324600274264154494914928, 1787670151.546495, 79, 1, 218328472395625
1787670151.550245, NoOp Chain Depth 50 Size 0 Mode ref nolog, pipeline - train, run, start, 248077171471378408477090175189979782735, 1787670151.550194, 80, 1, 218328472550125
1787670151.554344, NoOp Chain Depth 50 Size 0 Mode ref nolog, pipeline - train, run, end, 248077171471378408477090175189979782735, 1787670151.550194, 80, 1, 218328476651041
1787670151.554478, NoOp Chain Depth 50 Size 0 Mode ref nolog, pipeline - train, run, start, 45709710906491281952882170598685525613, 1787670151.554458, 81, 1, 218328476783583
1787670151.558398, NoOp Chain Depth 50 Size 0 Mode ref nolog, pipeline - train, run, end, 45709710906491281952882170598685525613, 1787670151.554458, 81, 1, 218328480703833
1787670151.558537, NoOp Chain Depth 50 Size 0 Mode ref nolog, pipeline - train, run, start, 323388643854154354300684160268777269287, 1787670151.558488, 82, 1, 218328480840833
1787670151.562680, NoOp Chain Depth 50 Size 0 Mode ref nolog, pipeline - train, run, end, 323388643854154354300684160268777269287, 1787670151.558488, 82, 1, 218328484990208
1787670151.562942, NoOp Chain Depth 50 Size 0 Mode ref nolog, pipeline - train, run, start, 327324769209448835251548690100397921331, 1787670151.562865, 83, 1, 218328485251291
1787670151.566791, NoOp Chain Depth 50 Size 0 Mode ref nolog, pipeline - train, run, end, 327324769209448835251548690100397921331, 1787670151.562865, 83, 1, 218328489099083
1787670151.567176, NoOp Chain Depth 50 Size 0 Mode ref nolog, pipeline - train, run, start, 9956758020122610050547569802390761958, 1787670151.567079, 84, 1, 218328489480208
1787670151.571427, NoOp Chain Depth 50 Size 0 Mode ref nolog, pipeline - train, run, end, 9956758020122610050547569802390761958, 1787670151.567079, 84, 1, 218328493734416
1787670151.571586, NoOp Chain Depth 50 Size 0 Mode ref nolog, pipeline - train, run, start, 48906653531621404713015542457185391333, 1787670151.571545, 85, 1, 218328493895541
1787670151.575706, NoOp Chain Depth 50 Size 0 Mode ref nolog, pipeline - train, run, end, 48906653531621404713015542457185391333, 1787670151.571545, 85, 1, 218328498014875
1787670151.575941, NoOp Chain Depth 50 Size 0 Mode ref nolog, pipeline - train, run, start, 103545502651976760060622162873663073580, 1787670151.575799, 86, 1, 218328498246875
1787670151.580967, NoOp Chain Depth 50 Size 0 Mode ref nolog, pipeline - train, run, end, 103545502651976760060622162873663073580, 1787670151.575799, 86, 1, 218328503273166
1787670151.581123, NoOp Chain Depth 50 Size 0 Mode ref nolog, pipeline - train, run, start, 292571956406619581696480027249479625368, 1787670151.581039, 87, 1, 218328503428750
1787670151.585147, NoOp Chain Depth 50 Size 0 Mode ref nolog, pipeline - train, run, end, 292571956406619581696480027249479625368, 1787670151.581039, 87, 1, 218328507453583
1787670151.585356, NoOp Chain Depth 50 Size 0 Mode ref nolog, pipeline - train, run, start, 52911695874600175891003559651718291786, 1787670151.585322, 88, 1, 218328507659333
1787670151.589000, NoOp Chain Depth 50 Size 0 Mode ref nolog, pipeline - train, run, end, 52911695874600175891003559651718291786, 1787670151.585322, 88, 1, 218328511305541
1787670151.589067, NoOp Chain Depth 50 Size 0 Mode ref nolog, pipeline - train, run, start, 151825171951793482309839884253225412897, 1787670151.589049, 89, 1, 218328511370000
1787670151.592274, NoOp Chain Depth 50 Size 0 Mode ref nolog, pipeline - train, run, end, 151825171951793482309839884253225412897, 1787670151.589049, 89, 1, 218328514580125
1787670151.592480, NoOp Chain Depth 50 Size 0 Mode ref nolog, pipeline - train, run, start, 130160068327851687007691878409162609664, 1787670151.592432, 90, 1, 218328514785708
1787670151.596501, NoOp Chain Depth 50 Size 0 Mode ref nolog, pipeline - train, run, end, 130160068327851687007691878409162609664, 1787670151.592432, 90, 1, 218328518810458
1787670151.596744, NoOp Chain Depth 50 Size 0 Mode ref nolog, pipeline - train, run, start, 188270543662171186455245840497017310310, 1787670151.596715, 91, 1, 218328519051500
1787670151.600601, NoOp Chain Depth 50 Size 0 Mode ref nolog, pipeline - train, run, end, 188270543662171186455245840497017310310, 1787670151.596715, 91, 1, 218328522910958
1787670151.600827, NoOp Chain Depth 50 Size 0 Mode ref nolog, pipeline - train, run, start, 231638164936389924969416790568894255267, 1787670151.600737, 92, 1, 218328523132916
1787670151.604500, NoOp Chain Depth 50 Size 0 Mode ref nolog, pipeline - train, run, end, 231638164936389924969416790568894255267, 1787670151.600737, 92, 1, 218328526807208
1787670151.604761, NoOp Chain Depth 50 Size 0 Mode ref nolog, pipeline - train, run, start, 337158315365926873256993975006113097331, 1787670151.604583, 93, 1, 218328527069333
1787670151.609424, NoOp Chain Depth 50 Size 0 Mode ref nolog, pipeline - train, run, end, 337158315365926873256993975006113097331, 1787670151.604583, 93, 1, 218328531731250
1787670151.609657, NoOp Chain Depth 50 Size 0 Mode ref nolog, pipeline - train, run, start, 175462768117149170816621514395275429878, 1787670151.609513, 94, 1, 218328531962875
1787670151.612589, NoOp Chain Depth 50 Size 0 Mode ref nolog, pipeline - train, run, end, 175462768117149170816621514395275429878, 1787670151.609513, 94, 1, 218328534894666
1787670151.612835, NoOp Chain Depth 50 Size 0 Mode ref nolog, pipeline - train, run, start, 225557368381103710461969876496117961936, 1787670151.612751, 95, 1, 218328535140708
1787670151.617412, NoOp Chain Depth 50 Size 0 Mode ref nolog, pipeline - train, run, end, 225557368381103710461969876496117961936, 1787670151.612751, 95, 1, 218328539718333
1787670151.617510, NoOp Chain Depth 50 Size 0 Mode ref nolog, pipeline - train, run, start, 198106207202396422030451396016286995711, 1787670151.617471, 96, 1, 218328539814833
1787670151.621383, NoOp Chain Depth 50 Size 0 Mode ref nolog, pipeline - train, run, end, 198106207202396422030451396016286995711, 1787670151.617471, 96, 1, 218328543691875
1787670151.621622, NoOp Chain Depth 50 Size 0 Mode ref nolog, pipeline - train, run, start, 283524168784061829786879543575050344578, 1787670151.621486, 97, 1, 218328543931000
1787670151.625877, NoOp Chain Depth 50 Size 0 Mode ref nolog, pipeline - train, run, end, 283524168784061829786879543575050344578, 1787670151.621486, 97, 1, 218328548185583
1787670151.626023, NoOp Chain Depth 50 Size 0 Mode ref nolog, pipeline - train, run, start, 178616627207360558685215874023727215094, 1787670151.625967, 98, 1, 218328548326708
1787670151.630083, NoOp Chain Depth 50 Size 0 Mode ref nolog, pipeline - train, run, end, 178616627207360558685215874023727215094, 1787670151.625967, 98, 1, 218328552389416
1787670151.630207, NoOp Chain Depth 50 Size 0 Mode ref nolog, pipeline - train, run, start, 103720345010558659102451409532634153823, 1787670151.630160, 99, 1, 218328552512291
1787670151.632819, NoOp Chain Depth 50 Size 0 Mode ref nolog, pipeline - train, run, end, 103720345010558659102451409532634153823, 1787670151.630160, 99, 1, 218328555125833
1787670151.632910, NoOp Chain Depth 50 Size 0 Mode ref nolog, pipeline - train, run, start, 224975605394277028886704726973969770813, 1787670151.632877, 100, 1, 218328555223875
1787670151.636215, NoOp Chain Depth 50 Size 0 Mode ref nolog, pipeline - train, run, end, 224975605394277028886704726973969770813, 1787670151.632877, 100, 1, 218328558524500
1787670151.636434, NoOp Chain Depth 50 Size 0 Mode ref nolog, pipeline - train, run, start, 268084139051672253146711866029648427230, 1787670151.636375, 101, 1, 218328558738083
1787670151.640476, NoOp Chain Depth 50 Size 0 Mode ref nolog, pipeline - train, run, end, 268084139051672253146711866029648427230, 1787670151.636375, 101, 1, 218328562787500
1787670151.665086, choreo, spans, emitted, 15606, 218328587465625
