1787078964.344763, NoOp Chain Depth 10 Size 10485760 Mode ref, pipeline, prepare, start, 9198030182954466
1787078964.346936, NoOp Chain Depth 10 Size 10485760 Mode ref, pipeline, prepare, end, 9198030185010052
1787078964.347433, NoOp Chain Depth 10 Size 10485760 Mode ref, pipeline - train, run, start, 276252804124818934915036573484824973701, 1787078964.347345, 1, 1, 9198030185496436
1787078964.347484, NoOp Chain Depth 10 Size 10485760 Mode ref, Ref Stage 0, run, start, 9198030185545060
1787078964.347619, NoOp Chain Depth 10 Size 10485760 Mode ref, Ref Stage 0, run, end, 9198030185679524
1787078964.347636, NoOp Chain Depth 10 Size 10485760 Mode ref, Ref Stage 1, run, start, 9198030185696148
1787078964.347786, NoOp Chain Depth 10 Size 10485760 Mode ref, Ref Stage 1, run, end, 9198030185846788
1787078964.347886, NoOp Chain Depth 10 Size 10485760 Mode ref, Ref Stage 2, run, start, 9198030185946084
1787078964.347916, NoOp Chain Depth 10 Size 10485760 Mode ref, Ref Stage 2, run, end, 9198030185975844
1787078964.347930, NoOp Chain Depth 10 Size 10485760 Mode ref, Ref Stage 3, run, start, 9198030185989700
1787078964.348150, NoOp Chain Depth 10 Size 10485760 Mode ref, Ref Stage 3, run, end, 9198030186210837
1787078964.348168, NoOp Chain Depth 10 Size 10485760 Mode ref, Ref Stage 4, run, start, 9198030186227717
1787078964.348193, NoOp Chain Depth 10 Size 10485760 Mode ref, Ref Stage 4, run, end, 9198030186252725
1787078964.348207, NoOp Chain Depth 10 Size 10485760 Mode ref, Ref Stage 5, run, start, 9198030186266229
1787078964.348418, NoOp Chain Depth 10 Size 10485760 Mode ref, Ref Stage 5, run, end, 9198030186478085
1787078964.348461, NoOp Chain Depth 10 Size 10485760 Mode ref, Ref Stage 6, run, start, 9198030186520869
1787078964.348484, NoOp Chain Depth 10 Size 10485760 Mode ref, Ref Stage 6, run, end, 9198030186544021
1787078964.348524, NoOp Chain Depth 10 Size 10485760 Mode ref, Ref Stage 7, run, start, 9198030186583717
1787078964.348547, NoOp Chain Depth 10 Size 10485760 Mode ref, Ref Stage 7, run, end, 9198030186606389
1787078964.348588, NoOp Chain Depth 10 Size 10485760 Mode ref, Ref Stage 8, run, start, 9198030186647173
1787078964.348804, NoOp Chain Depth 10 Size 10485760 Mode ref, Ref Stage 8, run, end, 9198030186863733
1787078964.348847, NoOp Chain Depth 10 Size 10485760 Mode ref, Ref Stage 9, run, start, 9198030186906405
1787078964.348869, NoOp Chain Depth 10 Size 10485760 Mode ref, Ref Stage 9, run, end, 9198030186928277
1787078964.348907, NoOp Chain Depth 10 Size 10485760 Mode ref, pipeline - train, run, end, 276252804124818934915036573484824973701, 1787078964.347345, 1, 1, 9198030186967285
1787078964.348982, NoOp Chain Depth 10 Size 10485760 Mode ref, pipeline - train, run, start, 279049473276114720187589650289055926582, 1787078964.348955, 2, 1, 9198030187041797
1787078964.349224, NoOp Chain Depth 10 Size 10485760 Mode ref, Ref Stage 0, run, start, 9198030187283797
1787078964.349250, NoOp Chain Depth 10 Size 10485760 Mode ref, Ref Stage 0, run, end, 9198030187309125
1787078964.349289, NoOp Chain Depth 10 Size 10485760 Mode ref, Ref Stage 1, run, start, 9198030187348917
1787078964.349322, NoOp Chain Depth 10 Size 10485760 Mode ref, Ref Stage 1, run, end, 9198030187381349
1787078964.349369, NoOp Chain Depth 10 Size 10485760 Mode ref, Ref Stage 2, run, start, 9198030187428101
1787078964.349391, NoOp Chain Depth 10 Size 10485760 Mode ref, Ref Stage 2, run, end, 9198030187450149
1787078964.349428, NoOp Chain Depth 10 Size 10485760 Mode ref, Ref Stage 3, run, start, 9198030187487334
1787078964.349452, NoOp Chain Depth 10 Size 10485760 Mode ref, Ref Stage 3, run, end, 9198030187511974
1787078964.349465, NoOp Chain Depth 10 Size 10485760 Mode ref, Ref Stage 4, run, start, 9198030187524774
1787078964.349524, NoOp Chain Depth 10 Size 10485760 Mode ref, Ref Stage 4, run, end, 9198030187583910
1787078964.349538, NoOp Chain Depth 10 Size 10485760 Mode ref, Ref Stage 5, run, start, 9198030187597238
1787078964.350028, NoOp Chain Depth 10 Size 10485760 Mode ref, Ref Stage 5, run, end, 9198030188088166
1787078964.350066, NoOp Chain Depth 10 Size 10485760 Mode ref, Ref Stage 6, run, start, 9198030188126118
1787078964.350096, NoOp Chain Depth 10 Size 10485760 Mode ref, Ref Stage 6, run, end, 9198030188155398
1787078964.350135, NoOp Chain Depth 10 Size 10485760 Mode ref, Ref Stage 7, run, start, 9198030188194454
1787078964.350157, NoOp Chain Depth 10 Size 10485760 Mode ref, Ref Stage 7, run, end, 9198030188217238
1787078964.350196, NoOp Chain Depth 10 Size 10485760 Mode ref, Ref Stage 8, run, start, 9198030188255558
1787078964.350218, NoOp Chain Depth 10 Size 10485760 Mode ref, Ref Stage 8, run, end, 9198030188277430
1787078964.350255, NoOp Chain Depth 10 Size 10485760 Mode ref, Ref Stage 9, run, start, 9198030188315046
1787078964.350277, NoOp Chain Depth 10 Size 10485760 Mode ref, Ref Stage 9, run, end, 9198030188336054
1787078964.350314, NoOp Chain Depth 10 Size 10485760 Mode ref, pipeline - train, run, end, 279049473276114720187589650289055926582, 1787078964.348955, 2, 1, 9198030188374166
1787078964.350383, NoOp Chain Depth 10 Size 10485760 Mode ref, pipeline - train, run, start, 86973762747952807102210645009430423026, 1787078964.350358, 3, 1, 9198030188442230
1787078964.350421, NoOp Chain Depth 10 Size 10485760 Mode ref, Ref Stage 0, run, start, 9198030188480278
1787078964.350443, NoOp Chain Depth 10 Size 10485760 Mode ref, Ref Stage 0, run, end, 9198030188502390
1787078964.350482, NoOp Chain Depth 10 Size 10485760 Mode ref, Ref Stage 1, run, start, 9198030188541350
1787078964.350504, NoOp Chain Depth 10 Size 10485760 Mode ref, Ref Stage 1, run, end, 9198030188563110
1787078964.350541, NoOp Chain Depth 10 Size 10485760 Mode ref, Ref Stage 2, run, start, 9198030188600182
1787078964.350562, NoOp Chain Depth 10 Size 10485760 Mode ref, Ref Stage 2, run, end, 9198030188621494
1787078964.351246, NoOp Chain Depth 10 Size 10485760 Mode ref, Ref Stage 3, run, start, 9198030189306983
1787078964.351274, NoOp Chain Depth 10 Size 10485760 Mode ref, Ref Stage 3, run, end, 9198030189333927
1787078964.351291, NoOp Chain Depth 10 Size 10485760 Mode ref, Ref Stage 4, run, start, 9198030189350631
1787078964.351313, NoOp Chain Depth 10 Size 10485760 Mode ref, Ref Stage 4, run, end, 9198030189372839
1787078964.351329, NoOp Chain Depth 10 Size 10485760 Mode ref, Ref Stage 5, run, start, 9198030189388535
1787078964.351353, NoOp Chain Depth 10 Size 10485760 Mode ref, Ref Stage 5, run, end, 9198030189412471
1787078964.351430, NoOp Chain Depth 10 Size 10485760 Mode ref, Ref Stage 6, run, start, 9198030189489927
1787078964.351452, NoOp Chain Depth 10 Size 10485760 Mode ref, Ref Stage 6, run, end, 9198030189511863
1787078964.351490, NoOp Chain Depth 10 Size 10485760 Mode ref, Ref Stage 7, run, start, 9198030189549143
1787078964.351511, NoOp Chain Depth 10 Size 10485760 Mode ref, Ref Stage 7, run, end, 9198030189570439
1787078964.351548, NoOp Chain Depth 10 Size 10485760 Mode ref, Ref Stage 8, run, start, 9198030189607543
1787078964.351569, NoOp Chain Depth 10 Size 10485760 Mode ref, Ref Stage 8, run, end, 9198030189628839
1787078964.351607, NoOp Chain Depth 10 Size 10485760 Mode ref, Ref Stage 9, run, start, 9198030189666055
1787078964.351627, NoOp Chain Depth 10 Size 10485760 Mode ref, Ref Stage 9, run, end, 9198030189686775
1787078964.351665, NoOp Chain Depth 10 Size 10485760 Mode ref, pipeline - train, run, end, 86973762747952807102210645009430423026, 1787078964.350358, 3, 1, 9198030189724231
1787078964.351725, NoOp Chain Depth 10 Size 10485760 Mode ref, pipeline - train, run, start, 219173959455487096179801809210033697206, 1787078964.351706, 4, 1, 9198030189784359
1787078964.351760, NoOp Chain Depth 10 Size 10485760 Mode ref, Ref Stage 0, run, start, 9198030189819047
1787078964.351781, NoOp Chain Depth 10 Size 10485760 Mode ref, Ref Stage 0, run, end, 9198030189840519
1787078964.351819, NoOp Chain Depth 10 Size 10485760 Mode ref, Ref Stage 1, run, start, 9198030189878263
1787078964.351841, NoOp Chain Depth 10 Size 10485760 Mode ref, Ref Stage 1, run, end, 9198030189900151
1787078964.351879, NoOp Chain Depth 10 Size 10485760 Mode ref, Ref Stage 2, run, start, 9198030189938919
1787078964.351915, NoOp Chain Depth 10 Size 10485760 Mode ref, Ref Stage 2, run, end, 9198030189974423
1787078964.351935, NoOp Chain Depth 10 Size 10485760 Mode ref, Ref Stage 3, run, start, 9198030189994855
1787078964.351987, NoOp Chain Depth 10 Size 10485760 Mode ref, Ref Stage 3, run, end, 9198030190046711
1787078964.352003, NoOp Chain Depth 10 Size 10485760 Mode ref, Ref Stage 4, run, start, 9198030190062423
1787078964.352024, NoOp Chain Depth 10 Size 10485760 Mode ref, Ref Stage 4, run, end, 9198030190083415
1787078964.352039, NoOp Chain Depth 10 Size 10485760 Mode ref, Ref Stage 5, run, start, 9198030190098631
1787078964.352060, NoOp Chain Depth 10 Size 10485760 Mode ref, Ref Stage 5, run, end, 9198030190119623
1787078964.352133, NoOp Chain Depth 10 Size 10485760 Mode ref, Ref Stage 6, run, start, 9198030190192119
1787078964.352155, NoOp Chain Depth 10 Size 10485760 Mode ref, Ref Stage 6, run, end, 9198030190214759
1787078964.352192, NoOp Chain Depth 10 Size 10485760 Mode ref, Ref Stage 7, run, start, 9198030190251367
1787078964.352213, NoOp Chain Depth 10 Size 10485760 Mode ref, Ref Stage 7, run, end, 9198030190272743
1787078964.352250, NoOp Chain Depth 10 Size 10485760 Mode ref, Ref Stage 8, run, start, 9198030190309544
1787078964.352272, NoOp Chain Depth 10 Size 10485760 Mode ref, Ref Stage 8, run, end, 9198030190331336
1787078964.352309, NoOp Chain Depth 10 Size 10485760 Mode ref, Ref Stage 9, run, start, 9198030190369192
1787078964.352330, NoOp Chain Depth 10 Size 10485760 Mode ref, Ref Stage 9, run, end, 9198030190390152
1787078964.353531, NoOp Chain Depth 10 Size 10485760 Mode ref, pipeline - train, run, end, 219173959455487096179801809210033697206, 1787078964.351706, 4, 1, 9198030191592184
1787078964.353601, NoOp Chain Depth 10 Size 10485760 Mode ref, pipeline - train, run, start, 197858626045686375328887397555962326179, 1787078964.353582, 5, 1, 9198030191661112
1787078964.353638, NoOp Chain Depth 10 Size 10485760 Mode ref, Ref Stage 0, run, start, 9198030191697432
1787078964.353660, NoOp Chain Depth 10 Size 10485760 Mode ref, Ref Stage 0, run, end, 9198030191719768
1787078964.353698, NoOp Chain Depth 10 Size 10485760 Mode ref, Ref Stage 1, run, start, 9198030191757096
1787078964.353719, NoOp Chain Depth 10 Size 10485760 Mode ref, Ref Stage 1, run, end, 9198030191778904
1787078964.353756, NoOp Chain Depth 10 Size 10485760 Mode ref, Ref Stage 2, run, start, 9198030191815689
1787078964.353778, NoOp Chain Depth 10 Size 10485760 Mode ref, Ref Stage 2, run, end, 9198030191837385
1787078964.353814, NoOp Chain Depth 10 Size 10485760 Mode ref, Ref Stage 3, run, start, 9198030191873529
1787078964.353836, NoOp Chain Depth 10 Size 10485760 Mode ref, Ref Stage 3, run, end, 9198030191895065
1787078964.353851, NoOp Chain Depth 10 Size 10485760 Mode ref, Ref Stage 4, run, start, 9198030191910649
1787078964.353873, NoOp Chain Depth 10 Size 10485760 Mode ref, Ref Stage 4, run, end, 9198030191932089
1787078964.353926, NoOp Chain Depth 10 Size 10485760 Mode ref, Ref Stage 5, run, start, 9198030191985641
1787078964.353950, NoOp Chain Depth 10 Size 10485760 Mode ref, Ref Stage 5, run, end, 9198030192008985
1787078964.353988, NoOp Chain Depth 10 Size 10485760 Mode ref, Ref Stage 6, run, start, 9198030192047161
1787078964.354009, NoOp Chain Depth 10 Size 10485760 Mode ref, Ref Stage 6, run, end, 9198030192068729
1787078964.354045, NoOp Chain Depth 10 Size 10485760 Mode ref, Ref Stage 7, run, start, 9198030192104953
1787078964.354067, NoOp Chain Depth 10 Size 10485760 Mode ref, Ref Stage 7, run, end, 9198030192126297
1787078964.354103, NoOp Chain Depth 10 Size 10485760 Mode ref, Ref Stage 8, run, start, 9198030192162521
1787078964.354125, NoOp Chain Depth 10 Size 10485760 Mode ref, Ref Stage 8, run, end, 9198030192184137
1787078964.354160, NoOp Chain Depth 10 Size 10485760 Mode ref, Ref Stage 9, run, start, 9198030192219977
1787078964.354183, NoOp Chain Depth 10 Size 10485760 Mode ref, Ref Stage 9, run, end, 9198030192243097
1787078964.354196, NoOp Chain Depth 10 Size 10485760 Mode ref, pipeline - train, run, end, 197858626045686375328887397555962326179, 1787078964.353582, 5, 1, 9198030192255225
1787078964.354288, NoOp Chain Depth 10 Size 10485760 Mode ref, pipeline - train, run, start, 136081840080662188956232735053493504827, 1787078964.354271, 6, 1, 9198030192348201
1787078964.354323, NoOp Chain Depth 10 Size 10485760 Mode ref, Ref Stage 0, run, start, 9198030192382297
1787078964.354345, NoOp Chain Depth 10 Size 10485760 Mode ref, Ref Stage 0, run, end, 9198030192404489
1787078964.354382, NoOp Chain Depth 10 Size 10485760 Mode ref, Ref Stage 1, run, start, 9198030192441081
1787078964.354403, NoOp Chain Depth 10 Size 10485760 Mode ref, Ref Stage 1, run, end, 9198030192462489
1787078964.354439, NoOp Chain Depth 10 Size 10485760 Mode ref, Ref Stage 2, run, start, 9198030192498569
1787078964.354460, NoOp Chain Depth 10 Size 10485760 Mode ref, Ref Stage 2, run, end, 9198030192520009
1787078964.354496, NoOp Chain Depth 10 Size 10485760 Mode ref, Ref Stage 3, run, start, 9198030192556137
1787078964.354518, NoOp Chain Depth 10 Size 10485760 Mode ref, Ref Stage 3, run, end, 9198030192577209
1787078964.354554, NoOp Chain Depth 10 Size 10485760 Mode ref, Ref Stage 4, run, start, 9198030192613545
1787078964.354575, NoOp Chain Depth 10 Size 10485760 Mode ref, Ref Stage 4, run, end, 9198030192634649
1787078964.354611, NoOp Chain Depth 10 Size 10485760 Mode ref, Ref Stage 5, run, start, 9198030192670393
1787078964.354632, NoOp Chain Depth 10 Size 10485760 Mode ref, Ref Stage 5, run, end, 9198030192691417
1787078964.354667, NoOp Chain Depth 10 Size 10485760 Mode ref, Ref Stage 6, run, start, 9198030192726985
1787078964.354689, NoOp Chain Depth 10 Size 10485760 Mode ref, Ref Stage 6, run, end, 9198030192748201
1787078964.354725, NoOp Chain Depth 10 Size 10485760 Mode ref, Ref Stage 7, run, start, 9198030192784841
1787078964.354746, NoOp Chain Depth 10 Size 10485760 Mode ref, Ref Stage 7, run, end, 9198030192805929
1787078964.354783, NoOp Chain Depth 10 Size 10485760 Mode ref, Ref Stage 8, run, start, 9198030192842185
1787078964.354803, NoOp Chain Depth 10 Size 10485760 Mode ref, Ref Stage 8, run, end, 9198030192862665
1787078964.354840, NoOp Chain Depth 10 Size 10485760 Mode ref, Ref Stage 9, run, start, 9198030192899689
1787078964.354872, NoOp Chain Depth 10 Size 10485760 Mode ref, Ref Stage 9, run, end, 9198030192931401
1787078964.354901, NoOp Chain Depth 10 Size 10485760 Mode ref, pipeline - train, run, end, 136081840080662188956232735053493504827, 1787078964.354271, 6, 1, 9198030192960441
1787078964.354979, NoOp Chain Depth 10 Size 10485760 Mode ref, pipeline - train, run, start, 7758357452753827642083822350492358161, 1787078964.354961, 7, 1, 9198030193039049
1787078964.355014, NoOp Chain Depth 10 Size 10485760 Mode ref, Ref Stage 0, run, start, 9198030193074137
1787078964.355037, NoOp Chain Depth 10 Size 10485760 Mode ref, Ref Stage 0, run, end, 9198030193096425
1787078964.355074, NoOp Chain Depth 10 Size 10485760 Mode ref, Ref Stage 1, run, start, 9198030193133497
1787078964.355096, NoOp Chain Depth 10 Size 10485760 Mode ref, Ref Stage 1, run, end, 9198030193155257
1787078964.355133, NoOp Chain Depth 10 Size 10485760 Mode ref, Ref Stage 2, run, start, 9198030193192425
1787078964.355155, NoOp Chain Depth 10 Size 10485760 Mode ref, Ref Stage 2, run, end, 9198030193214282
1787078964.355193, NoOp Chain Depth 10 Size 10485760 Mode ref, Ref Stage 3, run, start, 9198030193252218
1787078964.355224, NoOp Chain Depth 10 Size 10485760 Mode ref, Ref Stage 3, run, end, 9198030193283642
1787078964.355254, NoOp Chain Depth 10 Size 10485760 Mode ref, Ref Stage 4, run, start, 9198030193313466
1787078964.355299, NoOp Chain Depth 10 Size 10485760 Mode ref, Ref Stage 4, run, end, 9198030193358378
1787078964.355333, NoOp Chain Depth 10 Size 10485760 Mode ref, Ref Stage 5, run, start, 9198030193392394
1787078964.355354, NoOp Chain Depth 10 Size 10485760 Mode ref, Ref Stage 5, run, end, 9198030193413962
1787078964.355391, NoOp Chain Depth 10 Size 10485760 Mode ref, Ref Stage 6, run, start, 9198030193450746
1787078964.355412, NoOp Chain Depth 10 Size 10485760 Mode ref, Ref Stage 6, run, end, 9198030193471882
1787078964.355452, NoOp Chain Depth 10 Size 10485760 Mode ref, Ref Stage 7, run, start, 9198030193511418
1787078964.355483, NoOp Chain Depth 10 Size 10485760 Mode ref, Ref Stage 7, run, end, 9198030193542154
1787078964.355518, NoOp Chain Depth 10 Size 10485760 Mode ref, Ref Stage 8, run, start, 9198030193577770
1787078964.355549, NoOp Chain Depth 10 Size 10485760 Mode ref, Ref Stage 8, run, end, 9198030193608362
1787078964.355593, NoOp Chain Depth 10 Size 10485760 Mode ref, Ref Stage 9, run, start, 9198030193653018
1787078964.355625, NoOp Chain Depth 10 Size 10485760 Mode ref, Ref Stage 9, run, end, 9198030193684730
1787078964.355655, NoOp Chain Depth 10 Size 10485760 Mode ref, pipeline - train, run, end, 7758357452753827642083822350492358161, 1787078964.354961, 7, 1, 9198030193714234
1787078964.355989, NoOp Chain Depth 10 Size 10485760 Mode ref, pipeline - train, run, start, 260801485506746646310299943074763219265, 1787078964.355978, 8, 1, 9198030194049194
1787078964.356044, NoOp Chain Depth 10 Size 10485760 Mode ref, Ref Stage 0, run, start, 9198030194103418
1787078964.356066, NoOp Chain Depth 10 Size 10485760 Mode ref, Ref Stage 0, run, end, 9198030194125450
1787078964.356102, NoOp Chain Depth 10 Size 10485760 Mode ref, Ref Stage 1, run, start, 9198030194161578
1787078964.356123, NoOp Chain Depth 10 Size 10485760 Mode ref, Ref Stage 1, run, end, 9198030194182682
1787078964.356159, NoOp Chain Depth 10 Size 10485760 Mode ref, Ref Stage 2, run, start, 9198030194218554
1787078964.356181, NoOp Chain Depth 10 Size 10485760 Mode ref, Ref Stage 2, run, end, 9198030194240186
1787078964.356218, NoOp Chain Depth 10 Size 10485760 Mode ref, Ref Stage 3, run, start, 9198030194277194
1787078964.356239, NoOp Chain Depth 10 Size 10485760 Mode ref, Ref Stage 3, run, end, 9198030194298842
1787078964.356276, NoOp Chain Depth 10 Size 10485760 Mode ref, Ref Stage 4, run, start, 9198030194335690
1787078964.356297, NoOp Chain Depth 10 Size 10485760 Mode ref, Ref Stage 4, run, end, 9198030194356714
1787078964.356333, NoOp Chain Depth 10 Size 10485760 Mode ref, Ref Stage 5, run, start, 9198030194392890
1787078964.356355, NoOp Chain Depth 10 Size 10485760 Mode ref, Ref Stage 5, run, end, 9198030194414202
1787078964.356390, NoOp Chain Depth 10 Size 10485760 Mode ref, Ref Stage 6, run, start, 9198030194449754
1787078964.356411, NoOp Chain Depth 10 Size 10485760 Mode ref, Ref Stage 6, run, end, 9198030194470906
1787078964.356447, NoOp Chain Depth 10 Size 10485760 Mode ref, Ref Stage 7, run, start, 9198030194506666
1787078964.356468, NoOp Chain Depth 10 Size 10485760 Mode ref, Ref Stage 7, run, end, 9198030194527914
1787078964.356504, NoOp Chain Depth 10 Size 10485760 Mode ref, Ref Stage 8, run, start, 9198030194563258
1787078964.356525, NoOp Chain Depth 10 Size 10485760 Mode ref, Ref Stage 8, run, end, 9198030194584266
1787078964.356561, NoOp Chain Depth 10 Size 10485760 Mode ref, Ref Stage 9, run, start, 9198030194620395
1787078964.356582, NoOp Chain Depth 10 Size 10485760 Mode ref, Ref Stage 9, run, end, 9198030194641499
1787078964.356617, NoOp Chain Depth 10 Size 10485760 Mode ref, pipeline - train, run, end, 260801485506746646310299943074763219265, 1787078964.355978, 8, 1, 9198030194677131
1787078964.356655, NoOp Chain Depth 10 Size 10485760 Mode ref, pipeline - train, run, start, 83447072271226947847893833604028661642, 1787078964.356645, 9, 1, 9198030194714395
1787078964.356677, NoOp Chain Depth 10 Size 10485760 Mode ref, Ref Stage 0, run, start, 9198030194736187
1787078964.356698, NoOp Chain Depth 10 Size 10485760 Mode ref, Ref Stage 0, run, end, 9198030194757211
1787078964.356759, NoOp Chain Depth 10 Size 10485760 Mode ref, Ref Stage 1, run, start, 9198030194817963
1787078964.356780, NoOp Chain Depth 10 Size 10485760 Mode ref, Ref Stage 1, run, end, 9198030194838939
1787078964.356817, NoOp Chain Depth 10 Size 10485760 Mode ref, Ref Stage 2, run, start, 9198030194876395
1787078964.356838, NoOp Chain Depth 10 Size 10485760 Mode ref, Ref Stage 2, run, end, 9198030194897867
1787078964.356874, NoOp Chain Depth 10 Size 10485760 Mode ref, Ref Stage 3, run, start, 9198030194933771
1787078964.356898, NoOp Chain Depth 10 Size 10485760 Mode ref, Ref Stage 3, run, end, 9198030194957531
1787078964.356934, NoOp Chain Depth 10 Size 10485760 Mode ref, Ref Stage 4, run, start, 9198030194993179
1787078964.356960, NoOp Chain Depth 10 Size 10485760 Mode ref, Ref Stage 4, run, end, 9198030195019323
1787078964.356976, NoOp Chain Depth 10 Size 10485760 Mode ref, Ref Stage 5, run, start, 9198030195035211
1787078964.356996, NoOp Chain Depth 10 Size 10485760 Mode ref, Ref Stage 5, run, end, 9198030195055803
1787078964.357012, NoOp Chain Depth 10 Size 10485760 Mode ref, Ref Stage 6, run, start, 9198030195071019
1787078964.357033, NoOp Chain Depth 10 Size 10485760 Mode ref, Ref Stage 6, run, end, 9198030195091963
1787078964.357104, NoOp Chain Depth 10 Size 10485760 Mode ref, Ref Stage 7, run, start, 9198030195163595
1787078964.357126, NoOp Chain Depth 10 Size 10485760 Mode ref, Ref Stage 7, run, end, 9198030195185099
1787078964.357194, NoOp Chain Depth 10 Size 10485760 Mode ref, Ref Stage 8, run, start, 9198030195253579
1787078964.357219, NoOp Chain Depth 10 Size 10485760 Mode ref, Ref Stage 8, run, end, 9198030195278507
1787078964.357234, NoOp Chain Depth 10 Size 10485760 Mode ref, Ref Stage 9, run, start, 9198030195293371
1787078964.360019, NoOp Chain Depth 10 Size 10485760 Mode ref, Ref Stage 9, run, end, 9198030198080893
1787078964.360040, NoOp Chain Depth 10 Size 10485760 Mode ref, pipeline - train, run, end, 83447072271226947847893833604028661642, 1787078964.356645, 9, 1, 9198030198099965
1787078964.360128, NoOp Chain Depth 10 Size 10485760 Mode ref, pipeline - train, run, start, 213446145029652449561463185246951313414, 1787078964.360108, 10, 1, 9198030198187997
1787078964.360166, NoOp Chain Depth 10 Size 10485760 Mode ref, Ref Stage 0, run, start, 9198030198225437
1787078964.360189, NoOp Chain Depth 10 Size 10485760 Mode ref, Ref Stage 0, run, end, 9198030198248717
1787078964.360226, NoOp Chain Depth 10 Size 10485760 Mode ref, Ref Stage 1, run, start, 9198030198285709
1787078964.360248, NoOp Chain Depth 10 Size 10485760 Mode ref, Ref Stage 1, run, end, 9198030198307773
1787078964.360284, NoOp Chain Depth 10 Size 10485760 Mode ref, Ref Stage 2, run, start, 9198030198344045
1787078964.360306, NoOp Chain Depth 10 Size 10485760 Mode ref, Ref Stage 2, run, end, 9198030198365373
1787078964.360342, NoOp Chain Depth 10 Size 10485760 Mode ref, Ref Stage 3, run, start, 9198030198401597
1787078964.360364, NoOp Chain Depth 10 Size 10485760 Mode ref, Ref Stage 3, run, end, 9198030198423693
1787078964.360400, NoOp Chain Depth 10 Size 10485760 Mode ref, Ref Stage 4, run, start, 9198030198459805
1787078964.360422, NoOp Chain Depth 10 Size 10485760 Mode ref, Ref Stage 4, run, end, 9198030198481261
1787078964.360458, NoOp Chain Depth 10 Size 10485760 Mode ref, Ref Stage 5, run, start, 9198030198517661
1787078964.360480, NoOp Chain Depth 10 Size 10485760 Mode ref, Ref Stage 5, run, end, 9198030198539373
1787078964.360516, NoOp Chain Depth 10 Size 10485760 Mode ref, Ref Stage 6, run, start, 9198030198575485
1787078964.360537, NoOp Chain Depth 10 Size 10485760 Mode ref, Ref Stage 6, run, end, 9198030198596669
1787078964.360574, NoOp Chain Depth 10 Size 10485760 Mode ref, Ref Stage 7, run, start, 9198030198633245
1787078964.360598, NoOp Chain Depth 10 Size 10485760 Mode ref, Ref Stage 7, run, end, 9198030198657325
1787078964.360611, NoOp Chain Depth 10 Size 10485760 Mode ref, Ref Stage 8, run, start, 9198030198670253
1787078964.360666, NoOp Chain Depth 10 Size 10485760 Mode ref, Ref Stage 8, run, end, 9198030198725949
1787078964.360682, NoOp Chain Depth 10 Size 10485760 Mode ref, Ref Stage 9, run, start, 9198030198741805
1787078964.360703, NoOp Chain Depth 10 Size 10485760 Mode ref, Ref Stage 9, run, end, 9198030198761965
1787078964.360755, NoOp Chain Depth 10 Size 10485760 Mode ref, pipeline - train, run, end, 213446145029652449561463185246951313414, 1787078964.360108, 10, 1, 9198030198814589
1787078964.360812, NoOp Chain Depth 10 Size 10485760 Mode ref, pipeline - train, run, start, 298574296186920796273380240528009934379, 1787078964.360794, 11, 1, 9198030198871341
1787078964.360848, NoOp Chain Depth 10 Size 10485760 Mode ref, Ref Stage 0, run, start, 9198030198907533
1787078964.360870, NoOp Chain Depth 10 Size 10485760 Mode ref, Ref Stage 0, run, end, 9198030198929117
1787078964.360905, NoOp Chain Depth 10 Size 10485760 Mode ref, Ref Stage 1, run, start, 9198030198965037
1787078964.360927, NoOp Chain Depth 10 Size 10485760 Mode ref, Ref Stage 1, run, end, 9198030198986078
1787078964.360966, NoOp Chain Depth 10 Size 10485760 Mode ref, Ref Stage 2, run, start, 9198030199026014
1787078964.360989, NoOp Chain Depth 10 Size 10485760 Mode ref, Ref Stage 2, run, end, 9198030199047998
1787078964.361025, NoOp Chain Depth 10 Size 10485760 Mode ref, Ref Stage 3, run, start, 9198030199083950
1787078964.361046, NoOp Chain Depth 10 Size 10485760 Mode ref, Ref Stage 3, run, end, 9198030199105358
1787078964.361083, NoOp Chain Depth 10 Size 10485760 Mode ref, Ref Stage 4, run, start, 9198030199142046
1787078964.361113, NoOp Chain Depth 10 Size 10485760 Mode ref, Ref Stage 4, run, end, 9198030199172590
1787078964.361149, NoOp Chain Depth 10 Size 10485760 Mode ref, Ref Stage 5, run, start, 9198030199208686
1787078964.361179, NoOp Chain Depth 10 Size 10485760 Mode ref, Ref Stage 5, run, end, 9198030199238926
1787078964.361223, NoOp Chain Depth 10 Size 10485760 Mode ref, Ref Stage 6, run, start, 9198030199281934
1787078964.361253, NoOp Chain Depth 10 Size 10485760 Mode ref, Ref Stage 6, run, end, 9198030199312318
1787078964.361282, NoOp Chain Depth 10 Size 10485760 Mode ref, Ref Stage 7, run, start, 9198030199341342
1787078964.361328, NoOp Chain Depth 10 Size 10485760 Mode ref, Ref Stage 7, run, end, 9198030199387182
1787078964.361365, NoOp Chain Depth 10 Size 10485760 Mode ref, Ref Stage 8, run, start, 9198030199424462
1787078964.361386, NoOp Chain Depth 10 Size 10485760 Mode ref, Ref Stage 8, run, end, 9198030199445502
1787078964.361401, NoOp Chain Depth 10 Size 10485760 Mode ref, Ref Stage 9, run, start, 9198030199460718
1787078964.361422, NoOp Chain Depth 10 Size 10485760 Mode ref, Ref Stage 9, run, end, 9198030199480910
1787078964.361474, NoOp Chain Depth 10 Size 10485760 Mode ref, pipeline - train, run, end, 298574296186920796273380240528009934379, 1787078964.360794, 11, 1, 9198030199533966
1787078964.361531, NoOp Chain Depth 10 Size 10485760 Mode ref, pipeline - train, run, start, 225318399716148031867934850265822854332, 1787078964.361514, 12, 1, 9198030199590478
1787078964.361564, NoOp Chain Depth 10 Size 10485760 Mode ref, Ref Stage 0, run, start, 9198030199623134
1787078964.361585, NoOp Chain Depth 10 Size 10485760 Mode ref, Ref Stage 0, run, end, 9198030199644590
1787078964.361620, NoOp Chain Depth 10 Size 10485760 Mode ref, Ref Stage 1, run, start, 9198030199679678
1787078964.361641, NoOp Chain Depth 10 Size 10485760 Mode ref, Ref Stage 1, run, end, 9198030199700670
1787078964.361678, NoOp Chain Depth 10 Size 10485760 Mode ref, Ref Stage 2, run, start, 9198030199737006
1787078964.361699, NoOp Chain Depth 10 Size 10485760 Mode ref, Ref Stage 2, run, end, 9198030199758030
1787078964.361735, NoOp Chain Depth 10 Size 10485760 Mode ref, Ref Stage 3, run, start, 9198030199794462
1787078964.361756, NoOp Chain Depth 10 Size 10485760 Mode ref, Ref Stage 3, run, end, 9198030199815598
1787078964.361792, NoOp Chain Depth 10 Size 10485760 Mode ref, Ref Stage 4, run, start, 9198030199851566
1787078964.361814, NoOp Chain Depth 10 Size 10485760 Mode ref, Ref Stage 4, run, end, 9198030199872894
1787078964.361849, NoOp Chain Depth 10 Size 10485760 Mode ref, Ref Stage 5, run, start, 9198030199908526
1787078964.361870, NoOp Chain Depth 10 Size 10485760 Mode ref, Ref Stage 5, run, end, 9198030199928894
1787078964.361907, NoOp Chain Depth 10 Size 10485760 Mode ref, Ref Stage 6, run, start, 9198030199966430
1787078964.361938, NoOp Chain Depth 10 Size 10485760 Mode ref, Ref Stage 6, run, end, 9198030199997198
1787078964.361968, NoOp Chain Depth 10 Size 10485760 Mode ref, Ref Stage 7, run, start, 9198030200027966
1787078964.362021, NoOp Chain Depth 10 Size 10485760 Mode ref, Ref Stage 7, run, end, 9198030200080414
1787078964.362050, NoOp Chain Depth 10 Size 10485760 Mode ref, Ref Stage 8, run, start, 9198030200109550
1787078964.362089, NoOp Chain Depth 10 Size 10485760 Mode ref, Ref Stage 8, run, end, 9198030200148670
1787078964.362105, NoOp Chain Depth 10 Size 10485760 Mode ref, Ref Stage 9, run, start, 9198030200164126
1787078964.362124, NoOp Chain Depth 10 Size 10485760 Mode ref, Ref Stage 9, run, end, 9198030200183998
1787078964.362139, NoOp Chain Depth 10 Size 10485760 Mode ref, pipeline - train, run, end, 225318399716148031867934850265822854332, 1787078964.361514, 12, 1, 9198030200198862
1787078964.362230, NoOp Chain Depth 10 Size 10485760 Mode ref, pipeline - train, run, start, 60070644261308639573322460000108789271, 1787078964.362213, 13, 1, 9198030200289630
1787078964.362263, NoOp Chain Depth 10 Size 10485760 Mode ref, Ref Stage 0, run, start, 9198030200322798
1787078964.362285, NoOp Chain Depth 10 Size 10485760 Mode ref, Ref Stage 0, run, end, 9198030200344126
1787078964.362320, NoOp Chain Depth 10 Size 10485760 Mode ref, Ref Stage 1, run, start, 9198030200379502
1787078964.362341, NoOp Chain Depth 10 Size 10485760 Mode ref, Ref Stage 1, run, end, 9198030200400414
1787078964.362377, NoOp Chain Depth 10 Size 10485760 Mode ref, Ref Stage 2, run, start, 9198030200436238
1787078964.362398, NoOp Chain Depth 10 Size 10485760 Mode ref, Ref Stage 2, run, end, 9198030200457327
1787078964.362433, NoOp Chain Depth 10 Size 10485760 Mode ref, Ref Stage 3, run, start, 9198030200493135
1787078964.362454, NoOp Chain Depth 10 Size 10485760 Mode ref, Ref Stage 3, run, end, 9198030200514111
1787078964.362490, NoOp Chain Depth 10 Size 10485760 Mode ref, Ref Stage 4, run, start, 9198030200549839
1787078964.362511, NoOp Chain Depth 10 Size 10485760 Mode ref, Ref Stage 4, run, end, 9198030200570799
1787078964.362548, NoOp Chain Depth 10 Size 10485760 Mode ref, Ref Stage 5, run, start, 9198030200607167
1787078964.362569, NoOp Chain Depth 10 Size 10485760 Mode ref, Ref Stage 5, run, end, 9198030200628271
1787078964.362605, NoOp Chain Depth 10 Size 10485760 Mode ref, Ref Stage 6, run, start, 9198030200664319
1787078964.362626, NoOp Chain Depth 10 Size 10485760 Mode ref, Ref Stage 6, run, end, 9198030200685215
1787078964.362663, NoOp Chain Depth 10 Size 10485760 Mode ref, Ref Stage 7, run, start, 9198030200722127
1787078964.362695, NoOp Chain Depth 10 Size 10485760 Mode ref, Ref Stage 7, run, end, 9198030200754239
1787078964.362979, NoOp Chain Depth 10 Size 10485760 Mode ref, Ref Stage 8, run, start, 9198030201039871
1787078964.363036, NoOp Chain Depth 10 Size 10485760 Mode ref, Ref Stage 8, run, end, 9198030201095599
1787078964.363054, NoOp Chain Depth 10 Size 10485760 Mode ref, Ref Stage 9, run, start, 9198030201113583
1787078964.363075, NoOp Chain Depth 10 Size 10485760 Mode ref, Ref Stage 9, run, end, 9198030201135055
1787078964.363091, NoOp Chain Depth 10 Size 10485760 Mode ref, pipeline - train, run, end, 60070644261308639573322460000108789271, 1787078964.362213, 13, 1, 9198030201150591
1787078964.363185, NoOp Chain Depth 10 Size 10485760 Mode ref, pipeline - train, run, start, 101184681801331160980663923473063812576, 1787078964.363166, 14, 1, 9198030201244399
1787078964.363220, NoOp Chain Depth 10 Size 10485760 Mode ref, Ref Stage 0, run, start, 9198030201279695
1787078964.363242, NoOp Chain Depth 10 Size 10485760 Mode ref, Ref Stage 0, run, end, 9198030201301775
1787078964.363279, NoOp Chain Depth 10 Size 10485760 Mode ref, Ref Stage 1, run, start, 9198030201338511
1787078964.363301, NoOp Chain Depth 10 Size 10485760 Mode ref, Ref Stage 1, run, end, 9198030201359967
1787078964.363337, NoOp Chain Depth 10 Size 10485760 Mode ref, Ref Stage 2, run, start, 9198030201396687
1787078964.363358, NoOp Chain Depth 10 Size 10485760 Mode ref, Ref Stage 2, run, end, 9198030201417711
1787078964.363394, NoOp Chain Depth 10 Size 10485760 Mode ref, Ref Stage 3, run, start, 9198030201453871
1787078964.363415, NoOp Chain Depth 10 Size 10485760 Mode ref, Ref Stage 3, run, end, 9198030201475071
1787078964.363455, NoOp Chain Depth 10 Size 10485760 Mode ref, Ref Stage 4, run, start, 9198030201514239
1787078964.363486, NoOp Chain Depth 10 Size 10485760 Mode ref, Ref Stage 4, run, end, 9198030201545119
1787078964.363522, NoOp Chain Depth 10 Size 10485760 Mode ref, Ref Stage 5, run, start, 9198030201581647
1787078964.363553, NoOp Chain Depth 10 Size 10485760 Mode ref, Ref Stage 5, run, end, 9198030201612479
1787078964.363597, NoOp Chain Depth 10 Size 10485760 Mode ref, Ref Stage 6, run, start, 9198030201656495
1787078964.363628, NoOp Chain Depth 10 Size 10485760 Mode ref, Ref Stage 6, run, end, 9198030201687567
1787078964.363658, NoOp Chain Depth 10 Size 10485760 Mode ref, Ref Stage 7, run, start, 9198030201717391
1787078964.363702, NoOp Chain Depth 10 Size 10485760 Mode ref, Ref Stage 7, run, end, 9198030201761551
1787078964.363735, NoOp Chain Depth 10 Size 10485760 Mode ref, Ref Stage 8, run, start, 9198030201794543
1787078964.363756, NoOp Chain Depth 10 Size 10485760 Mode ref, Ref Stage 8, run, end, 9198030201815807
1787078964.363792, NoOp Chain Depth 10 Size 10485760 Mode ref, Ref Stage 9, run, start, 9198030201851759
1787078964.363813, NoOp Chain Depth 10 Size 10485760 Mode ref, Ref Stage 9, run, end, 9198030201872063
1787078964.363827, NoOp Chain Depth 10 Size 10485760 Mode ref, pipeline - train, run, end, 101184681801331160980663923473063812576, 1787078964.363166, 14, 1, 9198030201887007
1787078964.363897, NoOp Chain Depth 10 Size 10485760 Mode ref, pipeline - train, run, start, 30836215482539618768865428066665313564, 1787078964.363851, 15, 1, 9198030201957008
1787078964.363931, NoOp Chain Depth 10 Size 10485760 Mode ref, Ref Stage 0, run, start, 9198030201990352
1787078964.363957, NoOp Chain Depth 10 Size 10485760 Mode ref, Ref Stage 0, run, end, 9198030202016336
1787078964.363994, NoOp Chain Depth 10 Size 10485760 Mode ref, Ref Stage 1, run, start, 9198030202053920
1787078964.364016, NoOp Chain Depth 10 Size 10485760 Mode ref, Ref Stage 1, run, end, 9198030202075568
1787078964.364053, NoOp Chain Depth 10 Size 10485760 Mode ref, Ref Stage 2, run, start, 9198030202112672
1787078964.364074, NoOp Chain Depth 10 Size 10485760 Mode ref, Ref Stage 2, run, end, 9198030202133808
1787078964.364110, NoOp Chain Depth 10 Size 10485760 Mode ref, Ref Stage 3, run, start, 9198030202169824
1787078964.364132, NoOp Chain Depth 10 Size 10485760 Mode ref, Ref Stage 3, run, end, 9198030202190976
1787078964.364168, NoOp Chain Depth 10 Size 10485760 Mode ref, Ref Stage 4, run, start, 9198030202227808
1787078964.364189, NoOp Chain Depth 10 Size 10485760 Mode ref, Ref Stage 4, run, end, 9198030202248992
1787078964.364226, NoOp Chain Depth 10 Size 10485760 Mode ref, Ref Stage 5, run, start, 9198030202285568
1787078964.364247, NoOp Chain Depth 10 Size 10485760 Mode ref, Ref Stage 5, run, end, 9198030202306480
1787078964.364285, NoOp Chain Depth 10 Size 10485760 Mode ref, Ref Stage 6, run, start, 9198030202344896
1787078964.364317, NoOp Chain Depth 10 Size 10485760 Mode ref, Ref Stage 6, run, end, 9198030202376768
1787078964.364362, NoOp Chain Depth 10 Size 10485760 Mode ref, Ref Stage 7, run, start, 9198030202421248
1787078964.364383, NoOp Chain Depth 10 Size 10485760 Mode ref, Ref Stage 7, run, end, 9198030202442912
1787078964.364420, NoOp Chain Depth 10 Size 10485760 Mode ref, Ref Stage 8, run, start, 9198030202479888
1787078964.364442, NoOp Chain Depth 10 Size 10485760 Mode ref, Ref Stage 8, run, end, 9198030202501456
1787078964.364479, NoOp Chain Depth 10 Size 10485760 Mode ref, Ref Stage 9, run, start, 9198030202538688
1787078964.364501, NoOp Chain Depth 10 Size 10485760 Mode ref, Ref Stage 9, run, end, 9198030202560688
1787078964.364516, NoOp Chain Depth 10 Size 10485760 Mode ref, pipeline - train, run, end, 30836215482539618768865428066665313564, 1787078964.363851, 15, 1, 9198030202575808
1787078964.364549, NoOp Chain Depth 10 Size 10485760 Mode ref, pipeline - train, run, start, 160038463383795535202363378815706268840, 1787078964.364540, 16, 1, 9198030202608528
1787078964.364619, NoOp Chain Depth 10 Size 10485760 Mode ref, Ref Stage 0, run, start, 9198030202678976
1787078964.364642, NoOp Chain Depth 10 Size 10485760 Mode ref, Ref Stage 0, run, end, 9198030202701872
1787078964.364677, NoOp Chain Depth 10 Size 10485760 Mode ref, Ref Stage 1, run, start, 9198030202736928
1787078964.364698, NoOp Chain Depth 10 Size 10485760 Mode ref, Ref Stage 1, run, end, 9198030202757392
1787078964.364733, NoOp Chain Depth 10 Size 10485760 Mode ref, Ref Stage 2, run, start, 9198030202792128
1787078964.364753, NoOp Chain Depth 10 Size 10485760 Mode ref, Ref Stage 2, run, end, 9198030202812848
1787078964.364789, NoOp Chain Depth 10 Size 10485760 Mode ref, Ref Stage 3, run, start, 9198030202848368
1787078964.364810, NoOp Chain Depth 10 Size 10485760 Mode ref, Ref Stage 3, run, end, 9198030202868928
1787078964.364845, NoOp Chain Depth 10 Size 10485760 Mode ref, Ref Stage 4, run, start, 9198030202904432
1787078964.364866, NoOp Chain Depth 10 Size 10485760 Mode ref, Ref Stage 4, run, end, 9198030202925024
1787078964.364901, NoOp Chain Depth 10 Size 10485760 Mode ref, Ref Stage 5, run, start, 9198030202960064
1787078964.364921, NoOp Chain Depth 10 Size 10485760 Mode ref, Ref Stage 5, run, end, 9198030202980016
1787078964.364959, NoOp Chain Depth 10 Size 10485760 Mode ref, Ref Stage 6, run, start, 9198030203018288
1787078964.364992, NoOp Chain Depth 10 Size 10485760 Mode ref, Ref Stage 6, run, end, 9198030203051344
1787078964.365020, NoOp Chain Depth 10 Size 10485760 Mode ref, Ref Stage 7, run, start, 9198030203079728
1787078964.367994, NoOp Chain Depth 10 Size 10485760 Mode ref, Ref Stage 7, run, end, 9198030206055282
1787078964.368034, NoOp Chain Depth 10 Size 10485760 Mode ref, Ref Stage 8, run, start, 9198030206093858
1787078964.368057, NoOp Chain Depth 10 Size 10485760 Mode ref, Ref Stage 8, run, end, 9198030206117186
1787078964.368095, NoOp Chain Depth 10 Size 10485760 Mode ref, Ref Stage 9, run, start, 9198030206154306
1787078964.368116, NoOp Chain Depth 10 Size 10485760 Mode ref, Ref Stage 9, run, end, 9198030206176034
1787078964.368153, NoOp Chain Depth 10 Size 10485760 Mode ref, pipeline - train, run, end, 160038463383795535202363378815706268840, 1787078964.364540, 16, 1, 9198030206212466
1787078964.368208, NoOp Chain Depth 10 Size 10485760 Mode ref, pipeline - train, run, start, 309607104928350238437758742363608163431, 1787078964.368178, 17, 1, 9198030206267842
1787078964.368243, NoOp Chain Depth 10 Size 10485760 Mode ref, Ref Stage 0, run, start, 9198030206301955
1787078964.368264, NoOp Chain Depth 10 Size 10485760 Mode ref, Ref Stage 0, run, end, 9198030206323667
1787078964.368300, NoOp Chain Depth 10 Size 10485760 Mode ref, Ref Stage 1, run, start, 9198030206359555
1787078964.368321, NoOp Chain Depth 10 Size 10485760 Mode ref, Ref Stage 1, run, end, 9198030206380915
1787078964.368357, NoOp Chain Depth 10 Size 10485760 Mode ref, Ref Stage 2, run, start, 9198030206416627
1787078964.368378, NoOp Chain Depth 10 Size 10485760 Mode ref, Ref Stage 2, run, end, 9198030206437731
1787078964.368413, NoOp Chain Depth 10 Size 10485760 Mode ref, Ref Stage 3, run, start, 9198030206473075
1787078964.368435, NoOp Chain Depth 10 Size 10485760 Mode ref, Ref Stage 3, run, end, 9198030206494787
1787078964.368471, NoOp Chain Depth 10 Size 10485760 Mode ref, Ref Stage 4, run, start, 9198030206530531
1787078964.368492, NoOp Chain Depth 10 Size 10485760 Mode ref, Ref Stage 4, run, end, 9198030206551699
1787078964.368528, NoOp Chain Depth 10 Size 10485760 Mode ref, Ref Stage 5, run, start, 9198030206587971
1787078964.368552, NoOp Chain Depth 10 Size 10485760 Mode ref, Ref Stage 5, run, end, 9198030206611731
1787078964.368565, NoOp Chain Depth 10 Size 10485760 Mode ref, Ref Stage 6, run, start, 9198030206624627
1787078964.368619, NoOp Chain Depth 10 Size 10485760 Mode ref, Ref Stage 6, run, end, 9198030206678675
1787078964.368654, NoOp Chain Depth 10 Size 10485760 Mode ref, Ref Stage 7, run, start, 9198030206713971
1787078964.368675, NoOp Chain Depth 10 Size 10485760 Mode ref, Ref Stage 7, run, end, 9198030206734899
1787078964.368711, NoOp Chain Depth 10 Size 10485760 Mode ref, Ref Stage 8, run, start, 9198030206770035
1787078964.368734, NoOp Chain Depth 10 Size 10485760 Mode ref, Ref Stage 8, run, end, 9198030206793171
1787078964.368769, NoOp Chain Depth 10 Size 10485760 Mode ref, Ref Stage 9, run, start, 9198030206828851
1787078964.368790, NoOp Chain Depth 10 Size 10485760 Mode ref, Ref Stage 9, run, end, 9198030206849219
1787078964.368825, NoOp Chain Depth 10 Size 10485760 Mode ref, pipeline - train, run, end, 309607104928350238437758742363608163431, 1787078964.368178, 17, 1, 9198030206884771
1787078964.368881, NoOp Chain Depth 10 Size 10485760 Mode ref, pipeline - train, run, start, 2022338675075062476807353713588350999, 1787078964.368864, 18, 1, 9198030206940899
1787078964.368914, NoOp Chain Depth 10 Size 10485760 Mode ref, Ref Stage 0, run, start, 9198030206973827
1787078964.368935, NoOp Chain Depth 10 Size 10485760 Mode ref, Ref Stage 0, run, end, 9198030206994931
1787078964.368973, NoOp Chain Depth 10 Size 10485760 Mode ref, Ref Stage 1, run, start, 9198030207033091
1787078964.368995, NoOp Chain Depth 10 Size 10485760 Mode ref, Ref Stage 1, run, end, 9198030207054323
1787078964.369029, NoOp Chain Depth 10 Size 10485760 Mode ref, Ref Stage 2, run, start, 9198030207088851
1787078964.369050, NoOp Chain Depth 10 Size 10485760 Mode ref, Ref Stage 2, run, end, 9198030207109123
1787078964.369084, NoOp Chain Depth 10 Size 10485760 Mode ref, Ref Stage 3, run, start, 9198030207143363
1787078964.369105, NoOp Chain Depth 10 Size 10485760 Mode ref, Ref Stage 3, run, end, 9198030207163907
1787078964.369142, NoOp Chain Depth 10 Size 10485760 Mode ref, Ref Stage 4, run, start, 9198030207201411
1787078964.369173, NoOp Chain Depth 10 Size 10485760 Mode ref, Ref Stage 4, run, end, 9198030207232195
1787078964.369201, NoOp Chain Depth 10 Size 10485760 Mode ref, Ref Stage 5, run, start, 9198030207261011
1787078964.369246, NoOp Chain Depth 10 Size 10485760 Mode ref, Ref Stage 5, run, end, 9198030207305075
1787078964.369261, NoOp Chain Depth 10 Size 10485760 Mode ref, Ref Stage 6, run, start, 9198030207320675
1787078964.369282, NoOp Chain Depth 10 Size 10485760 Mode ref, Ref Stage 6, run, end, 9198030207341459
1787078964.369333, NoOp Chain Depth 10 Size 10485760 Mode ref, Ref Stage 7, run, start, 9198030207392259
1787078964.369354, NoOp Chain Depth 10 Size 10485760 Mode ref, Ref Stage 7, run, end, 9198030207413091
1787078964.369389, NoOp Chain Depth 10 Size 10485760 Mode ref, Ref Stage 8, run, start, 9198030207448883
1787078964.369411, NoOp Chain Depth 10 Size 10485760 Mode ref, Ref Stage 8, run, end, 9198030207469955
1787078964.369446, NoOp Chain Depth 10 Size 10485760 Mode ref, Ref Stage 9, run, start, 9198030207505715
1787078964.369467, NoOp Chain Depth 10 Size 10485760 Mode ref, Ref Stage 9, run, end, 9198030207526451
1787078964.369503, NoOp Chain Depth 10 Size 10485760 Mode ref, pipeline - train, run, end, 2022338675075062476807353713588350999, 1787078964.368864, 18, 1, 9198030207562771
1787078964.369559, NoOp Chain Depth 10 Size 10485760 Mode ref, pipeline - train, run, start, 44057507357196440386646023712504422820, 1787078964.369542, 19, 1, 9198030207618435
1787078964.369591, NoOp Chain Depth 10 Size 10485760 Mode ref, Ref Stage 0, run, start, 9198030207651123
1787078964.369613, NoOp Chain Depth 10 Size 10485760 Mode ref, Ref Stage 0, run, end, 9198030207672099
1787078964.369648, NoOp Chain Depth 10 Size 10485760 Mode ref, Ref Stage 1, run, start, 9198030207707716
1787078964.369669, NoOp Chain Depth 10 Size 10485760 Mode ref, Ref Stage 1, run, end, 9198030207728180
1787078964.369703, NoOp Chain Depth 10 Size 10485760 Mode ref, Ref Stage 2, run, start, 9198030207762660
1787078964.369724, NoOp Chain Depth 10 Size 10485760 Mode ref, Ref Stage 2, run, end, 9198030207783012
1787078964.369758, NoOp Chain Depth 10 Size 10485760 Mode ref, Ref Stage 3, run, start, 9198030207817572
1787078964.369778, NoOp Chain Depth 10 Size 10485760 Mode ref, Ref Stage 3, run, end, 9198030207837492
1787078964.369814, NoOp Chain Depth 10 Size 10485760 Mode ref, Ref Stage 4, run, start, 9198030207873380
1787078964.369846, NoOp Chain Depth 10 Size 10485760 Mode ref, Ref Stage 4, run, end, 9198030207905076
1787078964.369880, NoOp Chain Depth 10 Size 10485760 Mode ref, Ref Stage 5, run, start, 9198030207939604
1787078964.369911, NoOp Chain Depth 10 Size 10485760 Mode ref, Ref Stage 5, run, end, 9198030207970788
1787078964.369939, NoOp Chain Depth 10 Size 10485760 Mode ref, Ref Stage 6, run, start, 9198030207998580
1787078964.369978, NoOp Chain Depth 10 Size 10485760 Mode ref, Ref Stage 6, run, end, 9198030208038036
1787078964.370014, NoOp Chain Depth 10 Size 10485760 Mode ref, Ref Stage 7, run, start, 9198030208073396
1787078964.370034, NoOp Chain Depth 10 Size 10485760 Mode ref, Ref Stage 7, run, end, 9198030208093860
1787078964.370070, NoOp Chain Depth 10 Size 10485760 Mode ref, Ref Stage 8, run, start, 9198030208129556
1787078964.370091, NoOp Chain Depth 10 Size 10485760 Mode ref, Ref Stage 8, run, end, 9198030208150212
1787078964.370126, NoOp Chain Depth 10 Size 10485760 Mode ref, Ref Stage 9, run, start, 9198030208185412
1787078964.370146, NoOp Chain Depth 10 Size 10485760 Mode ref, Ref Stage 9, run, end, 9198030208205428
1787078964.370181, NoOp Chain Depth 10 Size 10485760 Mode ref, pipeline - train, run, end, 44057507357196440386646023712504422820, 1787078964.369542, 19, 1, 9198030208241108
1787078964.370236, NoOp Chain Depth 10 Size 10485760 Mode ref, pipeline - train, run, start, 108713959335054457937743331859963782764, 1787078964.370220, 20, 1, 9198030208295652
1787078964.370269, NoOp Chain Depth 10 Size 10485760 Mode ref, Ref Stage 0, run, start, 9198030208328468
1787078964.370290, NoOp Chain Depth 10 Size 10485760 Mode ref, Ref Stage 0, run, end, 9198030208349268
1787078964.370324, NoOp Chain Depth 10 Size 10485760 Mode ref, Ref Stage 1, run, start, 9198030208383828
1787078964.370345, NoOp Chain Depth 10 Size 10485760 Mode ref, Ref Stage 1, run, end, 9198030208404404
1787078964.370379, NoOp Chain Depth 10 Size 10485760 Mode ref, Ref Stage 2, run, start, 9198030208438916
1787078964.370400, NoOp Chain Depth 10 Size 10485760 Mode ref, Ref Stage 2, run, end, 9198030208459380
1787078964.370435, NoOp Chain Depth 10 Size 10485760 Mode ref, Ref Stage 3, run, start, 9198030208494724
1787078964.370456, NoOp Chain Depth 10 Size 10485760 Mode ref, Ref Stage 3, run, end, 9198030208515268
1787078964.370490, NoOp Chain Depth 10 Size 10485760 Mode ref, Ref Stage 4, run, start, 9198030208549684
1787078964.370510, NoOp Chain Depth 10 Size 10485760 Mode ref, Ref Stage 4, run, end, 9198030208569476
1787078964.370546, NoOp Chain Depth 10 Size 10485760 Mode ref, Ref Stage 5, run, start, 9198030208605460
1787078964.370576, NoOp Chain Depth 10 Size 10485760 Mode ref, Ref Stage 5, run, end, 9198030208635172
1787078964.370604, NoOp Chain Depth 10 Size 10485760 Mode ref, Ref Stage 6, run, start, 9198030208663492
1787078964.370648, NoOp Chain Depth 10 Size 10485760 Mode ref, Ref Stage 6, run, end, 9198030208707588
1787078964.370676, NoOp Chain Depth 10 Size 10485760 Mode ref, Ref Stage 7, run, start, 9198030208735348
1787078964.370714, NoOp Chain Depth 10 Size 10485760 Mode ref, Ref Stage 7, run, end, 9198030208773620
1787078964.370749, NoOp Chain Depth 10 Size 10485760 Mode ref, Ref Stage 8, run, start, 9198030208808340
1787078964.370770, NoOp Chain Depth 10 Size 10485760 Mode ref, Ref Stage 8, run, end, 9198030208828868
1787078964.370805, NoOp Chain Depth 10 Size 10485760 Mode ref, Ref Stage 9, run, start, 9198030208864468
1787078964.370825, NoOp Chain Depth 10 Size 10485760 Mode ref, Ref Stage 9, run, end, 9198030208884692
1787078964.370861, NoOp Chain Depth 10 Size 10485760 Mode ref, pipeline - train, run, end, 108713959335054457937743331859963782764, 1787078964.370220, 20, 1, 9198030208919940
1787078964.370915, NoOp Chain Depth 10 Size 10485760 Mode ref, pipeline - train, run, start, 98636712684235939021905563246090686996, 1787078964.370898, 21, 1, 9198030208974324
1787078964.370949, NoOp Chain Depth 10 Size 10485760 Mode ref, Ref Stage 0, run, start, 9198030209008116
1787078964.370970, NoOp Chain Depth 10 Size 10485760 Mode ref, Ref Stage 0, run, end, 9198030209029524
1787078964.371007, NoOp Chain Depth 10 Size 10485760 Mode ref, Ref Stage 1, run, start, 9198030209066212
1787078964.371027, NoOp Chain Depth 10 Size 10485760 Mode ref, Ref Stage 1, run, end, 9198030209086852
1787078964.371062, NoOp Chain Depth 10 Size 10485760 Mode ref, Ref Stage 2, run, start, 9198030209121685
1787078964.371083, NoOp Chain Depth 10 Size 10485760 Mode ref, Ref Stage 2, run, end, 9198030209142181
1787078964.371117, NoOp Chain Depth 10 Size 10485760 Mode ref, Ref Stage 3, run, start, 9198030209176165
1787078964.371137, NoOp Chain Depth 10 Size 10485760 Mode ref, Ref Stage 3, run, end, 9198030209196501
1787078964.371171, NoOp Chain Depth 10 Size 10485760 Mode ref, Ref Stage 4, run, start, 9198030209230613
1787078964.371192, NoOp Chain Depth 10 Size 10485760 Mode ref, Ref Stage 4, run, end, 9198030209251029
1787078964.371226, NoOp Chain Depth 10 Size 10485760 Mode ref, Ref Stage 5, run, start, 9198030209285061
1787078964.371245, NoOp Chain Depth 10 Size 10485760 Mode ref, Ref Stage 5, run, end, 9198030209304661
1787078964.371282, NoOp Chain Depth 10 Size 10485760 Mode ref, Ref Stage 6, run, start, 9198030209341381
1787078964.371312, NoOp Chain Depth 10 Size 10485760 Mode ref, Ref Stage 6, run, end, 9198030209371493
1787078964.371340, NoOp Chain Depth 10 Size 10485760 Mode ref, Ref Stage 7, run, start, 9198030209399493
1787078964.371382, NoOp Chain Depth 10 Size 10485760 Mode ref, Ref Stage 7, run, end, 9198030209441797
1787078964.371415, NoOp Chain Depth 10 Size 10485760 Mode ref, Ref Stage 8, run, start, 9198030209474181
1787078964.371435, NoOp Chain Depth 10 Size 10485760 Mode ref, Ref Stage 8, run, end, 9198030209494677
1787078964.371471, NoOp Chain Depth 10 Size 10485760 Mode ref, Ref Stage 9, run, start, 9198030209530373
1787078964.371491, NoOp Chain Depth 10 Size 10485760 Mode ref, Ref Stage 9, run, end, 9198030209550485
1787078964.371526, NoOp Chain Depth 10 Size 10485760 Mode ref, pipeline - train, run, end, 98636712684235939021905563246090686996, 1787078964.370898, 21, 1, 9198030209585317
1787078964.371567, NoOp Chain Depth 10 Size 10485760 Mode ref, pipeline - train, run, start, 78326206311195208462251156569302377163, 1787078964.371557, 22, 1, 9198030209626181
1787078964.371588, NoOp Chain Depth 10 Size 10485760 Mode ref, Ref Stage 0, run, start, 9198030209647653
1787078964.371609, NoOp Chain Depth 10 Size 10485760 Mode ref, Ref Stage 0, run, end, 9198030209668197
1787078964.371623, NoOp Chain Depth 10 Size 10485760 Mode ref, Ref Stage 1, run, start, 9198030209682645
1787078964.371644, NoOp Chain Depth 10 Size 10485760 Mode ref, Ref Stage 1, run, end, 9198030209703109
1787078964.371658, NoOp Chain Depth 10 Size 10485760 Mode ref, Ref Stage 2, run, start, 9198030209717589
1787078964.371679, NoOp Chain Depth 10 Size 10485760 Mode ref, Ref Stage 2, run, end, 9198030209738101
1787078964.371694, NoOp Chain Depth 10 Size 10485760 Mode ref, Ref Stage 3, run, start, 9198030209753333
1787078964.371714, NoOp Chain Depth 10 Size 10485760 Mode ref, Ref Stage 3, run, end, 9198030209773349
1787078964.371729, NoOp Chain Depth 10 Size 10485760 Mode ref, Ref Stage 4, run, start, 9198030209787989
1787078964.371749, NoOp Chain Depth 10 Size 10485760 Mode ref, Ref Stage 4, run, end, 9198030209807925
1787078964.371763, NoOp Chain Depth 10 Size 10485760 Mode ref, Ref Stage 5, run, start, 9198030209822533
1787078964.371809, NoOp Chain Depth 10 Size 10485760 Mode ref, Ref Stage 5, run, end, 9198030209868277
1787078964.371824, NoOp Chain Depth 10 Size 10485760 Mode ref, Ref Stage 6, run, start, 9198030209883013
1787078964.371851, NoOp Chain Depth 10 Size 10485760 Mode ref, Ref Stage 6, run, end, 9198030209910085
1787078964.371865, NoOp Chain Depth 10 Size 10485760 Mode ref, Ref Stage 7, run, start, 9198030209924917
1787078964.371887, NoOp Chain Depth 10 Size 10485760 Mode ref, Ref Stage 7, run, end, 9198030209946549
1787078964.371899, NoOp Chain Depth 10 Size 10485760 Mode ref, Ref Stage 8, run, start, 9198030209958581
1787078964.371930, NoOp Chain Depth 10 Size 10485760 Mode ref, Ref Stage 8, run, end, 9198030209989189
1787078964.371948, NoOp Chain Depth 10 Size 10485760 Mode ref, Ref Stage 9, run, start, 9198030210006949
1787078964.371969, NoOp Chain Depth 10 Size 10485760 Mode ref, Ref Stage 9, run, end, 9198030210028789
1787078964.371984, NoOp Chain Depth 10 Size 10485760 Mode ref, pipeline - train, run, end, 78326206311195208462251156569302377163, 1787078964.371557, 22, 1, 9198030210043701
1787078964.372016, NoOp Chain Depth 10 Size 10485760 Mode ref, pipeline - train, run, start, 276479637583984368657037726401291837158, 1787078964.372007, 23, 1, 9198030210075845
1787078964.372039, NoOp Chain Depth 10 Size 10485760 Mode ref, Ref Stage 0, run, start, 9198030210098709
1787078964.372060, NoOp Chain Depth 10 Size 10485760 Mode ref, Ref Stage 0, run, end, 9198030210119717
1787078964.372075, NoOp Chain Depth 10 Size 10485760 Mode ref, Ref Stage 1, run, start, 9198030210134421
1787078964.372095, NoOp Chain Depth 10 Size 10485760 Mode ref, Ref Stage 1, run, end, 9198030210154677
1787078964.372110, NoOp Chain Depth 10 Size 10485760 Mode ref, Ref Stage 2, run, start, 9198030210169429
1787078964.372131, NoOp Chain Depth 10 Size 10485760 Mode ref, Ref Stage 2, run, end, 9198030210189909
1787078964.372145, NoOp Chain Depth 10 Size 10485760 Mode ref, Ref Stage 3, run, start, 9198030210204485
1787078964.372165, NoOp Chain Depth 10 Size 10485760 Mode ref, Ref Stage 3, run, end, 9198030210224485
1787078964.372180, NoOp Chain Depth 10 Size 10485760 Mode ref, Ref Stage 4, run, start, 9198030210239109
1787078964.372200, NoOp Chain Depth 10 Size 10485760 Mode ref, Ref Stage 4, run, end, 9198030210259701
1787078964.372216, NoOp Chain Depth 10 Size 10485760 Mode ref, Ref Stage 5, run, start, 9198030210275013
1787078964.372237, NoOp Chain Depth 10 Size 10485760 Mode ref, Ref Stage 5, run, end, 9198030210296725
1787078964.372252, NoOp Chain Depth 10 Size 10485760 Mode ref, Ref Stage 6, run, start, 9198030210311189
1787078964.372272, NoOp Chain Depth 10 Size 10485760 Mode ref, Ref Stage 6, run, end, 9198030210331733
1787078964.372287, NoOp Chain Depth 10 Size 10485760 Mode ref, Ref Stage 7, run, start, 9198030210346645
1787078964.372310, NoOp Chain Depth 10 Size 10485760 Mode ref, Ref Stage 7, run, end, 9198030210369525
1787078964.372322, NoOp Chain Depth 10 Size 10485760 Mode ref, Ref Stage 8, run, start, 9198030210381557
1787078964.372355, NoOp Chain Depth 10 Size 10485760 Mode ref, Ref Stage 8, run, end, 9198030210414709
1787078964.372371, NoOp Chain Depth 10 Size 10485760 Mode ref, Ref Stage 9, run, start, 9198030210430165
1787078964.372391, NoOp Chain Depth 10 Size 10485760 Mode ref, Ref Stage 9, run, end, 9198030210450453
1787078964.372406, NoOp Chain Depth 10 Size 10485760 Mode ref, pipeline - train, run, end, 276479637583984368657037726401291837158, 1787078964.372007, 23, 1, 9198030210465333
1787078964.372439, NoOp Chain Depth 10 Size 10485760 Mode ref, pipeline - train, run, start, 199313995186901397547308185553667681156, 1787078964.372428, 24, 1, 9198030210498565
1787078964.372461, NoOp Chain Depth 10 Size 10485760 Mode ref, Ref Stage 0, run, start, 9198030210520677
1787078964.372482, NoOp Chain Depth 10 Size 10485760 Mode ref, Ref Stage 0, run, end, 9198030210541573
1787078964.372497, NoOp Chain Depth 10 Size 10485760 Mode ref, Ref Stage 1, run, start, 9198030210556485
1787078964.372517, NoOp Chain Depth 10 Size 10485760 Mode ref, Ref Stage 1, run, end, 9198030210576821
1787078964.372532, NoOp Chain Depth 10 Size 10485760 Mode ref, Ref Stage 2, run, start, 9198030210591526
1787078964.372553, NoOp Chain Depth 10 Size 10485760 Mode ref, Ref Stage 2, run, end, 9198030210612150
1787078964.372569, NoOp Chain Depth 10 Size 10485760 Mode ref, Ref Stage 3, run, start, 9198030210628166
1787078964.372590, NoOp Chain Depth 10 Size 10485760 Mode ref, Ref Stage 3, run, end, 9198030210649142
1787078964.372605, NoOp Chain Depth 10 Size 10485760 Mode ref, Ref Stage 4, run, start, 9198030210664102
1787078964.372627, NoOp Chain Depth 10 Size 10485760 Mode ref, Ref Stage 4, run, end, 9198030210685750
1787078964.372641, NoOp Chain Depth 10 Size 10485760 Mode ref, Ref Stage 5, run, start, 9198030210700502
1787078964.372663, NoOp Chain Depth 10 Size 10485760 Mode ref, Ref Stage 5, run, end, 9198030210722630
1787078964.372679, NoOp Chain Depth 10 Size 10485760 Mode ref, Ref Stage 6, run, start, 9198030210737974
1787078964.372699, NoOp Chain Depth 10 Size 10485760 Mode ref, Ref Stage 6, run, end, 9198030210757990
1787078964.372713, NoOp Chain Depth 10 Size 10485760 Mode ref, Ref Stage 7, run, start, 9198030210772630
1787078964.372735, NoOp Chain Depth 10 Size 10485760 Mode ref, Ref Stage 7, run, end, 9198030210794694
1787078964.372747, NoOp Chain Depth 10 Size 10485760 Mode ref, Ref Stage 8, run, start, 9198030210806966
1787078964.372779, NoOp Chain Depth 10 Size 10485760 Mode ref, Ref Stage 8, run, end, 9198030210838838
1787078964.372794, NoOp Chain Depth 10 Size 10485760 Mode ref, Ref Stage 9, run, start, 9198030210853798
1787078964.372816, NoOp Chain Depth 10 Size 10485760 Mode ref, Ref Stage 9, run, end, 9198030210875334
1787078964.372830, NoOp Chain Depth 10 Size 10485760 Mode ref, pipeline - train, run, end, 199313995186901397547308185553667681156, 1787078964.372428, 24, 1, 9198030210889862
1787078964.372863, NoOp Chain Depth 10 Size 10485760 Mode ref, pipeline - train, run, start, 315533265110236473171216746443313899031, 1787078964.372853, 25, 1, 9198030210922486
1787078964.372884, NoOp Chain Depth 10 Size 10485760 Mode ref, Ref Stage 0, run, start, 9198030210943638
1787078964.372905, NoOp Chain Depth 10 Size 10485760 Mode ref, Ref Stage 0, run, end, 9198030210964518
1787078964.372920, NoOp Chain Depth 10 Size 10485760 Mode ref, Ref Stage 1, run, start, 9198030210979254
1787078964.372940, NoOp Chain Depth 10 Size 10485760 Mode ref, Ref Stage 1, run, end, 9198030210999446
1787078964.372956, NoOp Chain Depth 10 Size 10485760 Mode ref, Ref Stage 2, run, start, 9198030211015654
1787078964.372977, NoOp Chain Depth 10 Size 10485760 Mode ref, Ref Stage 2, run, end, 9198030211036246
1787078964.372992, NoOp Chain Depth 10 Size 10485760 Mode ref, Ref Stage 3, run, start, 9198030211051126
1787078964.373013, NoOp Chain Depth 10 Size 10485760 Mode ref, Ref Stage 3, run, end, 9198030211072918
1787078964.373029, NoOp Chain Depth 10 Size 10485760 Mode ref, Ref Stage 4, run, start, 9198030211088054
1787078964.373049, NoOp Chain Depth 10 Size 10485760 Mode ref, Ref Stage 4, run, end, 9198030211108390
1787078964.373064, NoOp Chain Depth 10 Size 10485760 Mode ref, Ref Stage 5, run, start, 9198030211123030
1787078964.373084, NoOp Chain Depth 10 Size 10485760 Mode ref, Ref Stage 5, run, end, 9198030211142998
1787078964.373098, NoOp Chain Depth 10 Size 10485760 Mode ref, Ref Stage 6, run, start, 9198030211157446
1787078964.373118, NoOp Chain Depth 10 Size 10485760 Mode ref, Ref Stage 6, run, end, 9198030211177414
1787078964.373132, NoOp Chain Depth 10 Size 10485760 Mode ref, Ref Stage 7, run, start, 9198030211191846
1787078964.373154, NoOp Chain Depth 10 Size 10485760 Mode ref, Ref Stage 7, run, end, 9198030211213814
1787078964.373166, NoOp Chain Depth 10 Size 10485760 Mode ref, Ref Stage 8, run, start, 9198030211225734
1787078964.373198, NoOp Chain Depth 10 Size 10485760 Mode ref, Ref Stage 8, run, end, 9198030211257638
1787078964.373210, NoOp Chain Depth 10 Size 10485760 Mode ref, Ref Stage 9, run, start, 9198030211269782
1787078964.373247, NoOp Chain Depth 10 Size 10485760 Mode ref, Ref Stage 9, run, end, 9198030211306582
1787078964.373262, NoOp Chain Depth 10 Size 10485760 Mode ref, pipeline - train, run, end, 315533265110236473171216746443313899031, 1787078964.372853, 25, 1, 9198030211321270
1787078964.373293, NoOp Chain Depth 10 Size 10485760 Mode ref, pipeline - train, run, start, 21383439876431270033993468565988823663, 1787078964.373284, 26, 1, 9198030211352694
1787078964.373315, NoOp Chain Depth 10 Size 10485760 Mode ref, Ref Stage 0, run, start, 9198030211374134
1787078964.373336, NoOp Chain Depth 10 Size 10485760 Mode ref, Ref Stage 0, run, end, 9198030211395110
1787078964.373350, NoOp Chain Depth 10 Size 10485760 Mode ref, Ref Stage 1, run, start, 9198030211409574
1787078964.373372, NoOp Chain Depth 10 Size 10485760 Mode ref, Ref Stage 1, run, end, 9198030211431638
1787078964.373388, NoOp Chain Depth 10 Size 10485760 Mode ref, Ref Stage 2, run, start, 9198030211447382
1787078964.373410, NoOp Chain Depth 10 Size 10485760 Mode ref, Ref Stage 2, run, end, 9198030211469142
1787078964.373424, NoOp Chain Depth 10 Size 10485760 Mode ref, Ref Stage 3, run, start, 9198030211483814
1787078964.373445, NoOp Chain Depth 10 Size 10485760 Mode ref, Ref Stage 3, run, end, 9198030211504374
1787078964.373459, NoOp Chain Depth 10 Size 10485760 Mode ref, Ref Stage 4, run, start, 9198030211518886
1787078964.373480, NoOp Chain Depth 10 Size 10485760 Mode ref, Ref Stage 4, run, end, 9198030211539126
1787078964.373494, NoOp Chain Depth 10 Size 10485760 Mode ref, Ref Stage 5, run, start, 9198030211553622
1787078964.373515, NoOp Chain Depth 10 Size 10485760 Mode ref, Ref Stage 5, run, end, 9198030211574038
1787078964.373529, NoOp Chain Depth 10 Size 10485760 Mode ref, Ref Stage 6, run, start, 9198030211588582
1787078964.373549, NoOp Chain Depth 10 Size 10485760 Mode ref, Ref Stage 6, run, end, 9198030211608726
1787078964.373565, NoOp Chain Depth 10 Size 10485760 Mode ref, Ref Stage 7, run, start, 9198030211624390
1787078964.373736, NoOp Chain Depth 10 Size 10485760 Mode ref, Ref Stage 7, run, end, 9198030211796790
1787078964.373883, NoOp Chain Depth 10 Size 10485760 Mode ref, Ref Stage 8, run, start, 9198030211942630
1787078964.373909, NoOp Chain Depth 10 Size 10485760 Mode ref, Ref Stage 8, run, end, 9198030211969078
1787078964.373923, NoOp Chain Depth 10 Size 10485760 Mode ref, Ref Stage 9, run, start, 9198030211982534
1787078964.373956, NoOp Chain Depth 10 Size 10485760 Mode ref, Ref Stage 9, run, end, 9198030212015718
1787078964.373972, NoOp Chain Depth 10 Size 10485760 Mode ref, pipeline - train, run, end, 21383439876431270033993468565988823663, 1787078964.373284, 26, 1, 9198030212031894
1787078964.374006, NoOp Chain Depth 10 Size 10485760 Mode ref, pipeline - train, run, start, 170019087235248209514337161972631488491, 1787078964.373996, 27, 1, 9198030212064903
1787078964.374027, NoOp Chain Depth 10 Size 10485760 Mode ref, Ref Stage 0, run, start, 9198030212086791
1787078964.374048, NoOp Chain Depth 10 Size 10485760 Mode ref, Ref Stage 0, run, end, 9198030212107415
1787078964.374063, NoOp Chain Depth 10 Size 10485760 Mode ref, Ref Stage 1, run, start, 9198030212122551
1787078964.374084, NoOp Chain Depth 10 Size 10485760 Mode ref, Ref Stage 1, run, end, 9198030212143031
1787078964.374099, NoOp Chain Depth 10 Size 10485760 Mode ref, Ref Stage 2, run, start, 9198030212158231
1787078964.374120, NoOp Chain Depth 10 Size 10485760 Mode ref, Ref Stage 2, run, end, 9198030212178775
1787078964.374134, NoOp Chain Depth 10 Size 10485760 Mode ref, Ref Stage 3, run, start, 9198030212193543
1787078964.374156, NoOp Chain Depth 10 Size 10485760 Mode ref, Ref Stage 3, run, end, 9198030212214983
1787078964.374171, NoOp Chain Depth 10 Size 10485760 Mode ref, Ref Stage 4, run, start, 9198030212230263
1787078964.374191, NoOp Chain Depth 10 Size 10485760 Mode ref, Ref Stage 4, run, end, 9198030212250375
1787078964.374207, NoOp Chain Depth 10 Size 10485760 Mode ref, Ref Stage 5, run, start, 9198030212266647
1787078964.374228, NoOp Chain Depth 10 Size 10485760 Mode ref, Ref Stage 5, run, end, 9198030212286951
1787078964.374242, NoOp Chain Depth 10 Size 10485760 Mode ref, Ref Stage 6, run, start, 9198030212301751
1787078964.374264, NoOp Chain Depth 10 Size 10485760 Mode ref, Ref Stage 6, run, end, 9198030212323287
1787078964.374279, NoOp Chain Depth 10 Size 10485760 Mode ref, Ref Stage 7, run, start, 9198030212338263
1787078964.374299, NoOp Chain Depth 10 Size 10485760 Mode ref, Ref Stage 7, run, end, 9198030212357943
1787078964.374313, NoOp Chain Depth 10 Size 10485760 Mode ref, Ref Stage 8, run, start, 9198030212372791
1787078964.374337, NoOp Chain Depth 10 Size 10485760 Mode ref, Ref Stage 8, run, end, 9198030212396183
1787078964.374349, NoOp Chain Depth 10 Size 10485760 Mode ref, Ref Stage 9, run, start, 9198030212408135
1787078964.374380, NoOp Chain Depth 10 Size 10485760 Mode ref, Ref Stage 9, run, end, 9198030212439719
1787078964.374395, NoOp Chain Depth 10 Size 10485760 Mode ref, pipeline - train, run, end, 170019087235248209514337161972631488491, 1787078964.373996, 27, 1, 9198030212454727
1787078964.374429, NoOp Chain Depth 10 Size 10485760 Mode ref, pipeline - train, run, start, 257675447184936709966605971559734569620, 1787078964.374418, 28, 1, 9198030212488311
1787078964.374450, NoOp Chain Depth 10 Size 10485760 Mode ref, Ref Stage 0, run, start, 9198030212509687
1787078964.374473, NoOp Chain Depth 10 Size 10485760 Mode ref, Ref Stage 0, run, end, 9198030212532743
1787078964.374485, NoOp Chain Depth 10 Size 10485760 Mode ref, Ref Stage 1, run, start, 9198030212544663
1787078964.374515, NoOp Chain Depth 10 Size 10485760 Mode ref, Ref Stage 1, run, end, 9198030212574695
1787078964.374530, NoOp Chain Depth 10 Size 10485760 Mode ref, Ref Stage 2, run, start, 9198030212589447
1787078964.374552, NoOp Chain Depth 10 Size 10485760 Mode ref, Ref Stage 2, run, end, 9198030212611159
1787078964.374567, NoOp Chain Depth 10 Size 10485760 Mode ref, Ref Stage 3, run, start, 9198030212626007
1787078964.374587, NoOp Chain Depth 10 Size 10485760 Mode ref, Ref Stage 3, run, end, 9198030212646759
1787078964.374602, NoOp Chain Depth 10 Size 10485760 Mode ref, Ref Stage 4, run, start, 9198030212661415
1787078964.374622, NoOp Chain Depth 10 Size 10485760 Mode ref, Ref Stage 4, run, end, 9198030212681703
1787078964.374637, NoOp Chain Depth 10 Size 10485760 Mode ref, Ref Stage 5, run, start, 9198030212696455
1787078964.374657, NoOp Chain Depth 10 Size 10485760 Mode ref, Ref Stage 5, run, end, 9198030212716647
1787078964.374672, NoOp Chain Depth 10 Size 10485760 Mode ref, Ref Stage 6, run, start, 9198030212731271
1787078964.374692, NoOp Chain Depth 10 Size 10485760 Mode ref, Ref Stage 6, run, end, 9198030212751559
1787078964.374707, NoOp Chain Depth 10 Size 10485760 Mode ref, Ref Stage 7, run, start, 9198030212766199
1787078964.374732, NoOp Chain Depth 10 Size 10485760 Mode ref, Ref Stage 7, run, end, 9198030212791895
1787078964.374747, NoOp Chain Depth 10 Size 10485760 Mode ref, Ref Stage 8, run, start, 9198030212806535
1787078964.374769, NoOp Chain Depth 10 Size 10485760 Mode ref, Ref Stage 8, run, end, 9198030212828535
1787078964.375256, NoOp Chain Depth 10 Size 10485760 Mode ref, Ref Stage 9, run, start, 9198030213316423
1787078964.375401, NoOp Chain Depth 10 Size 10485760 Mode ref, Ref Stage 9, run, end, 9198030213460600
1787078964.375417, NoOp Chain Depth 10 Size 10485760 Mode ref, pipeline - train, run, end, 257675447184936709966605971559734569620, 1787078964.374418, 28, 1, 9198030213476760
1787078964.375451, NoOp Chain Depth 10 Size 10485760 Mode ref, pipeline - train, run, start, 59608721540067982041950339620664866872, 1787078964.375441, 29, 1, 9198030213510632
1787078964.375474, NoOp Chain Depth 10 Size 10485760 Mode ref, Ref Stage 0, run, start, 9198030213532984
1787078964.375494, NoOp Chain Depth 10 Size 10485760 Mode ref, Ref Stage 0, run, end, 9198030213553960
1787078964.375510, NoOp Chain Depth 10 Size 10485760 Mode ref, Ref Stage 1, run, start, 9198030213568872
1787078964.375530, NoOp Chain Depth 10 Size 10485760 Mode ref, Ref Stage 1, run, end, 9198030213589752
1787078964.375545, NoOp Chain Depth 10 Size 10485760 Mode ref, Ref Stage 2, run, start, 9198030213604632
1787078964.375566, NoOp Chain Depth 10 Size 10485760 Mode ref, Ref Stage 2, run, end, 9198030213625112
1787078964.375581, NoOp Chain Depth 10 Size 10485760 Mode ref, Ref Stage 3, run, start, 9198030213640072
1787078964.375602, NoOp Chain Depth 10 Size 10485760 Mode ref, Ref Stage 3, run, end, 9198030213661176
1787078964.375617, NoOp Chain Depth 10 Size 10485760 Mode ref, Ref Stage 4, run, start, 9198030213676744
1787078964.375638, NoOp Chain Depth 10 Size 10485760 Mode ref, Ref Stage 4, run, end, 9198030213697448
1787078964.375653, NoOp Chain Depth 10 Size 10485760 Mode ref, Ref Stage 5, run, start, 9198030213712520
1787078964.375674, NoOp Chain Depth 10 Size 10485760 Mode ref, Ref Stage 5, run, end, 9198030213732888
1787078964.375690, NoOp Chain Depth 10 Size 10485760 Mode ref, Ref Stage 6, run, start, 9198030213749704
1787078964.375711, NoOp Chain Depth 10 Size 10485760 Mode ref, Ref Stage 6, run, end, 9198030213770040
1787078964.375726, NoOp Chain Depth 10 Size 10485760 Mode ref, Ref Stage 7, run, start, 9198030213785064
1787078964.375748, NoOp Chain Depth 10 Size 10485760 Mode ref, Ref Stage 7, run, end, 9198030213807032
1787078964.375761, NoOp Chain Depth 10 Size 10485760 Mode ref, Ref Stage 8, run, start, 9198030213820568
1787078964.375791, NoOp Chain Depth 10 Size 10485760 Mode ref, Ref Stage 8, run, end, 9198030213850728
1787078964.375808, NoOp Chain Depth 10 Size 10485760 Mode ref, Ref Stage 9, run, start, 9198030213867384
1787078964.375828, NoOp Chain Depth 10 Size 10485760 Mode ref, Ref Stage 9, run, end, 9198030213887688
1787078964.375844, NoOp Chain Depth 10 Size 10485760 Mode ref, pipeline - train, run, end, 59608721540067982041950339620664866872, 1787078964.375441, 29, 1, 9198030213903528
1787078964.375875, NoOp Chain Depth 10 Size 10485760 Mode ref, pipeline - train, run, start, 24277971365299449599281322773969376949, 1787078964.375867, 30, 1, 9198030213935208
1787078964.375898, NoOp Chain Depth 10 Size 10485760 Mode ref, Ref Stage 0, run, start, 9198030213957512
1787078964.375919, NoOp Chain Depth 10 Size 10485760 Mode ref, Ref Stage 0, run, end, 9198030213978120
1787078964.375933, NoOp Chain Depth 10 Size 10485760 Mode ref, Ref Stage 1, run, start, 9198030213992904
1787078964.375957, NoOp Chain Depth 10 Size 10485760 Mode ref, Ref Stage 1, run, end, 9198030214016904
1787078964.375973, NoOp Chain Depth 10 Size 10485760 Mode ref, Ref Stage 2, run, start, 9198030214032328
1787078964.375993, NoOp Chain Depth 10 Size 10485760 Mode ref, Ref Stage 2, run, end, 9198030214052680
1787078964.376008, NoOp Chain Depth 10 Size 10485760 Mode ref, Ref Stage 3, run, start, 9198030214067400
1787078964.376415, NoOp Chain Depth 10 Size 10485760 Mode ref, Ref Stage 3, run, end, 9198030214475320
1787078964.376550, NoOp Chain Depth 10 Size 10485760 Mode ref, Ref Stage 4, run, start, 9198030214609720
1787078964.376573, NoOp Chain Depth 10 Size 10485760 Mode ref, Ref Stage 4, run, end, 9198030214632392
1787078964.376588, NoOp Chain Depth 10 Size 10485760 Mode ref, Ref Stage 5, run, start, 9198030214647384
1787078964.376608, NoOp Chain Depth 10 Size 10485760 Mode ref, Ref Stage 5, run, end, 9198030214667992
1787078964.376623, NoOp Chain Depth 10 Size 10485760 Mode ref, Ref Stage 6, run, start, 9198030214682760
1787078964.376644, NoOp Chain Depth 10 Size 10485760 Mode ref, Ref Stage 6, run, end, 9198030214702888
1787078964.376658, NoOp Chain Depth 10 Size 10485760 Mode ref, Ref Stage 7, run, start, 9198030214717496
1787078964.376680, NoOp Chain Depth 10 Size 10485760 Mode ref, Ref Stage 7, run, end, 9198030214739256
1787078964.376692, NoOp Chain Depth 10 Size 10485760 Mode ref, Ref Stage 8, run, start, 9198030214751272
1787078964.376723, NoOp Chain Depth 10 Size 10485760 Mode ref, Ref Stage 8, run, end, 9198030214782424
1787078964.376738, NoOp Chain Depth 10 Size 10485760 Mode ref, Ref Stage 9, run, start, 9198030214797576
1787078964.376758, NoOp Chain Depth 10 Size 10485760 Mode ref, Ref Stage 9, run, end, 9198030214817608
1787078964.376774, NoOp Chain Depth 10 Size 10485760 Mode ref, pipeline - train, run, end, 24277971365299449599281322773969376949, 1787078964.375867, 30, 1, 9198030214833640
1787078964.376807, NoOp Chain Depth 10 Size 10485760 Mode ref, pipeline - train, run, start, 58311269636574290142400032479788025023, 1787078964.376797, 31, 1, 9198030214866248
1787078964.376828, NoOp Chain Depth 10 Size 10485760 Mode ref, Ref Stage 0, run, start, 9198030214887976
1787078964.376849, NoOp Chain Depth 10 Size 10485760 Mode ref, Ref Stage 0, run, end, 9198030214908616
1787078964.376894, NoOp Chain Depth 10 Size 10485760 Mode ref, Ref Stage 1, run, start, 9198030214953112
1787078964.376915, NoOp Chain Depth 10 Size 10485760 Mode ref, Ref Stage 1, run, end, 9198030214973832
1787078964.376931, NoOp Chain Depth 10 Size 10485760 Mode ref, Ref Stage 2, run, start, 9198030214990600
1787078964.376958, NoOp Chain Depth 10 Size 10485760 Mode ref, Ref Stage 2, run, end, 9198030215017049
1787078964.376970, NoOp Chain Depth 10 Size 10485760 Mode ref, Ref Stage 3, run, start, 9198030215028985
1787078964.377000, NoOp Chain Depth 10 Size 10485760 Mode ref, Ref Stage 3, run, end, 9198030215059753
1787078964.377015, NoOp Chain Depth 10 Size 10485760 Mode ref, Ref Stage 4, run, start, 9198030215074841
1787078964.377036, NoOp Chain Depth 10 Size 10485760 Mode ref, Ref Stage 4, run, end, 9198030215095177
1787078964.377051, NoOp Chain Depth 10 Size 10485760 Mode ref, Ref Stage 5, run, start, 9198030215109993
1787078964.377071, NoOp Chain Depth 10 Size 10485760 Mode ref, Ref Stage 5, run, end, 9198030215130137
1787078964.377086, NoOp Chain Depth 10 Size 10485760 Mode ref, Ref Stage 6, run, start, 9198030215144985
1787078964.377107, NoOp Chain Depth 10 Size 10485760 Mode ref, Ref Stage 6, run, end, 9198030215166489
1787078964.377122, NoOp Chain Depth 10 Size 10485760 Mode ref, Ref Stage 7, run, start, 9198030215181225
1787078964.377143, NoOp Chain Depth 10 Size 10485760 Mode ref, Ref Stage 7, run, end, 9198030215202329
1787078964.377157, NoOp Chain Depth 10 Size 10485760 Mode ref, Ref Stage 8, run, start, 9198030215216729
1787078964.377178, NoOp Chain Depth 10 Size 10485760 Mode ref, Ref Stage 8, run, end, 9198030215237065
1787078964.377193, NoOp Chain Depth 10 Size 10485760 Mode ref, Ref Stage 9, run, start, 9198030215251977
1787078964.377212, NoOp Chain Depth 10 Size 10485760 Mode ref, Ref Stage 9, run, end, 9198030215271673
1787078964.377227, NoOp Chain Depth 10 Size 10485760 Mode ref, pipeline - train, run, end, 58311269636574290142400032479788025023, 1787078964.376797, 31, 1, 9198030215286537
1787078964.377263, NoOp Chain Depth 10 Size 10485760 Mode ref, pipeline - train, run, start, 321539998355869048730327733469937115365, 1787078964.377251, 32, 1, 9198030215322825
1787078964.377285, NoOp Chain Depth 10 Size 10485760 Mode ref, Ref Stage 0, run, start, 9198030215344425
1787078964.377306, NoOp Chain Depth 10 Size 10485760 Mode ref, Ref Stage 0, run, end, 9198030215364937
1787078964.377321, NoOp Chain Depth 10 Size 10485760 Mode ref, Ref Stage 1, run, start, 9198030215380713
1787078964.377341, NoOp Chain Depth 10 Size 10485760 Mode ref, Ref Stage 1, run, end, 9198030215400473
1787078964.377356, NoOp Chain Depth 10 Size 10485760 Mode ref, Ref Stage 2, run, start, 9198030215415705
1787078964.377378, NoOp Chain Depth 10 Size 10485760 Mode ref, Ref Stage 2, run, end, 9198030215437145
1787078964.377863, NoOp Chain Depth 10 Size 10485760 Mode ref, Ref Stage 3, run, start, 9198030215923001
1787078964.378009, NoOp Chain Depth 10 Size 10485760 Mode ref, Ref Stage 3, run, end, 9198030216068953
1787078964.378026, NoOp Chain Depth 10 Size 10485760 Mode ref, Ref Stage 4, run, start, 9198030216084841
1787078964.378046, NoOp Chain Depth 10 Size 10485760 Mode ref, Ref Stage 4, run, end, 9198030216105609
1787078964.378061, NoOp Chain Depth 10 Size 10485760 Mode ref, Ref Stage 5, run, start, 9198030216120681
1787078964.378082, NoOp Chain Depth 10 Size 10485760 Mode ref, Ref Stage 5, run, end, 9198030216141081
1787078964.378096, NoOp Chain Depth 10 Size 10485760 Mode ref, Ref Stage 6, run, start, 9198030216155705
1787078964.378116, NoOp Chain Depth 10 Size 10485760 Mode ref, Ref Stage 6, run, end, 9198030216175801
1787078964.378131, NoOp Chain Depth 10 Size 10485760 Mode ref, Ref Stage 7, run, start, 9198030216190793
1787078964.378152, NoOp Chain Depth 10 Size 10485760 Mode ref, Ref Stage 7, run, end, 9198030216211305
1787078964.378167, NoOp Chain Depth 10 Size 10485760 Mode ref, Ref Stage 8, run, start, 9198030216226393
1787078964.378187, NoOp Chain Depth 10 Size 10485760 Mode ref, Ref Stage 8, run, end, 9198030216246937
1787078964.378203, NoOp Chain Depth 10 Size 10485760 Mode ref, Ref Stage 9, run, start, 9198030216261993
1787078964.378223, NoOp Chain Depth 10 Size 10485760 Mode ref, Ref Stage 9, run, end, 9198030216282329
1787078964.378238, NoOp Chain Depth 10 Size 10485760 Mode ref, pipeline - train, run, end, 321539998355869048730327733469937115365, 1787078964.377251, 32, 1, 9198030216297641
1787078964.378277, NoOp Chain Depth 10 Size 10485760 Mode ref, pipeline - train, run, start, 296985216323240205475057354997692267484, 1787078964.378264, 33, 1, 9198030216336489
1787078964.378299, NoOp Chain Depth 10 Size 10485760 Mode ref, Ref Stage 0, run, start, 9198030216358377
1787078964.378320, NoOp Chain Depth 10 Size 10485760 Mode ref, Ref Stage 0, run, end, 9198030216379017
1787078964.378335, NoOp Chain Depth 10 Size 10485760 Mode ref, Ref Stage 1, run, start, 9198030216393785
1787078964.378357, NoOp Chain Depth 10 Size 10485760 Mode ref, Ref Stage 1, run, end, 9198030216417018
1787078964.378370, NoOp Chain Depth 10 Size 10485760 Mode ref, Ref Stage 2, run, start, 9198030216429706
1787078964.378401, NoOp Chain Depth 10 Size 10485760 Mode ref, Ref Stage 2, run, end, 9198030216460218
1787078964.378416, NoOp Chain Depth 10 Size 10485760 Mode ref, Ref Stage 3, run, start, 9198030216475018
1787078964.378436, NoOp Chain Depth 10 Size 10485760 Mode ref, Ref Stage 3, run, end, 9198030216495498
1787078964.378452, NoOp Chain Depth 10 Size 10485760 Mode ref, Ref Stage 4, run, start, 9198030216511642
1787078964.378474, NoOp Chain Depth 10 Size 10485760 Mode ref, Ref Stage 4, run, end, 9198030216534042
1787078964.378490, NoOp Chain Depth 10 Size 10485760 Mode ref, Ref Stage 5, run, start, 9198030216549674
1787078964.378510, NoOp Chain Depth 10 Size 10485760 Mode ref, Ref Stage 5, run, end, 9198030216569994
1787078964.378525, NoOp Chain Depth 10 Size 10485760 Mode ref, Ref Stage 6, run, start, 9198030216584682
1787078964.378556, NoOp Chain Depth 10 Size 10485760 Mode ref, Ref Stage 6, run, end, 9198030216615002
1787078964.378572, NoOp Chain Depth 10 Size 10485760 Mode ref, Ref Stage 7, run, start, 9198030216631018
1787078964.378593, NoOp Chain Depth 10 Size 10485760 Mode ref, Ref Stage 7, run, end, 9198030216652970
1787078964.378608, NoOp Chain Depth 10 Size 10485760 Mode ref, Ref Stage 8, run, start, 9198030216667706
1787078964.378628, NoOp Chain Depth 10 Size 10485760 Mode ref, Ref Stage 8, run, end, 9198030216688058
1787078964.378644, NoOp Chain Depth 10 Size 10485760 Mode ref, Ref Stage 9, run, start, 9198030216703050
1787078964.378664, NoOp Chain Depth 10 Size 10485760 Mode ref, Ref Stage 9, run, end, 9198030216722714
1787078964.378679, NoOp Chain Depth 10 Size 10485760 Mode ref, pipeline - train, run, end, 296985216323240205475057354997692267484, 1787078964.378264, 33, 1, 9198030216738474
1787078964.378714, NoOp Chain Depth 10 Size 10485760 Mode ref, pipeline - train, run, start, 225993327736820420076389233062169102323, 1787078964.378702, 34, 1, 9198030216773306
1787078964.378735, NoOp Chain Depth 10 Size 10485760 Mode ref, Ref Stage 0, run, start, 9198030216794778
1787078964.378757, NoOp Chain Depth 10 Size 10485760 Mode ref, Ref Stage 0, run, end, 9198030216816794
1787078964.378772, NoOp Chain Depth 10 Size 10485760 Mode ref, Ref Stage 1, run, start, 9198030216831546
1787078964.378794, NoOp Chain Depth 10 Size 10485760 Mode ref, Ref Stage 1, run, end, 9198030216853178
1787078964.378806, NoOp Chain Depth 10 Size 10485760 Mode ref, Ref Stage 2, run, start, 9198030216865210
1787078964.378837, NoOp Chain Depth 10 Size 10485760 Mode ref, Ref Stage 2, run, end, 9198030216896106
1787078964.378852, NoOp Chain Depth 10 Size 10485760 Mode ref, Ref Stage 3, run, start, 9198030216910874
1787078964.378872, NoOp Chain Depth 10 Size 10485760 Mode ref, Ref Stage 3, run, end, 9198030216931258
1787078964.378887, NoOp Chain Depth 10 Size 10485760 Mode ref, Ref Stage 4, run, start, 9198030216946058
1787078964.378907, NoOp Chain Depth 10 Size 10485760 Mode ref, Ref Stage 4, run, end, 9198030216966426
1787078964.378923, NoOp Chain Depth 10 Size 10485760 Mode ref, Ref Stage 5, run, start, 9198030216982842
1787078964.378950, NoOp Chain Depth 10 Size 10485760 Mode ref, Ref Stage 5, run, end, 9198030217009546
1787078964.379385, NoOp Chain Depth 10 Size 10485760 Mode ref, Ref Stage 6, run, start, 9198030217445162
1787078964.379413, NoOp Chain Depth 10 Size 10485760 Mode ref, Ref Stage 6, run, end, 9198030217472842
1787078964.379546, NoOp Chain Depth 10 Size 10485760 Mode ref, Ref Stage 7, run, start, 9198030217606266
1787078964.379569, NoOp Chain Depth 10 Size 10485760 Mode ref, Ref Stage 7, run, end, 9198030217628186
1787078964.379584, NoOp Chain Depth 10 Size 10485760 Mode ref, Ref Stage 8, run, start, 9198030217643466
1787078964.379605, NoOp Chain Depth 10 Size 10485760 Mode ref, Ref Stage 8, run, end, 9198030217664650
1787078964.379621, NoOp Chain Depth 10 Size 10485760 Mode ref, Ref Stage 9, run, start, 9198030217680058
1787078964.379641, NoOp Chain Depth 10 Size 10485760 Mode ref, Ref Stage 9, run, end, 9198030217700234
1787078964.379656, NoOp Chain Depth 10 Size 10485760 Mode ref, pipeline - train, run, end, 225993327736820420076389233062169102323, 1787078964.378702, 34, 1, 9198030217715418
1787078964.379693, NoOp Chain Depth 10 Size 10485760 Mode ref, pipeline - train, run, start, 321892262195017389656743698187941767273, 1787078964.379679, 35, 1, 9198030217752266
1787078964.379716, NoOp Chain Depth 10 Size 10485760 Mode ref, Ref Stage 0, run, start, 9198030217775514
1787078964.379737, NoOp Chain Depth 10 Size 10485760 Mode ref, Ref Stage 0, run, end, 9198030217796858
1787078964.379754, NoOp Chain Depth 10 Size 10485760 Mode ref, Ref Stage 1, run, start, 9198030217813163
1787078964.380258, NoOp Chain Depth 10 Size 10485760 Mode ref, Ref Stage 1, run, end, 9198030218318603
1787078964.380395, NoOp Chain Depth 10 Size 10485760 Mode ref, Ref Stage 2, run, start, 9198030218455579
1787078964.380419, NoOp Chain Depth 10 Size 10485760 Mode ref, Ref Stage 2, run, end, 9198030218479035
1787078964.380435, NoOp Chain Depth 10 Size 10485760 Mode ref, Ref Stage 3, run, start, 9198030218494299
1787078964.380455, NoOp Chain Depth 10 Size 10485760 Mode ref, Ref Stage 3, run, end, 9198030218514955
1787078964.380471, NoOp Chain Depth 10 Size 10485760 Mode ref, Ref Stage 4, run, start, 9198030218529851
1787078964.380491, NoOp Chain Depth 10 Size 10485760 Mode ref, Ref Stage 4, run, end, 9198030218550395
1787078964.380506, NoOp Chain Depth 10 Size 10485760 Mode ref, Ref Stage 5, run, start, 9198030218565291
1787078964.380526, NoOp Chain Depth 10 Size 10485760 Mode ref, Ref Stage 5, run, end, 9198030218585723
1787078964.380541, NoOp Chain Depth 10 Size 10485760 Mode ref, Ref Stage 6, run, start, 9198030218600411
1787078964.380561, NoOp Chain Depth 10 Size 10485760 Mode ref, Ref Stage 6, run, end, 9198030218620571
1787078964.380576, NoOp Chain Depth 10 Size 10485760 Mode ref, Ref Stage 7, run, start, 9198030218635211
1787078964.380596, NoOp Chain Depth 10 Size 10485760 Mode ref, Ref Stage 7, run, end, 9198030218655659
1787078964.380611, NoOp Chain Depth 10 Size 10485760 Mode ref, Ref Stage 8, run, start, 9198030218670651
1787078964.380632, NoOp Chain Depth 10 Size 10485760 Mode ref, Ref Stage 8, run, end, 9198030218691243
1787078964.380647, NoOp Chain Depth 10 Size 10485760 Mode ref, Ref Stage 9, run, start, 9198030218706299
1787078964.380667, NoOp Chain Depth 10 Size 10485760 Mode ref, Ref Stage 9, run, end, 9198030218726235
1787078964.380683, NoOp Chain Depth 10 Size 10485760 Mode ref, pipeline - train, run, end, 321892262195017389656743698187941767273, 1787078964.379679, 35, 1, 9198030218742875
1787078964.380719, NoOp Chain Depth 10 Size 10485760 Mode ref, pipeline - train, run, start, 317531270500535740622929788393434104911, 1787078964.380709, 36, 1, 9198030218778763
1787078964.380742, NoOp Chain Depth 10 Size 10485760 Mode ref, Ref Stage 0, run, start, 9198030218801019
1787078964.381146, NoOp Chain Depth 10 Size 10485760 Mode ref, Ref Stage 0, run, end, 9198030219206443
1787078964.381281, NoOp Chain Depth 10 Size 10485760 Mode ref, Ref Stage 1, run, start, 9198030219340700
1787078964.381304, NoOp Chain Depth 10 Size 10485760 Mode ref, Ref Stage 1, run, end, 9198030219363516
1787078964.381319, NoOp Chain Depth 10 Size 10485760 Mode ref, Ref Stage 2, run, start, 9198030219378652
1787078964.381340, NoOp Chain Depth 10 Size 10485760 Mode ref, Ref Stage 2, run, end, 9198030219399372
1787078964.381357, NoOp Chain Depth 10 Size 10485760 Mode ref, Ref Stage 3, run, start, 9198030219416348
1787078964.381378, NoOp Chain Depth 10 Size 10485760 Mode ref, Ref Stage 3, run, end, 9198030219437164
1787078964.381393, NoOp Chain Depth 10 Size 10485760 Mode ref, Ref Stage 4, run, start, 9198030219452092
1787078964.381414, NoOp Chain Depth 10 Size 10485760 Mode ref, Ref Stage 4, run, end, 9198030219473916
1787078964.381426, NoOp Chain Depth 10 Size 10485760 Mode ref, Ref Stage 5, run, start, 9198030219485916
1787078964.381457, NoOp Chain Depth 10 Size 10485760 Mode ref, Ref Stage 5, run, end, 9198030219516204
1787078964.381473, NoOp Chain Depth 10 Size 10485760 Mode ref, Ref Stage 6, run, start, 9198030219531932
1787078964.381492, NoOp Chain Depth 10 Size 10485760 Mode ref, Ref Stage 6, run, end, 9198030219551948
1787078964.381507, NoOp Chain Depth 10 Size 10485760 Mode ref, Ref Stage 7, run, start, 9198030219566732
1787078964.381530, NoOp Chain Depth 10 Size 10485760 Mode ref, Ref Stage 7, run, end, 9198030219588972
1787078964.381544, NoOp Chain Depth 10 Size 10485760 Mode ref, Ref Stage 8, run, start, 9198030219603916
1787078964.381565, NoOp Chain Depth 10 Size 10485760 Mode ref, Ref Stage 8, run, end, 9198030219624476
1787078964.381580, NoOp Chain Depth 10 Size 10485760 Mode ref, Ref Stage 9, run, start, 9198030219639580
1787078964.381600, NoOp Chain Depth 10 Size 10485760 Mode ref, Ref Stage 9, run, end, 9198030219659404
1787078964.381615, NoOp Chain Depth 10 Size 10485760 Mode ref, pipeline - train, run, end, 317531270500535740622929788393434104911, 1787078964.380709, 36, 1, 9198030219674188
1787078964.381648, NoOp Chain Depth 10 Size 10485760 Mode ref, pipeline - train, run, start, 275447718749319642704108992023906152253, 1787078964.381638, 37, 1, 9198030219707452
1787078964.381958, NoOp Chain Depth 10 Size 10485760 Mode ref, Ref Stage 0, run, start, 9198030220018172
1787078964.381982, NoOp Chain Depth 10 Size 10485760 Mode ref, Ref Stage 0, run, end, 9198030220041804
1787078964.381997, NoOp Chain Depth 10 Size 10485760 Mode ref, Ref Stage 1, run, start, 9198030220056796
1787078964.382019, NoOp Chain Depth 10 Size 10485760 Mode ref, Ref Stage 1, run, end, 9198030220078828
1787078964.382034, NoOp Chain Depth 10 Size 10485760 Mode ref, Ref Stage 2, run, start, 9198030220093628
1787078964.382055, NoOp Chain Depth 10 Size 10485760 Mode ref, Ref Stage 2, run, end, 9198030220114124
1787078964.382069, NoOp Chain Depth 10 Size 10485760 Mode ref, Ref Stage 3, run, start, 9198030220128620
1787078964.382089, NoOp Chain Depth 10 Size 10485760 Mode ref, Ref Stage 3, run, end, 9198030220148732
1787078964.382104, NoOp Chain Depth 10 Size 10485760 Mode ref, Ref Stage 4, run, start, 9198030220163228
1787078964.382124, NoOp Chain Depth 10 Size 10485760 Mode ref, Ref Stage 4, run, end, 9198030220183164
1787078964.382139, NoOp Chain Depth 10 Size 10485760 Mode ref, Ref Stage 5, run, start, 9198030220198044
1787078964.382160, NoOp Chain Depth 10 Size 10485760 Mode ref, Ref Stage 5, run, end, 9198030220219532
1787078964.382176, NoOp Chain Depth 10 Size 10485760 Mode ref, Ref Stage 6, run, start, 9198030220235772
1787078964.382198, NoOp Chain Depth 10 Size 10485760 Mode ref, Ref Stage 6, run, end, 9198030220257340
1787078964.382213, NoOp Chain Depth 10 Size 10485760 Mode ref, Ref Stage 7, run, start, 9198030220271932
1787078964.382233, NoOp Chain Depth 10 Size 10485760 Mode ref, Ref Stage 7, run, end, 9198030220292460
1787078964.382248, NoOp Chain Depth 10 Size 10485760 Mode ref, Ref Stage 8, run, start, 9198030220306988
1787078964.382268, NoOp Chain Depth 10 Size 10485760 Mode ref, Ref Stage 8, run, end, 9198030220327228
1787078964.382283, NoOp Chain Depth 10 Size 10485760 Mode ref, Ref Stage 9, run, start, 9198030220342316
1787078964.382303, NoOp Chain Depth 10 Size 10485760 Mode ref, Ref Stage 9, run, end, 9198030220362028
1787078964.382317, NoOp Chain Depth 10 Size 10485760 Mode ref, pipeline - train, run, end, 275447718749319642704108992023906152253, 1787078964.381638, 37, 1, 9198030220376652
1787078964.382364, NoOp Chain Depth 10 Size 10485760 Mode ref, pipeline - train, run, start, 240781497369867541876214591021704067521, 1787078964.382351, 38, 1, 9198030220423772
1787078964.382386, NoOp Chain Depth 10 Size 10485760 Mode ref, Ref Stage 0, run, start, 9198030220445180
1787078964.382407, NoOp Chain Depth 10 Size 10485760 Mode ref, Ref Stage 0, run, end, 9198030220466812
1787078964.382422, NoOp Chain Depth 10 Size 10485760 Mode ref, Ref Stage 1, run, start, 9198030220481564
1787078964.382442, NoOp Chain Depth 10 Size 10485760 Mode ref, Ref Stage 1, run, end, 9198030220501756
1787078964.382457, NoOp Chain Depth 10 Size 10485760 Mode ref, Ref Stage 2, run, start, 9198030220516396
1787078964.382478, NoOp Chain Depth 10 Size 10485760 Mode ref, Ref Stage 2, run, end, 9198030220537996
1787078964.382491, NoOp Chain Depth 10 Size 10485760 Mode ref, Ref Stage 3, run, start, 9198030220549948
1787078964.382522, NoOp Chain Depth 10 Size 10485760 Mode ref, Ref Stage 3, run, end, 9198030220581660
1787078964.382537, NoOp Chain Depth 10 Size 10485760 Mode ref, Ref Stage 4, run, start, 9198030220596684
1787078964.382559, NoOp Chain Depth 10 Size 10485760 Mode ref, Ref Stage 4, run, end, 9198030220618556
1787078964.382574, NoOp Chain Depth 10 Size 10485760 Mode ref, Ref Stage 5, run, start, 9198030220633244
1787078964.382595, NoOp Chain Depth 10 Size 10485760 Mode ref, Ref Stage 5, run, end, 9198030220654780
1787078964.382610, NoOp Chain Depth 10 Size 10485760 Mode ref, Ref Stage 6, run, start, 9198030220669516
1787078964.382632, NoOp Chain Depth 10 Size 10485760 Mode ref, Ref Stage 6, run, end, 9198030220691004
1787078964.382647, NoOp Chain Depth 10 Size 10485760 Mode ref, Ref Stage 7, run, start, 9198030220706412
1787078964.382667, NoOp Chain Depth 10 Size 10485760 Mode ref, Ref Stage 7, run, end, 9198030220726300
1787078964.382681, NoOp Chain Depth 10 Size 10485760 Mode ref, Ref Stage 8, run, start, 9198030220740828
1787078964.382703, NoOp Chain Depth 10 Size 10485760 Mode ref, Ref Stage 8, run, end, 9198030220762572
1787078964.382719, NoOp Chain Depth 10 Size 10485760 Mode ref, Ref Stage 9, run, start, 9198030220778269
1787078964.382909, NoOp Chain Depth 10 Size 10485760 Mode ref, Ref Stage 9, run, end, 9198030220968925
1787078964.383049, NoOp Chain Depth 10 Size 10485760 Mode ref, pipeline - train, run, end, 240781497369867541876214591021704067521, 1787078964.382351, 38, 1, 9198030221109581
1787078964.383090, NoOp Chain Depth 10 Size 10485760 Mode ref, pipeline - train, run, start, 205359162569267259357128629599949876980, 1787078964.383076, 39, 1, 9198030221149517
1787078964.383113, NoOp Chain Depth 10 Size 10485760 Mode ref, Ref Stage 0, run, start, 9198030221172317
1787078964.383136, NoOp Chain Depth 10 Size 10485760 Mode ref, Ref Stage 0, run, end, 9198030221195469
1787078964.383148, NoOp Chain Depth 10 Size 10485760 Mode ref, Ref Stage 1, run, start, 9198030221207789
1787078964.383179, NoOp Chain Depth 10 Size 10485760 Mode ref, Ref Stage 1, run, end, 9198030221238989
1787078964.383195, NoOp Chain Depth 10 Size 10485760 Mode ref, Ref Stage 2, run, start, 9198030221254685
1787078964.383219, NoOp Chain Depth 10 Size 10485760 Mode ref, Ref Stage 2, run, end, 9198030221277837
1787078964.383231, NoOp Chain Depth 10 Size 10485760 Mode ref, Ref Stage 3, run, start, 9198030221289997
1787078964.383261, NoOp Chain Depth 10 Size 10485760 Mode ref, Ref Stage 3, run, end, 9198030221320653
1787078964.383276, NoOp Chain Depth 10 Size 10485760 Mode ref, Ref Stage 4, run, start, 9198030221335805
1787078964.383299, NoOp Chain Depth 10 Size 10485760 Mode ref, Ref Stage 4, run, end, 9198030221358509
1787078964.383311, NoOp Chain Depth 10 Size 10485760 Mode ref, Ref Stage 5, run, start, 9198030221371101
1787078964.387854, NoOp Chain Depth 10 Size 10485760 Mode ref, Ref Stage 5, run, end, 9198030225915984
1787078964.387874, NoOp Chain Depth 10 Size 10485760 Mode ref, Ref Stage 6, run, start, 9198030225934112
1787078964.387897, NoOp Chain Depth 10 Size 10485760 Mode ref, Ref Stage 6, run, end, 9198030225956144
1787078964.387914, NoOp Chain Depth 10 Size 10485760 Mode ref, Ref Stage 7, run, start, 9198030225973264
1787078964.387935, NoOp Chain Depth 10 Size 10485760 Mode ref, Ref Stage 7, run, end, 9198030225994256
1787078964.387953, NoOp Chain Depth 10 Size 10485760 Mode ref, Ref Stage 8, run, start, 9198030226012144
1787078964.387974, NoOp Chain Depth 10 Size 10485760 Mode ref, Ref Stage 8, run, end, 9198030226033328
1787078964.387989, NoOp Chain Depth 10 Size 10485760 Mode ref, Ref Stage 9, run, start, 9198030226048608
1787078964.388009, NoOp Chain Depth 10 Size 10485760 Mode ref, Ref Stage 9, run, end, 9198030226068544
1787078964.388024, NoOp Chain Depth 10 Size 10485760 Mode ref, pipeline - train, run, end, 205359162569267259357128629599949876980, 1787078964.383076, 39, 1, 9198030226083760
1787078964.388063, NoOp Chain Depth 10 Size 10485760 Mode ref, pipeline - train, run, start, 87513510175145302576063770468926648738, 1787078964.388049, 40, 1, 9198030226122416
1787078964.388086, NoOp Chain Depth 10 Size 10485760 Mode ref, Ref Stage 0, run, start, 9198030226145728
1787078964.388107, NoOp Chain Depth 10 Size 10485760 Mode ref, Ref Stage 0, run, end, 9198030226166416
1787078964.388122, NoOp Chain Depth 10 Size 10485760 Mode ref, Ref Stage 1, run, start, 9198030226181312
1787078964.388144, NoOp Chain Depth 10 Size 10485760 Mode ref, Ref Stage 1, run, end, 9198030226203600
1787078964.388156, NoOp Chain Depth 10 Size 10485760 Mode ref, Ref Stage 2, run, start, 9198030226215760
1787078964.388187, NoOp Chain Depth 10 Size 10485760 Mode ref, Ref Stage 2, run, end, 9198030226246144
1787078964.388202, NoOp Chain Depth 10 Size 10485760 Mode ref, Ref Stage 3, run, start, 9198030226261120
1787078964.388223, NoOp Chain Depth 10 Size 10485760 Mode ref, Ref Stage 3, run, end, 9198030226282960
1787078964.388236, NoOp Chain Depth 10 Size 10485760 Mode ref, Ref Stage 4, run, start, 9198030226294992
1787078964.388266, NoOp Chain Depth 10 Size 10485760 Mode ref, Ref Stage 4, run, end, 9198030226324960
1787078964.388281, NoOp Chain Depth 10 Size 10485760 Mode ref, Ref Stage 5, run, start, 9198030226339936
1787078964.388301, NoOp Chain Depth 10 Size 10485760 Mode ref, Ref Stage 5, run, end, 9198030226360464
1787078964.388316, NoOp Chain Depth 10 Size 10485760 Mode ref, Ref Stage 6, run, start, 9198030226375232
1787078964.388336, NoOp Chain Depth 10 Size 10485760 Mode ref, Ref Stage 6, run, end, 9198030226395520
1787078964.388351, NoOp Chain Depth 10 Size 10485760 Mode ref, Ref Stage 7, run, start, 9198030226410208
1787078964.388371, NoOp Chain Depth 10 Size 10485760 Mode ref, Ref Stage 7, run, end, 9198030226430352
1787078964.388386, NoOp Chain Depth 10 Size 10485760 Mode ref, Ref Stage 8, run, start, 9198030226445648
1787078964.388406, NoOp Chain Depth 10 Size 10485760 Mode ref, Ref Stage 8, run, end, 9198030226465904
1787078964.388421, NoOp Chain Depth 10 Size 10485760 Mode ref, Ref Stage 9, run, start, 9198030226480672
1787078964.388441, NoOp Chain Depth 10 Size 10485760 Mode ref, Ref Stage 9, run, end, 9198030226500112
1787078964.388455, NoOp Chain Depth 10 Size 10485760 Mode ref, pipeline - train, run, end, 87513510175145302576063770468926648738, 1787078964.388049, 40, 1, 9198030226514752
1787078964.388487, NoOp Chain Depth 10 Size 10485760 Mode ref, pipeline - train, run, start, 85317062885987459895477318033981182663, 1787078964.388478, 41, 1, 9198030226546353
1787078964.388508, NoOp Chain Depth 10 Size 10485760 Mode ref, Ref Stage 0, run, start, 9198030226567825
1787078964.388528, NoOp Chain Depth 10 Size 10485760 Mode ref, Ref Stage 0, run, end, 9198030226587809
1787078964.388544, NoOp Chain Depth 10 Size 10485760 Mode ref, Ref Stage 1, run, start, 9198030226602801
1787078964.388588, NoOp Chain Depth 10 Size 10485760 Mode ref, Ref Stage 1, run, end, 9198030226648369
1787078964.392906, NoOp Chain Depth 10 Size 10485760 Mode ref, Ref Stage 2, run, start, 9198030230966676
1787078964.392933, NoOp Chain Depth 10 Size 10485760 Mode ref, Ref Stage 2, run, end, 9198030230992436
1787078964.392951, NoOp Chain Depth 10 Size 10485760 Mode ref, Ref Stage 3, run, start, 9198030231009988
1787078964.392974, NoOp Chain Depth 10 Size 10485760 Mode ref, Ref Stage 3, run, end, 9198030231033124
1787078964.392989, NoOp Chain Depth 10 Size 10485760 Mode ref, Ref Stage 4, run, start, 9198030231048388
1787078964.393009, NoOp Chain Depth 10 Size 10485760 Mode ref, Ref Stage 4, run, end, 9198030231068676
1787078964.393024, NoOp Chain Depth 10 Size 10485760 Mode ref, Ref Stage 5, run, start, 9198030231083524
1787078964.393045, NoOp Chain Depth 10 Size 10485760 Mode ref, Ref Stage 5, run, end, 9198030231104148
1787078964.393059, NoOp Chain Depth 10 Size 10485760 Mode ref, Ref Stage 6, run, start, 9198030231119156
1787078964.393080, NoOp Chain Depth 10 Size 10485760 Mode ref, Ref Stage 6, run, end, 9198030231139220
1787078964.393094, NoOp Chain Depth 10 Size 10485760 Mode ref, Ref Stage 7, run, start, 9198030231153844
1787078964.393114, NoOp Chain Depth 10 Size 10485760 Mode ref, Ref Stage 7, run, end, 9198030231173844
1787078964.393130, NoOp Chain Depth 10 Size 10485760 Mode ref, Ref Stage 8, run, start, 9198030231188804
1787078964.393149, NoOp Chain Depth 10 Size 10485760 Mode ref, Ref Stage 8, run, end, 9198030231208660
1787078964.393164, NoOp Chain Depth 10 Size 10485760 Mode ref, Ref Stage 9, run, start, 9198030231223732
1787078964.393184, NoOp Chain Depth 10 Size 10485760 Mode ref, Ref Stage 9, run, end, 9198030231243140
1787078964.393198, NoOp Chain Depth 10 Size 10485760 Mode ref, pipeline - train, run, end, 85317062885987459895477318033981182663, 1787078964.388478, 41, 1, 9198030231258036
1787078964.393232, NoOp Chain Depth 10 Size 10485760 Mode ref, pipeline - train, run, start, 284139952741478244923577598028221774802, 1787078964.393222, 42, 1, 9198030231291844
1787078964.393255, NoOp Chain Depth 10 Size 10485760 Mode ref, Ref Stage 0, run, start, 9198030231313796
1787078964.393277, NoOp Chain Depth 10 Size 10485760 Mode ref, Ref Stage 0, run, end, 9198030231336100
1787078964.393289, NoOp Chain Depth 10 Size 10485760 Mode ref, Ref Stage 1, run, start, 9198030231348308
1787078964.393319, NoOp Chain Depth 10 Size 10485760 Mode ref, Ref Stage 1, run, end, 9198030231378564
1787078964.393334, NoOp Chain Depth 10 Size 10485760 Mode ref, Ref Stage 2, run, start, 9198030231393444
1787078964.393354, NoOp Chain Depth 10 Size 10485760 Mode ref, Ref Stage 2, run, end, 9198030231413860
1787078964.393369, NoOp Chain Depth 10 Size 10485760 Mode ref, Ref Stage 3, run, start, 9198030231428452
1787078964.393389, NoOp Chain Depth 10 Size 10485760 Mode ref, Ref Stage 3, run, end, 9198030231448548
1787078964.393404, NoOp Chain Depth 10 Size 10485760 Mode ref, Ref Stage 4, run, start, 9198030231463332
1787078964.393424, NoOp Chain Depth 10 Size 10485760 Mode ref, Ref Stage 4, run, end, 9198030231483220
1787078964.393439, NoOp Chain Depth 10 Size 10485760 Mode ref, Ref Stage 5, run, start, 9198030231497844
1787078964.393458, NoOp Chain Depth 10 Size 10485760 Mode ref, Ref Stage 5, run, end, 9198030231517796
1787078964.393473, NoOp Chain Depth 10 Size 10485760 Mode ref, Ref Stage 6, run, start, 9198030231532420
1787078964.393493, NoOp Chain Depth 10 Size 10485760 Mode ref, Ref Stage 6, run, end, 9198030231552372
1787078964.393508, NoOp Chain Depth 10 Size 10485760 Mode ref, Ref Stage 7, run, start, 9198030231567124
1787078964.393528, NoOp Chain Depth 10 Size 10485760 Mode ref, Ref Stage 7, run, end, 9198030231586964
1787078964.393542, NoOp Chain Depth 10 Size 10485760 Mode ref, Ref Stage 8, run, start, 9198030231601652
1787078964.393562, NoOp Chain Depth 10 Size 10485760 Mode ref, Ref Stage 8, run, end, 9198030231621396
1787078964.393577, NoOp Chain Depth 10 Size 10485760 Mode ref, Ref Stage 9, run, start, 9198030231636116
1787078964.393597, NoOp Chain Depth 10 Size 10485760 Mode ref, Ref Stage 9, run, end, 9198030231656772
1787078964.393612, NoOp Chain Depth 10 Size 10485760 Mode ref, pipeline - train, run, end, 284139952741478244923577598028221774802, 1787078964.393222, 42, 1, 9198030231671380
1787078964.393644, NoOp Chain Depth 10 Size 10485760 Mode ref, pipeline - train, run, start, 284267413044507535331005244243593335855, 1787078964.393634, 43, 1, 9198030231703156
1787078964.393666, NoOp Chain Depth 10 Size 10485760 Mode ref, Ref Stage 0, run, start, 9198030231725332
1787078964.393688, NoOp Chain Depth 10 Size 10485760 Mode ref, Ref Stage 0, run, end, 9198030231747364
1787078964.393700, NoOp Chain Depth 10 Size 10485760 Mode ref, Ref Stage 1, run, start, 9198030231759012
1787078964.393731, NoOp Chain Depth 10 Size 10485760 Mode ref, Ref Stage 1, run, end, 9198030231790404
1787078964.393743, NoOp Chain Depth 10 Size 10485760 Mode ref, Ref Stage 2, run, start, 9198030231802580
1787078964.393773, NoOp Chain Depth 10 Size 10485760 Mode ref, Ref Stage 2, run, end, 9198030231832308
1787078964.393788, NoOp Chain Depth 10 Size 10485760 Mode ref, Ref Stage 3, run, start, 9198030231846916
1787078964.393808, NoOp Chain Depth 10 Size 10485760 Mode ref, Ref Stage 3, run, end, 9198030231867028
1787078964.393822, NoOp Chain Depth 10 Size 10485760 Mode ref, Ref Stage 4, run, start, 9198030231881284
1787078964.393842, NoOp Chain Depth 10 Size 10485760 Mode ref, Ref Stage 4, run, end, 9198030231901556
1787078964.393857, NoOp Chain Depth 10 Size 10485760 Mode ref, Ref Stage 5, run, start, 9198030231915876
1787078964.393877, NoOp Chain Depth 10 Size 10485760 Mode ref, Ref Stage 5, run, end, 9198030231936004
1787078964.393891, NoOp Chain Depth 10 Size 10485760 Mode ref, Ref Stage 6, run, start, 9198030231950516
1787078964.393911, NoOp Chain Depth 10 Size 10485760 Mode ref, Ref Stage 6, run, end, 9198030231970660
1787078964.393926, NoOp Chain Depth 10 Size 10485760 Mode ref, Ref Stage 7, run, start, 9198030231985124
1787078964.393947, NoOp Chain Depth 10 Size 10485760 Mode ref, Ref Stage 7, run, end, 9198030232006356
1787078964.393962, NoOp Chain Depth 10 Size 10485760 Mode ref, Ref Stage 8, run, start, 9198030232021188
1787078964.393982, NoOp Chain Depth 10 Size 10485760 Mode ref, Ref Stage 8, run, end, 9198030232041012
1787078964.393996, NoOp Chain Depth 10 Size 10485760 Mode ref, Ref Stage 9, run, start, 9198030232055572
1787078964.394016, NoOp Chain Depth 10 Size 10485760 Mode ref, Ref Stage 9, run, end, 9198030232074868
1787078964.394030, NoOp Chain Depth 10 Size 10485760 Mode ref, pipeline - train, run, end, 284267413044507535331005244243593335855, 1787078964.393634, 43, 1, 9198030232089364
1787078964.394061, NoOp Chain Depth 10 Size 10485760 Mode ref, pipeline - train, run, start, 11127858561730042632352343035534076866, 1787078964.394053, 44, 1, 9198030232120932
1787078964.394082, NoOp Chain Depth 10 Size 10485760 Mode ref, Ref Stage 0, run, start, 9198030232141364
1787078964.394232, NoOp Chain Depth 10 Size 10485760 Mode ref, Ref Stage 0, run, end, 9198030232292533
1787078964.394246, NoOp Chain Depth 10 Size 10485760 Mode ref, Ref Stage 1, run, start, 9198030232306005
1787078964.394392, NoOp Chain Depth 10 Size 10485760 Mode ref, Ref Stage 1, run, end, 9198030232451621
1787078964.394404, NoOp Chain Depth 10 Size 10485760 Mode ref, Ref Stage 2, run, start, 9198030232463765
1787078964.394435, NoOp Chain Depth 10 Size 10485760 Mode ref, Ref Stage 2, run, end, 9198030232494197
1787078964.394450, NoOp Chain Depth 10 Size 10485760 Mode ref, Ref Stage 3, run, start, 9198030232508965
1787078964.394470, NoOp Chain Depth 10 Size 10485760 Mode ref, Ref Stage 3, run, end, 9198030232529013
1787078964.394484, NoOp Chain Depth 10 Size 10485760 Mode ref, Ref Stage 4, run, start, 9198030232543685
1787078964.394505, NoOp Chain Depth 10 Size 10485760 Mode ref, Ref Stage 4, run, end, 9198030232563781
1787078964.394519, NoOp Chain Depth 10 Size 10485760 Mode ref, Ref Stage 5, run, start, 9198030232578293
1787078964.394540, NoOp Chain Depth 10 Size 10485760 Mode ref, Ref Stage 5, run, end, 9198030232598981
1787078964.394554, NoOp Chain Depth 10 Size 10485760 Mode ref, Ref Stage 6, run, start, 9198030232613797
1787078964.394575, NoOp Chain Depth 10 Size 10485760 Mode ref, Ref Stage 6, run, end, 9198030232634101
1787078964.394589, NoOp Chain Depth 10 Size 10485760 Mode ref, Ref Stage 7, run, start, 9198030232648453
1787078964.394609, NoOp Chain Depth 10 Size 10485760 Mode ref, Ref Stage 7, run, end, 9198030232668597
1787078964.394625, NoOp Chain Depth 10 Size 10485760 Mode ref, Ref Stage 8, run, start, 9198030232684869
1787078964.394645, NoOp Chain Depth 10 Size 10485760 Mode ref, Ref Stage 8, run, end, 9198030232704837
1787078964.394660, NoOp Chain Depth 10 Size 10485760 Mode ref, Ref Stage 9, run, start, 9198030232719637
1787078964.394680, NoOp Chain Depth 10 Size 10485760 Mode ref, Ref Stage 9, run, end, 9198030232739477
1787078964.394695, NoOp Chain Depth 10 Size 10485760 Mode ref, pipeline - train, run, end, 11127858561730042632352343035534076866, 1787078964.394053, 44, 1, 9198030232754421
1787078964.394727, NoOp Chain Depth 10 Size 10485760 Mode ref, pipeline - train, run, start, 316266823219207645334174951861059638425, 1787078964.394718, 45, 1, 9198030232786917
1787078964.394749, NoOp Chain Depth 10 Size 10485760 Mode ref, Ref Stage 0, run, start, 9198030232808357
1787078964.394769, NoOp Chain Depth 10 Size 10485760 Mode ref, Ref Stage 0, run, end, 9198030232827941
1787078964.394783, NoOp Chain Depth 10 Size 10485760 Mode ref, Ref Stage 1, run, start, 9198030232842341
1787078964.394804, NoOp Chain Depth 10 Size 10485760 Mode ref, Ref Stage 1, run, end, 9198030232863957
1787078964.394816, NoOp Chain Depth 10 Size 10485760 Mode ref, Ref Stage 2, run, start, 9198030232875669
1787078964.394847, NoOp Chain Depth 10 Size 10485760 Mode ref, Ref Stage 2, run, end, 9198030232906229
1787078964.394861, NoOp Chain Depth 10 Size 10485760 Mode ref, Ref Stage 3, run, start, 9198030232920773
1787078964.394881, NoOp Chain Depth 10 Size 10485760 Mode ref, Ref Stage 3, run, end, 9198030232940805
1787078964.394896, NoOp Chain Depth 10 Size 10485760 Mode ref, Ref Stage 4, run, start, 9198030232955509
1787078964.394916, NoOp Chain Depth 10 Size 10485760 Mode ref, Ref Stage 4, run, end, 9198030232975669
1787078964.394931, NoOp Chain Depth 10 Size 10485760 Mode ref, Ref Stage 5, run, start, 9198030232990133
1787078964.394953, NoOp Chain Depth 10 Size 10485760 Mode ref, Ref Stage 5, run, end, 9198030233011829
1787078964.394968, NoOp Chain Depth 10 Size 10485760 Mode ref, Ref Stage 6, run, start, 9198030233026853
1787078964.394988, NoOp Chain Depth 10 Size 10485760 Mode ref, Ref Stage 6, run, end, 9198030233047061
1787078964.395002, NoOp Chain Depth 10 Size 10485760 Mode ref, Ref Stage 7, run, start, 9198030233061589
1787078964.395022, NoOp Chain Depth 10 Size 10485760 Mode ref, Ref Stage 7, run, end, 9198030233081573
1787078964.395037, NoOp Chain Depth 10 Size 10485760 Mode ref, Ref Stage 8, run, start, 9198030233096485
1787078964.395058, NoOp Chain Depth 10 Size 10485760 Mode ref, Ref Stage 8, run, end, 9198030233117109
1787078964.395072, NoOp Chain Depth 10 Size 10485760 Mode ref, Ref Stage 9, run, start, 9198030233131973
1787078964.395092, NoOp Chain Depth 10 Size 10485760 Mode ref, Ref Stage 9, run, end, 9198030233151861
1787078964.395107, NoOp Chain Depth 10 Size 10485760 Mode ref, pipeline - train, run, end, 316266823219207645334174951861059638425, 1787078964.394718, 45, 1, 9198030233166709
1787078964.395139, NoOp Chain Depth 10 Size 10485760 Mode ref, pipeline - train, run, start, 279063418650840534536144781091062566687, 1787078964.395130, 46, 1, 9198030233198853
1787078964.395161, NoOp Chain Depth 10 Size 10485760 Mode ref, Ref Stage 0, run, start, 9198030233220165
1787078964.395181, NoOp Chain Depth 10 Size 10485760 Mode ref, Ref Stage 0, run, end, 9198030233240485
1787078964.395196, NoOp Chain Depth 10 Size 10485760 Mode ref, Ref Stage 1, run, start, 9198030233255445
1787078964.395218, NoOp Chain Depth 10 Size 10485760 Mode ref, Ref Stage 1, run, end, 9198030233277605
1787078964.395230, NoOp Chain Depth 10 Size 10485760 Mode ref, Ref Stage 2, run, start, 9198030233289589
1787078964.395261, NoOp Chain Depth 10 Size 10485760 Mode ref, Ref Stage 2, run, end, 9198030233320069
1787078964.395275, NoOp Chain Depth 10 Size 10485760 Mode ref, Ref Stage 3, run, start, 9198030233334709
1787078964.395296, NoOp Chain Depth 10 Size 10485760 Mode ref, Ref Stage 3, run, end, 9198030233355573
1787078964.395312, NoOp Chain Depth 10 Size 10485760 Mode ref, Ref Stage 4, run, start, 9198030233371413
1787078964.395333, NoOp Chain Depth 10 Size 10485760 Mode ref, Ref Stage 4, run, end, 9198030233392149
1787078964.395348, NoOp Chain Depth 10 Size 10485760 Mode ref, Ref Stage 5, run, start, 9198030233407029
1787078964.395368, NoOp Chain Depth 10 Size 10485760 Mode ref, Ref Stage 5, run, end, 9198030233427765
1787078964.395383, NoOp Chain Depth 10 Size 10485760 Mode ref, Ref Stage 6, run, start, 9198030233442837
1787078964.395404, NoOp Chain Depth 10 Size 10485760 Mode ref, Ref Stage 6, run, end, 9198030233463365
1787078964.395419, NoOp Chain Depth 10 Size 10485760 Mode ref, Ref Stage 7, run, start, 9198030233478165
1787078964.395439, NoOp Chain Depth 10 Size 10485760 Mode ref, Ref Stage 7, run, end, 9198030233498501
1787078964.395454, NoOp Chain Depth 10 Size 10485760 Mode ref, Ref Stage 8, run, start, 9198030233513157
1787078964.395474, NoOp Chain Depth 10 Size 10485760 Mode ref, Ref Stage 8, run, end, 9198030233533461
1787078964.395489, NoOp Chain Depth 10 Size 10485760 Mode ref, Ref Stage 9, run, start, 9198030233548133
1787078964.395509, NoOp Chain Depth 10 Size 10485760 Mode ref, Ref Stage 9, run, end, 9198030233567765
1787078964.395523, NoOp Chain Depth 10 Size 10485760 Mode ref, pipeline - train, run, end, 279063418650840534536144781091062566687, 1787078964.395130, 46, 1, 9198030233582165
1787078964.395554, NoOp Chain Depth 10 Size 10485760 Mode ref, pipeline - train, run, start, 251061947219345675766591690178405909936, 1787078964.395545, 47, 1, 9198030233613413
1787078964.395575, NoOp Chain Depth 10 Size 10485760 Mode ref, Ref Stage 0, run, start, 9198030233634693
1787078964.395595, NoOp Chain Depth 10 Size 10485760 Mode ref, Ref Stage 0, run, end, 9198030233654341
1787078964.395610, NoOp Chain Depth 10 Size 10485760 Mode ref, Ref Stage 1, run, start, 9198030233668949
1787078964.395631, NoOp Chain Depth 10 Size 10485760 Mode ref, Ref Stage 1, run, end, 9198030233690614
1787078964.395643, NoOp Chain Depth 10 Size 10485760 Mode ref, Ref Stage 2, run, start, 9198030233702358
1787078964.395675, NoOp Chain Depth 10 Size 10485760 Mode ref, Ref Stage 2, run, end, 9198030233734086
1787078964.395687, NoOp Chain Depth 10 Size 10485760 Mode ref, Ref Stage 3, run, start, 9198030233746054
1787078964.395718, NoOp Chain Depth 10 Size 10485760 Mode ref, Ref Stage 3, run, end, 9198030233777446
1787078964.395735, NoOp Chain Depth 10 Size 10485760 Mode ref, Ref Stage 4, run, start, 9198030233795046
1787078964.395759, NoOp Chain Depth 10 Size 10485760 Mode ref, Ref Stage 4, run, end, 9198030233819286
1787078964.395776, NoOp Chain Depth 10 Size 10485760 Mode ref, Ref Stage 5, run, start, 9198030233835110
1787078964.395796, NoOp Chain Depth 10 Size 10485760 Mode ref, Ref Stage 5, run, end, 9198030233855430
1787078964.395811, NoOp Chain Depth 10 Size 10485760 Mode ref, Ref Stage 6, run, start, 9198030233869654
1787078964.395830, NoOp Chain Depth 10 Size 10485760 Mode ref, Ref Stage 6, run, end, 9198030233889382
1787078964.395844, NoOp Chain Depth 10 Size 10485760 Mode ref, Ref Stage 7, run, start, 9198030233903606
1787078964.395864, NoOp Chain Depth 10 Size 10485760 Mode ref, Ref Stage 7, run, end, 9198030233923238
1787078964.395878, NoOp Chain Depth 10 Size 10485760 Mode ref, Ref Stage 8, run, start, 9198030233937142
1787078964.395898, NoOp Chain Depth 10 Size 10485760 Mode ref, Ref Stage 8, run, end, 9198030233956918
1787078964.395912, NoOp Chain Depth 10 Size 10485760 Mode ref, Ref Stage 9, run, start, 9198030233971302
1787078964.395931, NoOp Chain Depth 10 Size 10485760 Mode ref, Ref Stage 9, run, end, 9198030233990502
1787078964.395946, NoOp Chain Depth 10 Size 10485760 Mode ref, pipeline - train, run, end, 251061947219345675766591690178405909936, 1787078964.395545, 47, 1, 9198030234005654
1787078964.395978, NoOp Chain Depth 10 Size 10485760 Mode ref, pipeline - train, run, start, 174188373233870349184743758058202016993, 1787078964.395969, 48, 1, 9198030234037174
1787078964.395999, NoOp Chain Depth 10 Size 10485760 Mode ref, Ref Stage 0, run, start, 9198030234058150
1787078964.396020, NoOp Chain Depth 10 Size 10485760 Mode ref, Ref Stage 0, run, end, 9198030234079270
1787078964.396035, NoOp Chain Depth 10 Size 10485760 Mode ref, Ref Stage 1, run, start, 9198030234094166
1787078964.396505, NoOp Chain Depth 10 Size 10485760 Mode ref, Ref Stage 1, run, end, 9198030234565750
1787078964.396641, NoOp Chain Depth 10 Size 10485760 Mode ref, Ref Stage 2, run, start, 9198030234700566
1787078964.396665, NoOp Chain Depth 10 Size 10485760 Mode ref, Ref Stage 2, run, end, 9198030234724470
1787078964.396677, NoOp Chain Depth 10 Size 10485760 Mode ref, Ref Stage 3, run, start, 9198030234736390
1787078964.396707, NoOp Chain Depth 10 Size 10485760 Mode ref, Ref Stage 3, run, end, 9198030234766198
1787078964.396721, NoOp Chain Depth 10 Size 10485760 Mode ref, Ref Stage 4, run, start, 9198030234780454
1787078964.396741, NoOp Chain Depth 10 Size 10485760 Mode ref, Ref Stage 4, run, end, 9198030234800326
1787078964.396755, NoOp Chain Depth 10 Size 10485760 Mode ref, Ref Stage 5, run, start, 9198030234814614
1787078964.396775, NoOp Chain Depth 10 Size 10485760 Mode ref, Ref Stage 5, run, end, 9198030234833910
1787078964.396789, NoOp Chain Depth 10 Size 10485760 Mode ref, Ref Stage 6, run, start, 9198030234847782
1787078964.396808, NoOp Chain Depth 10 Size 10485760 Mode ref, Ref Stage 6, run, end, 9198030234867526
1787078964.396822, NoOp Chain Depth 10 Size 10485760 Mode ref, Ref Stage 7, run, start, 9198030234881766
1787078964.396842, NoOp Chain Depth 10 Size 10485760 Mode ref, Ref Stage 7, run, end, 9198030234901686
1787078964.396857, NoOp Chain Depth 10 Size 10485760 Mode ref, Ref Stage 8, run, start, 9198030234915846
1787078964.396877, NoOp Chain Depth 10 Size 10485760 Mode ref, Ref Stage 8, run, end, 9198030234935750
1787078964.396891, NoOp Chain Depth 10 Size 10485760 Mode ref, Ref Stage 9, run, start, 9198030234950262
1787078964.396910, NoOp Chain Depth 10 Size 10485760 Mode ref, Ref Stage 9, run, end, 9198030234969190
1787078964.396924, NoOp Chain Depth 10 Size 10485760 Mode ref, pipeline - train, run, end, 174188373233870349184743758058202016993, 1787078964.395969, 48, 1, 9198030234983590
1787078964.396959, NoOp Chain Depth 10 Size 10485760 Mode ref, pipeline - train, run, start, 157396730396277141240655593812520878520, 1787078964.396949, 49, 1, 9198030235018342
1787078964.396981, NoOp Chain Depth 10 Size 10485760 Mode ref, Ref Stage 0, run, start, 9198030235040326
1787078964.397001, NoOp Chain Depth 10 Size 10485760 Mode ref, Ref Stage 0, run, end, 9198030235060326
1787078964.397015, NoOp Chain Depth 10 Size 10485760 Mode ref, Ref Stage 1, run, start, 9198030235074662
1787078964.397034, NoOp Chain Depth 10 Size 10485760 Mode ref, Ref Stage 1, run, end, 9198030235093750
1787078964.397049, NoOp Chain Depth 10 Size 10485760 Mode ref, Ref Stage 2, run, start, 9198030235107974
1787078964.397070, NoOp Chain Depth 10 Size 10485760 Mode ref, Ref Stage 2, run, end, 9198030235128950
1787078964.397081, NoOp Chain Depth 10 Size 10485760 Mode ref, Ref Stage 3, run, start, 9198030235140326
1787078964.397111, NoOp Chain Depth 10 Size 10485760 Mode ref, Ref Stage 3, run, end, 9198030235170326
1787078964.397125, NoOp Chain Depth 10 Size 10485760 Mode ref, Ref Stage 4, run, start, 9198030235184422
1787078964.397145, NoOp Chain Depth 10 Size 10485760 Mode ref, Ref Stage 4, run, end, 9198030235204166
1787078964.397159, NoOp Chain Depth 10 Size 10485760 Mode ref, Ref Stage 5, run, start, 9198030235218038
1787078964.397178, NoOp Chain Depth 10 Size 10485760 Mode ref, Ref Stage 5, run, end, 9198030235237670
1787078964.397192, NoOp Chain Depth 10 Size 10485760 Mode ref, Ref Stage 6, run, start, 9198030235251734
1787078964.397212, NoOp Chain Depth 10 Size 10485760 Mode ref, Ref Stage 6, run, end, 9198030235271383
1787078964.397226, NoOp Chain Depth 10 Size 10485760 Mode ref, Ref Stage 7, run, start, 9198030235285511
1787078964.397246, NoOp Chain Depth 10 Size 10485760 Mode ref, Ref Stage 7, run, end, 9198030235305479
1787078964.397260, NoOp Chain Depth 10 Size 10485760 Mode ref, Ref Stage 8, run, start, 9198030235319847
1787078964.397282, NoOp Chain Depth 10 Size 10485760 Mode ref, Ref Stage 8, run, end, 9198030235340871
1787078964.397296, NoOp Chain Depth 10 Size 10485760 Mode ref, Ref Stage 9, run, start, 9198030235354775
1787078964.397315, NoOp Chain Depth 10 Size 10485760 Mode ref, Ref Stage 9, run, end, 9198030235374007
1787078964.397329, NoOp Chain Depth 10 Size 10485760 Mode ref, pipeline - train, run, end, 157396730396277141240655593812520878520, 1787078964.396949, 49, 1, 9198030235388039
1787078964.397359, NoOp Chain Depth 10 Size 10485760 Mode ref, pipeline - train, run, start, 328878762303441457597814080020929819918, 1787078964.397351, 50, 1, 9198030235418775
1787078964.397380, NoOp Chain Depth 10 Size 10485760 Mode ref, Ref Stage 0, run, start, 9198030235439735
1787078964.397401, NoOp Chain Depth 10 Size 10485760 Mode ref, Ref Stage 0, run, end, 9198030235460055
1787078964.397415, NoOp Chain Depth 10 Size 10485760 Mode ref, Ref Stage 1, run, start, 9198030235473911
1787078964.397434, NoOp Chain Depth 10 Size 10485760 Mode ref, Ref Stage 1, run, end, 9198030235493239
1787078964.397448, NoOp Chain Depth 10 Size 10485760 Mode ref, Ref Stage 2, run, start, 9198030235507239
1787078964.397469, NoOp Chain Depth 10 Size 10485760 Mode ref, Ref Stage 2, run, end, 9198030235528487
1787078964.397484, NoOp Chain Depth 10 Size 10485760 Mode ref, Ref Stage 3, run, start, 9198030235542583
1787078964.397505, NoOp Chain Depth 10 Size 10485760 Mode ref, Ref Stage 3, run, end, 9198030235563687
1787078964.397516, NoOp Chain Depth 10 Size 10485760 Mode ref, Ref Stage 4, run, start, 9198030235574855
1787078964.397545, NoOp Chain Depth 10 Size 10485760 Mode ref, Ref Stage 4, run, end, 9198030235604391
1787078964.397559, NoOp Chain Depth 10 Size 10485760 Mode ref, Ref Stage 5, run, start, 9198030235618503
1787078964.397580, NoOp Chain Depth 10 Size 10485760 Mode ref, Ref Stage 5, run, end, 9198030235638967
1787078964.397594, NoOp Chain Depth 10 Size 10485760 Mode ref, Ref Stage 6, run, start, 9198030235653351
1787078964.397614, NoOp Chain Depth 10 Size 10485760 Mode ref, Ref Stage 6, run, end, 9198030235672919
1787078964.397628, NoOp Chain Depth 10 Size 10485760 Mode ref, Ref Stage 7, run, start, 9198030235686983
1787078964.397649, NoOp Chain Depth 10 Size 10485760 Mode ref, Ref Stage 7, run, end, 9198030235707831
1787078964.397662, NoOp Chain Depth 10 Size 10485760 Mode ref, Ref Stage 8, run, start, 9198030235721735
1787078964.397682, NoOp Chain Depth 10 Size 10485760 Mode ref, Ref Stage 8, run, end, 9198030235741655
1787078964.397696, NoOp Chain Depth 10 Size 10485760 Mode ref, Ref Stage 9, run, start, 9198030235755975
1787078964.397716, NoOp Chain Depth 10 Size 10485760 Mode ref, Ref Stage 9, run, end, 9198030235775319
1787078964.397730, NoOp Chain Depth 10 Size 10485760 Mode ref, pipeline - train, run, end, 328878762303441457597814080020929819918, 1787078964.397351, 50, 1, 9198030235789463
1787078964.397761, NoOp Chain Depth 10 Size 10485760 Mode ref, pipeline - train, run, start, 255563082128091267935011612691655935633, 1787078964.397752, 51, 1, 9198030235820439
1787078964.397782, NoOp Chain Depth 10 Size 10485760 Mode ref, Ref Stage 0, run, start, 9198030235841031
1787078964.397803, NoOp Chain Depth 10 Size 10485760 Mode ref, Ref Stage 0, run, end, 9198030235861927
1787078964.397817, NoOp Chain Depth 10 Size 10485760 Mode ref, Ref Stage 1, run, start, 9198030235876167
1787078964.397841, NoOp Chain Depth 10 Size 10485760 Mode ref, Ref Stage 1, run, end, 9198030235900583
1787078964.397856, NoOp Chain Depth 10 Size 10485760 Mode ref, Ref Stage 2, run, start, 9198030235914775
1787078964.397876, NoOp Chain Depth 10 Size 10485760 Mode ref, Ref Stage 2, run, end, 9198030235934903
1787078964.397890, NoOp Chain Depth 10 Size 10485760 Mode ref, Ref Stage 3, run, start, 9198030235948839
1787078964.397911, NoOp Chain Depth 10 Size 10485760 Mode ref, Ref Stage 3, run, end, 9198030235971271
1787078964.397923, NoOp Chain Depth 10 Size 10485760 Mode ref, Ref Stage 4, run, start, 9198030235982615
1787078964.398006, NoOp Chain Depth 10 Size 10485760 Mode ref, Ref Stage 4, run, end, 9198030236065943
1787078964.398023, NoOp Chain Depth 10 Size 10485760 Mode ref, Ref Stage 5, run, start, 9198030236082679
1787078964.398043, NoOp Chain Depth 10 Size 10485760 Mode ref, Ref Stage 5, run, end, 9198030236102535
1787078964.398057, NoOp Chain Depth 10 Size 10485760 Mode ref, Ref Stage 6, run, start, 9198030236116775
1787078964.398077, NoOp Chain Depth 10 Size 10485760 Mode ref, Ref Stage 6, run, end, 9198030236136343
1787078964.398092, NoOp Chain Depth 10 Size 10485760 Mode ref, Ref Stage 7, run, start, 9198030236150887
1787078964.398111, NoOp Chain Depth 10 Size 10485760 Mode ref, Ref Stage 7, run, end, 9198030236170583
1787078964.398125, NoOp Chain Depth 10 Size 10485760 Mode ref, Ref Stage 8, run, start, 9198030236184647
1787078964.398145, NoOp Chain Depth 10 Size 10485760 Mode ref, Ref Stage 8, run, end, 9198030236204087
1787078964.398159, NoOp Chain Depth 10 Size 10485760 Mode ref, Ref Stage 9, run, start, 9198030236218327
1787078964.398178, NoOp Chain Depth 10 Size 10485760 Mode ref, Ref Stage 9, run, end, 9198030236237191
1787078964.398193, NoOp Chain Depth 10 Size 10485760 Mode ref, pipeline - train, run, end, 255563082128091267935011612691655935633, 1787078964.397752, 51, 1, 9198030236252135
1787078964.398225, NoOp Chain Depth 10 Size 10485760 Mode ref, pipeline - train, run, start, 64752255528715787799812598660434888626, 1787078964.398216, 52, 1, 9198030236284391
1787078964.398246, NoOp Chain Depth 10 Size 10485760 Mode ref, Ref Stage 0, run, start, 9198030236305399
1787078964.398267, NoOp Chain Depth 10 Size 10485760 Mode ref, Ref Stage 0, run, end, 9198030236326503
1787078964.398282, NoOp Chain Depth 10 Size 10485760 Mode ref, Ref Stage 1, run, start, 9198030236340823
1787078964.398303, NoOp Chain Depth 10 Size 10485760 Mode ref, Ref Stage 1, run, end, 9198030236361911
1787078964.398317, NoOp Chain Depth 10 Size 10485760 Mode ref, Ref Stage 2, run, start, 9198030236376007
1787078964.398336, NoOp Chain Depth 10 Size 10485760 Mode ref, Ref Stage 2, run, end, 9198030236395223
1787078964.398350, NoOp Chain Depth 10 Size 10485760 Mode ref, Ref Stage 3, run, start, 9198030236409335
1787078964.398743, NoOp Chain Depth 10 Size 10485760 Mode ref, Ref Stage 3, run, end, 9198030236803192
1787078964.398879, NoOp Chain Depth 10 Size 10485760 Mode ref, Ref Stage 4, run, start, 9198030236938312
1787078964.398902, NoOp Chain Depth 10 Size 10485760 Mode ref, Ref Stage 4, run, end, 9198030236961976
1787078964.398914, NoOp Chain Depth 10 Size 10485760 Mode ref, Ref Stage 5, run, start, 9198030236973480
1787078964.398946, NoOp Chain Depth 10 Size 10485760 Mode ref, Ref Stage 5, run, end, 9198030237005352
1787078964.398961, NoOp Chain Depth 10 Size 10485760 Mode ref, Ref Stage 6, run, start, 9198030237020696
1787078964.398981, NoOp Chain Depth 10 Size 10485760 Mode ref, Ref Stage 6, run, end, 9198030237040568
1787078964.398996, NoOp Chain Depth 10 Size 10485760 Mode ref, Ref Stage 7, run, start, 9198030237054904
1787078964.399015, NoOp Chain Depth 10 Size 10485760 Mode ref, Ref Stage 7, run, end, 9198030237074424
1787078964.399029, NoOp Chain Depth 10 Size 10485760 Mode ref, Ref Stage 8, run, start, 9198030237088760
1787078964.399050, NoOp Chain Depth 10 Size 10485760 Mode ref, Ref Stage 8, run, end, 9198030237108632
1787078964.399064, NoOp Chain Depth 10 Size 10485760 Mode ref, Ref Stage 9, run, start, 9198030237123112
1787078964.399083, NoOp Chain Depth 10 Size 10485760 Mode ref, Ref Stage 9, run, end, 9198030237142248
1787078964.399097, NoOp Chain Depth 10 Size 10485760 Mode ref, pipeline - train, run, end, 64752255528715787799812598660434888626, 1787078964.398216, 52, 1, 9198030237156488
1787078964.399129, NoOp Chain Depth 10 Size 10485760 Mode ref, pipeline - train, run, start, 193052820892827817881678302287183123887, 1787078964.399120, 53, 1, 9198030237188632
1787078964.399151, NoOp Chain Depth 10 Size 10485760 Mode ref, Ref Stage 0, run, start, 9198030237210232
1787078964.399173, NoOp Chain Depth 10 Size 10485760 Mode ref, Ref Stage 0, run, end, 9198030237231800
1787078964.399189, NoOp Chain Depth 10 Size 10485760 Mode ref, Ref Stage 1, run, start, 9198030237247832
1787078964.399209, NoOp Chain Depth 10 Size 10485760 Mode ref, Ref Stage 1, run, end, 9198030237268824
1787078964.399224, NoOp Chain Depth 10 Size 10485760 Mode ref, Ref Stage 2, run, start, 9198030237283000
1787078964.399244, NoOp Chain Depth 10 Size 10485760 Mode ref, Ref Stage 2, run, end, 9198030237302888
1787078964.399258, NoOp Chain Depth 10 Size 10485760 Mode ref, Ref Stage 3, run, start, 9198030237317032
1787078964.399277, NoOp Chain Depth 10 Size 10485760 Mode ref, Ref Stage 3, run, end, 9198030237336296
1787078964.399291, NoOp Chain Depth 10 Size 10485760 Mode ref, Ref Stage 4, run, start, 9198030237350424
1787078964.399311, NoOp Chain Depth 10 Size 10485760 Mode ref, Ref Stage 4, run, end, 9198030237370232
1787078964.399326, NoOp Chain Depth 10 Size 10485760 Mode ref, Ref Stage 5, run, start, 9198030237385176
1787078964.399348, NoOp Chain Depth 10 Size 10485760 Mode ref, Ref Stage 5, run, end, 9198030237406648
1787078964.399359, NoOp Chain Depth 10 Size 10485760 Mode ref, Ref Stage 6, run, start, 9198030237417992
1787078964.399390, NoOp Chain Depth 10 Size 10485760 Mode ref, Ref Stage 6, run, end, 9198030237448856
1787078964.399404, NoOp Chain Depth 10 Size 10485760 Mode ref, Ref Stage 7, run, start, 9198030237463256
1787078964.399425, NoOp Chain Depth 10 Size 10485760 Mode ref, Ref Stage 7, run, end, 9198030237484360
1787078964.399439, NoOp Chain Depth 10 Size 10485760 Mode ref, Ref Stage 8, run, start, 9198030237498696
1787078964.399459, NoOp Chain Depth 10 Size 10485760 Mode ref, Ref Stage 8, run, end, 9198030237518424
1787078964.399473, NoOp Chain Depth 10 Size 10485760 Mode ref, Ref Stage 9, run, start, 9198030237532776
1787078964.399494, NoOp Chain Depth 10 Size 10485760 Mode ref, Ref Stage 9, run, end, 9198030237552856
1787078964.399508, NoOp Chain Depth 10 Size 10485760 Mode ref, pipeline - train, run, end, 193052820892827817881678302287183123887, 1787078964.399120, 53, 1, 9198030237567096
1787078964.399540, NoOp Chain Depth 10 Size 10485760 Mode ref, pipeline - train, run, start, 96805998067936948673391621345938936505, 1787078964.399532, 54, 1, 9198030237599896
1787078964.399561, NoOp Chain Depth 10 Size 10485760 Mode ref, Ref Stage 0, run, start, 9198030237620696
1787078964.399582, NoOp Chain Depth 10 Size 10485760 Mode ref, Ref Stage 0, run, end, 9198030237641352
1787078964.399596, NoOp Chain Depth 10 Size 10485760 Mode ref, Ref Stage 1, run, start, 9198030237655256
1787078964.399616, NoOp Chain Depth 10 Size 10485760 Mode ref, Ref Stage 1, run, end, 9198030237674824
1787078964.399630, NoOp Chain Depth 10 Size 10485760 Mode ref, Ref Stage 2, run, start, 9198030237689160
1787078964.399650, NoOp Chain Depth 10 Size 10485760 Mode ref, Ref Stage 2, run, end, 9198030237708824
1787078964.399664, NoOp Chain Depth 10 Size 10485760 Mode ref, Ref Stage 3, run, start, 9198030237723096
1787078964.399684, NoOp Chain Depth 10 Size 10485760 Mode ref, Ref Stage 3, run, end, 9198030237743128
1787078964.399698, NoOp Chain Depth 10 Size 10485760 Mode ref, Ref Stage 4, run, start, 9198030237757320
1787078964.399717, NoOp Chain Depth 10 Size 10485760 Mode ref, Ref Stage 4, run, end, 9198030237776184
1787078964.399731, NoOp Chain Depth 10 Size 10485760 Mode ref, Ref Stage 5, run, start, 9198030237790232
1787078964.399753, NoOp Chain Depth 10 Size 10485760 Mode ref, Ref Stage 5, run, end, 9198030237812312
1787078964.399765, NoOp Chain Depth 10 Size 10485760 Mode ref, Ref Stage 6, run, start, 9198030237823752
1787078964.399794, NoOp Chain Depth 10 Size 10485760 Mode ref, Ref Stage 6, run, end, 9198030237853352
1787078964.399808, NoOp Chain Depth 10 Size 10485760 Mode ref, Ref Stage 7, run, start, 9198030237867448
1787078964.399828, NoOp Chain Depth 10 Size 10485760 Mode ref, Ref Stage 7, run, end, 9198030237887240
1787078964.399842, NoOp Chain Depth 10 Size 10485760 Mode ref, Ref Stage 8, run, start, 9198030237901416
1787078964.399862, NoOp Chain Depth 10 Size 10485760 Mode ref, Ref Stage 8, run, end, 9198030237921016
1787078964.399877, NoOp Chain Depth 10 Size 10485760 Mode ref, Ref Stage 9, run, start, 9198030237936600
1787078964.399896, NoOp Chain Depth 10 Size 10485760 Mode ref, Ref Stage 9, run, end, 9198030237955688
1787078964.399911, NoOp Chain Depth 10 Size 10485760 Mode ref, pipeline - train, run, end, 96805998067936948673391621345938936505, 1787078964.399532, 54, 1, 9198030237969832
1787078964.399948, NoOp Chain Depth 10 Size 10485760 Mode ref, pipeline - train, run, start, 84466792502299157881194523955776634725, 1787078964.399937, 55, 1, 9198030238007592
1787078964.399971, NoOp Chain Depth 10 Size 10485760 Mode ref, Ref Stage 0, run, start, 9198030238029848
1787078964.399991, NoOp Chain Depth 10 Size 10485760 Mode ref, Ref Stage 0, run, end, 9198030238049704
1787078964.400005, NoOp Chain Depth 10 Size 10485760 Mode ref, Ref Stage 1, run, start, 9198030238063833
1787078964.400024, NoOp Chain Depth 10 Size 10485760 Mode ref, Ref Stage 1, run, end, 9198030238083497
1787078964.400038, NoOp Chain Depth 10 Size 10485760 Mode ref, Ref Stage 2, run, start, 9198030238097593
1787078964.400059, NoOp Chain Depth 10 Size 10485760 Mode ref, Ref Stage 2, run, end, 9198030238118073
1787078964.400073, NoOp Chain Depth 10 Size 10485760 Mode ref, Ref Stage 3, run, start, 9198030238132153
1787078964.400093, NoOp Chain Depth 10 Size 10485760 Mode ref, Ref Stage 3, run, end, 9198030238152377
1787078964.400107, NoOp Chain Depth 10 Size 10485760 Mode ref, Ref Stage 4, run, start, 9198030238166361
1787078964.400127, NoOp Chain Depth 10 Size 10485760 Mode ref, Ref Stage 4, run, end, 9198030238186377
1787078964.400142, NoOp Chain Depth 10 Size 10485760 Mode ref, Ref Stage 5, run, start, 9198030238201417
1787078964.400162, NoOp Chain Depth 10 Size 10485760 Mode ref, Ref Stage 5, run, end, 9198030238221737
1787078964.400177, NoOp Chain Depth 10 Size 10485760 Mode ref, Ref Stage 6, run, start, 9198030238236665
1787078964.400198, NoOp Chain Depth 10 Size 10485760 Mode ref, Ref Stage 6, run, end, 9198030238257769
1787078964.400210, NoOp Chain Depth 10 Size 10485760 Mode ref, Ref Stage 7, run, start, 9198030238268985
1787078964.400239, NoOp Chain Depth 10 Size 10485760 Mode ref, Ref Stage 7, run, end, 9198030238298201
1787078964.400253, NoOp Chain Depth 10 Size 10485760 Mode ref, Ref Stage 8, run, start, 9198030238312345
1787078964.400273, NoOp Chain Depth 10 Size 10485760 Mode ref, Ref Stage 8, run, end, 9198030238331897
1787078964.400287, NoOp Chain Depth 10 Size 10485760 Mode ref, Ref Stage 9, run, start, 9198030238345833
1787078964.400307, NoOp Chain Depth 10 Size 10485760 Mode ref, Ref Stage 9, run, end, 9198030238366281
1787078964.400322, NoOp Chain Depth 10 Size 10485760 Mode ref, pipeline - train, run, end, 84466792502299157881194523955776634725, 1787078964.399937, 55, 1, 9198030238381593
1787078964.400352, NoOp Chain Depth 10 Size 10485760 Mode ref, pipeline - train, run, start, 118744542025749596235940180647471141332, 1787078964.400344, 56, 1, 9198030238411913
1787078964.400373, NoOp Chain Depth 10 Size 10485760 Mode ref, Ref Stage 0, run, start, 9198030238432505
1787078964.400396, NoOp Chain Depth 10 Size 10485760 Mode ref, Ref Stage 0, run, end, 9198030238455049
1787078964.400410, NoOp Chain Depth 10 Size 10485760 Mode ref, Ref Stage 1, run, start, 9198030238469017
1787078964.400429, NoOp Chain Depth 10 Size 10485760 Mode ref, Ref Stage 1, run, end, 9198030238488777
1787078964.400445, NoOp Chain Depth 10 Size 10485760 Mode ref, Ref Stage 2, run, start, 9198030238503801
1787078964.400464, NoOp Chain Depth 10 Size 10485760 Mode ref, Ref Stage 2, run, end, 9198030238523481
1787078964.400478, NoOp Chain Depth 10 Size 10485760 Mode ref, Ref Stage 3, run, start, 9198030238537449
1787078964.400498, NoOp Chain Depth 10 Size 10485760 Mode ref, Ref Stage 3, run, end, 9198030238557049
1787078964.400512, NoOp Chain Depth 10 Size 10485760 Mode ref, Ref Stage 4, run, start, 9198030238571001
1787078964.400531, NoOp Chain Depth 10 Size 10485760 Mode ref, Ref Stage 4, run, end, 9198030238590313
1787078964.400545, NoOp Chain Depth 10 Size 10485760 Mode ref, Ref Stage 5, run, start, 9198030238604265
1787078964.400566, NoOp Chain Depth 10 Size 10485760 Mode ref, Ref Stage 5, run, end, 9198030238625001
1787078964.400580, NoOp Chain Depth 10 Size 10485760 Mode ref, Ref Stage 6, run, start, 9198030238639097
1787078964.400599, NoOp Chain Depth 10 Size 10485760 Mode ref, Ref Stage 6, run, end, 9198030238658521
1787078964.400613, NoOp Chain Depth 10 Size 10485760 Mode ref, Ref Stage 7, run, start, 9198030238672121
1787078964.400633, NoOp Chain Depth 10 Size 10485760 Mode ref, Ref Stage 7, run, end, 9198030238692681
1787078964.400645, NoOp Chain Depth 10 Size 10485760 Mode ref, Ref Stage 8, run, start, 9198030238703769
1787078964.400676, NoOp Chain Depth 10 Size 10485760 Mode ref, Ref Stage 8, run, end, 9198030238734937
1787078964.400690, NoOp Chain Depth 10 Size 10485760 Mode ref, Ref Stage 9, run, start, 9198030238749321
1787078964.400710, NoOp Chain Depth 10 Size 10485760 Mode ref, Ref Stage 9, run, end, 9198030238769417
1787078964.400724, NoOp Chain Depth 10 Size 10485760 Mode ref, pipeline - train, run, end, 118744542025749596235940180647471141332, 1787078964.400344, 56, 1, 9198030238784009
1787078964.400757, NoOp Chain Depth 10 Size 10485760 Mode ref, pipeline - train, run, start, 193844939965484418943157077172218352293, 1787078964.400748, 57, 1, 9198030238816473
1787078964.400778, NoOp Chain Depth 10 Size 10485760 Mode ref, Ref Stage 0, run, start, 9198030238837641
1787078964.400799, NoOp Chain Depth 10 Size 10485760 Mode ref, Ref Stage 0, run, end, 9198030238858025
1787078964.400813, NoOp Chain Depth 10 Size 10485760 Mode ref, Ref Stage 1, run, start, 9198030238872377
1787078964.400833, NoOp Chain Depth 10 Size 10485760 Mode ref, Ref Stage 1, run, end, 9198030238892233
1787078964.400847, NoOp Chain Depth 10 Size 10485760 Mode ref, Ref Stage 2, run, start, 9198030238906697
1787078964.400869, NoOp Chain Depth 10 Size 10485760 Mode ref, Ref Stage 2, run, end, 9198030238928073
1787078964.400883, NoOp Chain Depth 10 Size 10485760 Mode ref, Ref Stage 3, run, start, 9198030238942825
1787078964.400903, NoOp Chain Depth 10 Size 10485760 Mode ref, Ref Stage 3, run, end, 9198030238962457
1787078964.400917, NoOp Chain Depth 10 Size 10485760 Mode ref, Ref Stage 4, run, start, 9198030238976457
1787078964.400937, NoOp Chain Depth 10 Size 10485760 Mode ref, Ref Stage 4, run, end, 9198030238996969
1787078964.400957, NoOp Chain Depth 10 Size 10485760 Mode ref, Ref Stage 5, run, start, 9198030239016665
1787078964.400978, NoOp Chain Depth 10 Size 10485760 Mode ref, Ref Stage 5, run, end, 9198030239037033
1787078964.400992, NoOp Chain Depth 10 Size 10485760 Mode ref, Ref Stage 6, run, start, 9198030239051193
1787078964.401011, NoOp Chain Depth 10 Size 10485760 Mode ref, Ref Stage 6, run, end, 9198030239070409
1787078964.401025, NoOp Chain Depth 10 Size 10485760 Mode ref, Ref Stage 7, run, start, 9198030239084649
1787078964.401047, NoOp Chain Depth 10 Size 10485760 Mode ref, Ref Stage 7, run, end, 9198030239106121
1787078964.401058, NoOp Chain Depth 10 Size 10485760 Mode ref, Ref Stage 8, run, start, 9198030239117721
1787078964.401090, NoOp Chain Depth 10 Size 10485760 Mode ref, Ref Stage 8, run, end, 9198030239149353
1787078964.401105, NoOp Chain Depth 10 Size 10485760 Mode ref, Ref Stage 9, run, start, 9198030239164009
1787078964.401124, NoOp Chain Depth 10 Size 10485760 Mode ref, Ref Stage 9, run, end, 9198030239183529
1787078964.401139, NoOp Chain Depth 10 Size 10485760 Mode ref, pipeline - train, run, end, 193844939965484418943157077172218352293, 1787078964.400748, 57, 1, 9198030239198041
1787078964.401171, NoOp Chain Depth 10 Size 10485760 Mode ref, pipeline - train, run, start, 108424768647707829085870761688045186577, 1787078964.401162, 58, 1, 9198030239230793
1787078964.401193, NoOp Chain Depth 10 Size 10485760 Mode ref, Ref Stage 0, run, start, 9198030239252137
1787078964.401213, NoOp Chain Depth 10 Size 10485760 Mode ref, Ref Stage 0, run, end, 9198030239272185
1787078964.401227, NoOp Chain Depth 10 Size 10485760 Mode ref, Ref Stage 1, run, start, 9198030239286425
1787078964.401248, NoOp Chain Depth 10 Size 10485760 Mode ref, Ref Stage 1, run, end, 9198030239307881
1787078964.401260, NoOp Chain Depth 10 Size 10485760 Mode ref, Ref Stage 2, run, start, 9198030239319401
1787078964.401294, NoOp Chain Depth 10 Size 10485760 Mode ref, Ref Stage 2, run, end, 9198030239353305
1787078964.401309, NoOp Chain Depth 10 Size 10485760 Mode ref, Ref Stage 3, run, start, 9198030239367801
1787078964.401329, NoOp Chain Depth 10 Size 10485760 Mode ref, Ref Stage 3, run, end, 9198030239388169
1787078964.401343, NoOp Chain Depth 10 Size 10485760 Mode ref, Ref Stage 4, run, start, 9198030239402473
1787078964.401363, NoOp Chain Depth 10 Size 10485760 Mode ref, Ref Stage 4, run, end, 9198030239422585
1787078964.401378, NoOp Chain Depth 10 Size 10485760 Mode ref, Ref Stage 5, run, start, 9198030239437001
1787078964.401397, NoOp Chain Depth 10 Size 10485760 Mode ref, Ref Stage 5, run, end, 9198030239456825
1787078964.401412, NoOp Chain Depth 10 Size 10485760 Mode ref, Ref Stage 6, run, start, 9198030239471033
1787078964.401431, NoOp Chain Depth 10 Size 10485760 Mode ref, Ref Stage 6, run, end, 9198030239490217
1787078964.401446, NoOp Chain Depth 10 Size 10485760 Mode ref, Ref Stage 7, run, start, 9198030239505017
1787078964.401466, NoOp Chain Depth 10 Size 10485760 Mode ref, Ref Stage 7, run, end, 9198030239525625
1787078964.401507, NoOp Chain Depth 10 Size 10485760 Mode ref, Ref Stage 8, run, start, 9198030239565866
1787078964.401529, NoOp Chain Depth 10 Size 10485760 Mode ref, Ref Stage 8, run, end, 9198030239587866
1787078964.401541, NoOp Chain Depth 10 Size 10485760 Mode ref, Ref Stage 9, run, start, 9198030239599818
1787078964.401570, NoOp Chain Depth 10 Size 10485760 Mode ref, Ref Stage 9, run, end, 9198030239629146
1787078964.401584, NoOp Chain Depth 10 Size 10485760 Mode ref, pipeline - train, run, end, 108424768647707829085870761688045186577, 1787078964.401162, 58, 1, 9198030239643466
1787078964.401616, NoOp Chain Depth 10 Size 10485760 Mode ref, pipeline - train, run, start, 123616907820681260992260101571147518124, 1787078964.401607, 59, 1, 9198030239674954
1787078964.401636, NoOp Chain Depth 10 Size 10485760 Mode ref, Ref Stage 0, run, start, 9198030239695386
1787078964.401656, NoOp Chain Depth 10 Size 10485760 Mode ref, Ref Stage 0, run, end, 9198030239715274
1787078964.401670, NoOp Chain Depth 10 Size 10485760 Mode ref, Ref Stage 1, run, start, 9198030239729178
1787078964.401690, NoOp Chain Depth 10 Size 10485760 Mode ref, Ref Stage 1, run, end, 9198030239749770
1787078964.401705, NoOp Chain Depth 10 Size 10485760 Mode ref, Ref Stage 2, run, start, 9198030239763978
1787078964.401726, NoOp Chain Depth 10 Size 10485760 Mode ref, Ref Stage 2, run, end, 9198030239785418
1787078964.401738, NoOp Chain Depth 10 Size 10485760 Mode ref, Ref Stage 3, run, start, 9198030239797994
1787078964.401770, NoOp Chain Depth 10 Size 10485760 Mode ref, Ref Stage 3, run, end, 9198030239829210
1787078964.401784, NoOp Chain Depth 10 Size 10485760 Mode ref, Ref Stage 4, run, start, 9198030239843594
1787078964.401804, NoOp Chain Depth 10 Size 10485760 Mode ref, Ref Stage 4, run, end, 9198030239863210
1787078964.401818, NoOp Chain Depth 10 Size 10485760 Mode ref, Ref Stage 5, run, start, 9198030239877258
1787078964.401838, NoOp Chain Depth 10 Size 10485760 Mode ref, Ref Stage 5, run, end, 9198030239897178
1787078964.401852, NoOp Chain Depth 10 Size 10485760 Mode ref, Ref Stage 6, run, start, 9198030239910874
1787078964.401873, NoOp Chain Depth 10 Size 10485760 Mode ref, Ref Stage 6, run, end, 9198030239932586
1787078964.401889, NoOp Chain Depth 10 Size 10485760 Mode ref, Ref Stage 7, run, start, 9198030239948426
1787078964.401910, NoOp Chain Depth 10 Size 10485760 Mode ref, Ref Stage 7, run, end, 9198030239969226
1787078964.401921, NoOp Chain Depth 10 Size 10485760 Mode ref, Ref Stage 8, run, start, 9198030239980538
1787078964.401954, NoOp Chain Depth 10 Size 10485760 Mode ref, Ref Stage 8, run, end, 9198030240013098
1787078964.401965, NoOp Chain Depth 10 Size 10485760 Mode ref, Ref Stage 9, run, start, 9198030240024490
1787078964.401995, NoOp Chain Depth 10 Size 10485760 Mode ref, Ref Stage 9, run, end, 9198030240054122
1787078964.402009, NoOp Chain Depth 10 Size 10485760 Mode ref, pipeline - train, run, end, 123616907820681260992260101571147518124, 1787078964.401607, 59, 1, 9198030240069034
1787078964.402045, NoOp Chain Depth 10 Size 10485760 Mode ref, pipeline - train, run, start, 263751599113775334093867503278051196584, 1787078964.402033, 60, 1, 9198030240103962
1787078964.402066, NoOp Chain Depth 10 Size 10485760 Mode ref, Ref Stage 0, run, start, 9198030240124922
1787078964.402086, NoOp Chain Depth 10 Size 10485760 Mode ref, Ref Stage 0, run, end, 9198030240145050
1787078964.402100, NoOp Chain Depth 10 Size 10485760 Mode ref, Ref Stage 1, run, start, 9198030240159194
1787078964.402119, NoOp Chain Depth 10 Size 10485760 Mode ref, Ref Stage 1, run, end, 9198030240178778
1787078964.402134, NoOp Chain Depth 10 Size 10485760 Mode ref, Ref Stage 2, run, start, 9198030240193274
1787078964.402154, NoOp Chain Depth 10 Size 10485760 Mode ref, Ref Stage 2, run, end, 9198030240212922
1787078964.402168, NoOp Chain Depth 10 Size 10485760 Mode ref, Ref Stage 3, run, start, 9198030240227114
1787078964.402188, NoOp Chain Depth 10 Size 10485760 Mode ref, Ref Stage 3, run, end, 9198030240246778
1787078964.402204, NoOp Chain Depth 10 Size 10485760 Mode ref, Ref Stage 4, run, start, 9198030240262810
1787078964.402225, NoOp Chain Depth 10 Size 10485760 Mode ref, Ref Stage 4, run, end, 9198030240284090
1787078964.402239, NoOp Chain Depth 10 Size 10485760 Mode ref, Ref Stage 5, run, start, 9198030240298122
1787078964.402263, NoOp Chain Depth 10 Size 10485760 Mode ref, Ref Stage 5, run, end, 9198030240322586
1787078964.402277, NoOp Chain Depth 10 Size 10485760 Mode ref, Ref Stage 6, run, start, 9198030240336634
1787078964.402297, NoOp Chain Depth 10 Size 10485760 Mode ref, Ref Stage 6, run, end, 9198030240355626
1787078964.402312, NoOp Chain Depth 10 Size 10485760 Mode ref, Ref Stage 7, run, start, 9198030240371162
1787078964.402785, NoOp Chain Depth 10 Size 10485760 Mode ref, Ref Stage 7, run, end, 9198030240845194
1787078964.402920, NoOp Chain Depth 10 Size 10485760 Mode ref, Ref Stage 8, run, start, 9198030240980202
1787078964.402946, NoOp Chain Depth 10 Size 10485760 Mode ref, Ref Stage 8, run, end, 9198030241005562
1787078964.402962, NoOp Chain Depth 10 Size 10485760 Mode ref, Ref Stage 9, run, start, 9198030241021675
1787078964.402982, NoOp Chain Depth 10 Size 10485760 Mode ref, Ref Stage 9, run, end, 9198030241041739
1787078964.402997, NoOp Chain Depth 10 Size 10485760 Mode ref, pipeline - train, run, end, 263751599113775334093867503278051196584, 1787078964.402033, 60, 1, 9198030241056283
1787078964.403030, NoOp Chain Depth 10 Size 10485760 Mode ref, pipeline - train, run, start, 323746753094411735680901836237701380248, 1787078964.403020, 61, 1, 9198030241089067
1787078964.403051, NoOp Chain Depth 10 Size 10485760 Mode ref, Ref Stage 0, run, start, 9198030241110507
1787078964.403071, NoOp Chain Depth 10 Size 10485760 Mode ref, Ref Stage 0, run, end, 9198030241130571
1787078964.403085, NoOp Chain Depth 10 Size 10485760 Mode ref, Ref Stage 1, run, start, 9198030241144779
1787078964.403105, NoOp Chain Depth 10 Size 10485760 Mode ref, Ref Stage 1, run, end, 9198030241164395
1787078964.403119, NoOp Chain Depth 10 Size 10485760 Mode ref, Ref Stage 2, run, start, 9198030241178699
1787078964.403141, NoOp Chain Depth 10 Size 10485760 Mode ref, Ref Stage 2, run, end, 9198030241200427
1787078964.403153, NoOp Chain Depth 10 Size 10485760 Mode ref, Ref Stage 3, run, start, 9198030241211947
1787078964.403184, NoOp Chain Depth 10 Size 10485760 Mode ref, Ref Stage 3, run, end, 9198030241243355
1787078964.403195, NoOp Chain Depth 10 Size 10485760 Mode ref, Ref Stage 4, run, start, 9198030241254795
1787078964.403225, NoOp Chain Depth 10 Size 10485760 Mode ref, Ref Stage 4, run, end, 9198030241284363
1787078964.403239, NoOp Chain Depth 10 Size 10485760 Mode ref, Ref Stage 5, run, start, 9198030241298827
1787078964.403259, NoOp Chain Depth 10 Size 10485760 Mode ref, Ref Stage 5, run, end, 9198030241318587
1787078964.403277, NoOp Chain Depth 10 Size 10485760 Mode ref, Ref Stage 6, run, start, 9198030241336059
1787078964.403296, NoOp Chain Depth 10 Size 10485760 Mode ref, Ref Stage 6, run, end, 9198030241355803
1787078964.403311, NoOp Chain Depth 10 Size 10485760 Mode ref, Ref Stage 7, run, start, 9198030241369739
1787078964.403330, NoOp Chain Depth 10 Size 10485760 Mode ref, Ref Stage 7, run, end, 9198030241388939
1787078964.403346, NoOp Chain Depth 10 Size 10485760 Mode ref, Ref Stage 8, run, start, 9198030241405003
1787078964.403366, NoOp Chain Depth 10 Size 10485760 Mode ref, Ref Stage 8, run, end, 9198030241424875
1787078964.403380, NoOp Chain Depth 10 Size 10485760 Mode ref, Ref Stage 9, run, start, 9198030241439083
1787078964.403399, NoOp Chain Depth 10 Size 10485760 Mode ref, Ref Stage 9, run, end, 9198030241458155
1787078964.403413, NoOp Chain Depth 10 Size 10485760 Mode ref, pipeline - train, run, end, 323746753094411735680901836237701380248, 1787078964.403020, 61, 1, 9198030241472059
1787078964.403444, NoOp Chain Depth 10 Size 10485760 Mode ref, pipeline - train, run, start, 179262843073496695416642966830889749234, 1787078964.403435, 62, 1, 9198030241503499
1787078964.403466, NoOp Chain Depth 10 Size 10485760 Mode ref, Ref Stage 0, run, start, 9198030241525099
1787078964.403486, NoOp Chain Depth 10 Size 10485760 Mode ref, Ref Stage 0, run, end, 9198030241544891
1787078964.403500, NoOp Chain Depth 10 Size 10485760 Mode ref, Ref Stage 1, run, start, 9198030241559099
1787078964.403519, NoOp Chain Depth 10 Size 10485760 Mode ref, Ref Stage 1, run, end, 9198030241578747
1787078964.403533, NoOp Chain Depth 10 Size 10485760 Mode ref, Ref Stage 2, run, start, 9198030241592667
1787078964.403554, NoOp Chain Depth 10 Size 10485760 Mode ref, Ref Stage 2, run, end, 9198030241613115
1787078964.403568, NoOp Chain Depth 10 Size 10485760 Mode ref, Ref Stage 3, run, start, 9198030241627307
1787078964.403589, NoOp Chain Depth 10 Size 10485760 Mode ref, Ref Stage 3, run, end, 9198030241648331
1787078964.403600, NoOp Chain Depth 10 Size 10485760 Mode ref, Ref Stage 4, run, start, 9198030241659451
1787078964.403630, NoOp Chain Depth 10 Size 10485760 Mode ref, Ref Stage 4, run, end, 9198030241689867
1787078964.403645, NoOp Chain Depth 10 Size 10485760 Mode ref, Ref Stage 5, run, start, 9198030241703723
1787078964.403665, NoOp Chain Depth 10 Size 10485760 Mode ref, Ref Stage 5, run, end, 9198030241724203
1787078964.403679, NoOp Chain Depth 10 Size 10485760 Mode ref, Ref Stage 6, run, start, 9198030241738299
1787078964.403699, NoOp Chain Depth 10 Size 10485760 Mode ref, Ref Stage 6, run, end, 9198030241758123
1787078964.403713, NoOp Chain Depth 10 Size 10485760 Mode ref, Ref Stage 7, run, start, 9198030241772267
1787078964.403733, NoOp Chain Depth 10 Size 10485760 Mode ref, Ref Stage 7, run, end, 9198030241791675
1787078964.403746, NoOp Chain Depth 10 Size 10485760 Mode ref, Ref Stage 8, run, start, 9198030241805563
1787078964.403766, NoOp Chain Depth 10 Size 10485760 Mode ref, Ref Stage 8, run, end, 9198030241825131
1787078964.403780, NoOp Chain Depth 10 Size 10485760 Mode ref, Ref Stage 9, run, start, 9198030241839451
1787078964.403799, NoOp Chain Depth 10 Size 10485760 Mode ref, Ref Stage 9, run, end, 9198030241858475
1787078964.403813, NoOp Chain Depth 10 Size 10485760 Mode ref, pipeline - train, run, end, 179262843073496695416642966830889749234, 1787078964.403435, 62, 1, 9198030241872475
1787078964.403847, NoOp Chain Depth 10 Size 10485760 Mode ref, pipeline - train, run, start, 279466271828268734351716159408891087270, 1787078964.403837, 63, 1, 9198030241906395
1787078964.403871, NoOp Chain Depth 10 Size 10485760 Mode ref, Ref Stage 0, run, start, 9198030241929819
1787078964.403891, NoOp Chain Depth 10 Size 10485760 Mode ref, Ref Stage 0, run, end, 9198030241949947
1787078964.403905, NoOp Chain Depth 10 Size 10485760 Mode ref, Ref Stage 1, run, start, 9198030241963915
1787078964.403924, NoOp Chain Depth 10 Size 10485760 Mode ref, Ref Stage 1, run, end, 9198030241983067
1787078964.403938, NoOp Chain Depth 10 Size 10485760 Mode ref, Ref Stage 2, run, start, 9198030241997163
1787078964.403962, NoOp Chain Depth 10 Size 10485760 Mode ref, Ref Stage 2, run, end, 9198030242021307
1787078964.403976, NoOp Chain Depth 10 Size 10485760 Mode ref, Ref Stage 3, run, start, 9198030242035739
1787078964.403996, NoOp Chain Depth 10 Size 10485760 Mode ref, Ref Stage 3, run, end, 9198030242055195
1787078964.404011, NoOp Chain Depth 10 Size 10485760 Mode ref, Ref Stage 4, run, start, 9198030242070203
1787078964.404037, NoOp Chain Depth 10 Size 10485760 Mode ref, Ref Stage 4, run, end, 9198030242096299
1787078964.404049, NoOp Chain Depth 10 Size 10485760 Mode ref, Ref Stage 5, run, start, 9198030242108731
1787078964.404079, NoOp Chain Depth 10 Size 10485760 Mode ref, Ref Stage 5, run, end, 9198030242138139
1787078964.404093, NoOp Chain Depth 10 Size 10485760 Mode ref, Ref Stage 6, run, start, 9198030242151739
1787078964.404112, NoOp Chain Depth 10 Size 10485760 Mode ref, Ref Stage 6, run, end, 9198030242172283
1787078964.404127, NoOp Chain Depth 10 Size 10485760 Mode ref, Ref Stage 7, run, start, 9198030242186155
1787078964.404146, NoOp Chain Depth 10 Size 10485760 Mode ref, Ref Stage 7, run, end, 9198030242205755
1787078964.404160, NoOp Chain Depth 10 Size 10485760 Mode ref, Ref Stage 8, run, start, 9198030242219851
1787078964.404180, NoOp Chain Depth 10 Size 10485760 Mode ref, Ref Stage 8, run, end, 9198030242239355
1787078964.404195, NoOp Chain Depth 10 Size 10485760 Mode ref, Ref Stage 9, run, start, 9198030242254331
1787078964.404215, NoOp Chain Depth 10 Size 10485760 Mode ref, Ref Stage 9, run, end, 9198030242274251
1787078964.404229, NoOp Chain Depth 10 Size 10485760 Mode ref, pipeline - train, run, end, 279466271828268734351716159408891087270, 1787078964.403837, 63, 1, 9198030242288331
1787078964.404260, NoOp Chain Depth 10 Size 10485760 Mode ref, pipeline - train, run, start, 242735289008156728032714221106568367539, 1787078964.404251, 64, 1, 9198030242319067
1787078964.404280, NoOp Chain Depth 10 Size 10485760 Mode ref, Ref Stage 0, run, start, 9198030242339515
1787078964.404302, NoOp Chain Depth 10 Size 10485760 Mode ref, Ref Stage 0, run, end, 9198030242360747
1787078964.404313, NoOp Chain Depth 10 Size 10485760 Mode ref, Ref Stage 1, run, start, 9198030242371867
1787078964.404342, NoOp Chain Depth 10 Size 10485760 Mode ref, Ref Stage 1, run, end, 9198030242401515
1787078964.404356, NoOp Chain Depth 10 Size 10485760 Mode ref, Ref Stage 2, run, start, 9198030242415388
1787078964.404375, NoOp Chain Depth 10 Size 10485760 Mode ref, Ref Stage 2, run, end, 9198030242434588
1787078964.404389, NoOp Chain Depth 10 Size 10485760 Mode ref, Ref Stage 3, run, start, 9198030242448588
1787078964.404411, NoOp Chain Depth 10 Size 10485760 Mode ref, Ref Stage 3, run, end, 9198030242470252
1787078964.404422, NoOp Chain Depth 10 Size 10485760 Mode ref, Ref Stage 4, run, start, 9198030242481420
1787078964.404452, NoOp Chain Depth 10 Size 10485760 Mode ref, Ref Stage 4, run, end, 9198030242511708
1787078964.404466, NoOp Chain Depth 10 Size 10485760 Mode ref, Ref Stage 5, run, start, 9198030242525548
1787078964.404486, NoOp Chain Depth 10 Size 10485760 Mode ref, Ref Stage 5, run, end, 9198030242544956
1787078964.404500, NoOp Chain Depth 10 Size 10485760 Mode ref, Ref Stage 6, run, start, 9198030242558620
1787078964.404519, NoOp Chain Depth 10 Size 10485760 Mode ref, Ref Stage 6, run, end, 9198030242578140
1787078964.404533, NoOp Chain Depth 10 Size 10485760 Mode ref, Ref Stage 7, run, start, 9198030242591900
1787078964.404552, NoOp Chain Depth 10 Size 10485760 Mode ref, Ref Stage 7, run, end, 9198030242611372
1787078964.404567, NoOp Chain Depth 10 Size 10485760 Mode ref, Ref Stage 8, run, start, 9198030242626396
1787078964.404588, NoOp Chain Depth 10 Size 10485760 Mode ref, Ref Stage 8, run, end, 9198030242646684
1787078964.404602, NoOp Chain Depth 10 Size 10485760 Mode ref, Ref Stage 9, run, start, 9198030242660748
1787078964.404620, NoOp Chain Depth 10 Size 10485760 Mode ref, Ref Stage 9, run, end, 9198030242679388
1787078964.404634, NoOp Chain Depth 10 Size 10485760 Mode ref, pipeline - train, run, end, 242735289008156728032714221106568367539, 1787078964.404251, 64, 1, 9198030242693132
1787078964.404667, NoOp Chain Depth 10 Size 10485760 Mode ref, pipeline - train, run, start, 105325777139065984379917088297438466038, 1787078964.404658, 65, 1, 9198030242726796
1787078964.404688, NoOp Chain Depth 10 Size 10485760 Mode ref, Ref Stage 0, run, start, 9198030242747484
1787078964.404709, NoOp Chain Depth 10 Size 10485760 Mode ref, Ref Stage 0, run, end, 9198030242768412
1787078964.404720, NoOp Chain Depth 10 Size 10485760 Mode ref, Ref Stage 1, run, start, 9198030242779724
1787078964.405237, NoOp Chain Depth 10 Size 10485760 Mode ref, Ref Stage 1, run, end, 9198030243297036
1787078964.405253, NoOp Chain Depth 10 Size 10485760 Mode ref, Ref Stage 2, run, start, 9198030243312508
1787078964.405273, NoOp Chain Depth 10 Size 10485760 Mode ref, Ref Stage 2, run, end, 9198030243332668
1787078964.405288, NoOp Chain Depth 10 Size 10485760 Mode ref, Ref Stage 3, run, start, 9198030243346844
1787078964.405307, NoOp Chain Depth 10 Size 10485760 Mode ref, Ref Stage 3, run, end, 9198030243366604
1787078964.405321, NoOp Chain Depth 10 Size 10485760 Mode ref, Ref Stage 4, run, start, 9198030243380988
1787078964.405343, NoOp Chain Depth 10 Size 10485760 Mode ref, Ref Stage 4, run, end, 9198030243402284
1787078964.405354, NoOp Chain Depth 10 Size 10485760 Mode ref, Ref Stage 5, run, start, 9198030243413580
1787078964.405385, NoOp Chain Depth 10 Size 10485760 Mode ref, Ref Stage 5, run, end, 9198030243444252
1787078964.405396, NoOp Chain Depth 10 Size 10485760 Mode ref, Ref Stage 6, run, start, 9198030243455516
1787078964.405426, NoOp Chain Depth 10 Size 10485760 Mode ref, Ref Stage 6, run, end, 9198030243484956
1787078964.405440, NoOp Chain Depth 10 Size 10485760 Mode ref, Ref Stage 7, run, start, 9198030243498908
1787078964.405459, NoOp Chain Depth 10 Size 10485760 Mode ref, Ref Stage 7, run, end, 9198030243518764
1787078964.405473, NoOp Chain Depth 10 Size 10485760 Mode ref, Ref Stage 8, run, start, 9198030243532876
1787078964.405498, NoOp Chain Depth 10 Size 10485760 Mode ref, Ref Stage 8, run, end, 9198030243556972
1787078964.405512, NoOp Chain Depth 10 Size 10485760 Mode ref, Ref Stage 9, run, start, 9198030243571404
1787078964.405531, NoOp Chain Depth 10 Size 10485760 Mode ref, Ref Stage 9, run, end, 9198030243590684
1787078964.405546, NoOp Chain Depth 10 Size 10485760 Mode ref, pipeline - train, run, end, 105325777139065984379917088297438466038, 1787078964.404658, 65, 1, 9198030243605084
1787078964.405578, NoOp Chain Depth 10 Size 10485760 Mode ref, pipeline - train, run, start, 281907659340229459622226132272358448084, 1787078964.405569, 66, 1, 9198030243637612
1787078964.405600, NoOp Chain Depth 10 Size 10485760 Mode ref, Ref Stage 0, run, start, 9198030243659612
1787078964.405620, NoOp Chain Depth 10 Size 10485760 Mode ref, Ref Stage 0, run, end, 9198030243679516
1787078964.405636, NoOp Chain Depth 10 Size 10485760 Mode ref, Ref Stage 1, run, start, 9198030243694828
1787078964.405655, NoOp Chain Depth 10 Size 10485760 Mode ref, Ref Stage 1, run, end, 9198030243714540
1787078964.405669, NoOp Chain Depth 10 Size 10485760 Mode ref, Ref Stage 2, run, start, 9198030243728444
1787078964.405690, NoOp Chain Depth 10 Size 10485760 Mode ref, Ref Stage 2, run, end, 9198030243748748
1787078964.405704, NoOp Chain Depth 10 Size 10485760 Mode ref, Ref Stage 3, run, start, 9198030243763484
1787078964.405723, NoOp Chain Depth 10 Size 10485760 Mode ref, Ref Stage 3, run, end, 9198030243782316
1787078964.405738, NoOp Chain Depth 10 Size 10485760 Mode ref, Ref Stage 4, run, start, 9198030243797388
1787078964.406217, NoOp Chain Depth 10 Size 10485760 Mode ref, Ref Stage 4, run, end, 9198030244276957
1787078964.406354, NoOp Chain Depth 10 Size 10485760 Mode ref, Ref Stage 5, run, start, 9198030244413965
1787078964.406379, NoOp Chain Depth 10 Size 10485760 Mode ref, Ref Stage 5, run, end, 9198030244437821
1787078964.406390, NoOp Chain Depth 10 Size 10485760 Mode ref, Ref Stage 6, run, start, 9198030244449741
1787078964.406424, NoOp Chain Depth 10 Size 10485760 Mode ref, Ref Stage 6, run, end, 9198030244483549
1787078964.406439, NoOp Chain Depth 10 Size 10485760 Mode ref, Ref Stage 7, run, start, 9198030244498077
1787078964.406459, NoOp Chain Depth 10 Size 10485760 Mode ref, Ref Stage 7, run, end, 9198030244518445
1787078964.406474, NoOp Chain Depth 10 Size 10485760 Mode ref, Ref Stage 8, run, start, 9198030244533069
1787078964.406494, NoOp Chain Depth 10 Size 10485760 Mode ref, Ref Stage 8, run, end, 9198030244553149
1787078964.406508, NoOp Chain Depth 10 Size 10485760 Mode ref, Ref Stage 9, run, start, 9198030244567981
1787078964.406528, NoOp Chain Depth 10 Size 10485760 Mode ref, Ref Stage 9, run, end, 9198030244587245
1787078964.406543, NoOp Chain Depth 10 Size 10485760 Mode ref, pipeline - train, run, end, 281907659340229459622226132272358448084, 1787078964.405569, 66, 1, 9198030244601997
1787078964.406575, NoOp Chain Depth 10 Size 10485760 Mode ref, pipeline - train, run, start, 85872959147217224135677397761747756639, 1787078964.406565, 67, 1, 9198030244634765
1787078964.406597, NoOp Chain Depth 10 Size 10485760 Mode ref, Ref Stage 0, run, start, 9198030244655917
1787078964.406618, NoOp Chain Depth 10 Size 10485760 Mode ref, Ref Stage 0, run, end, 9198030244676845
1787078964.406632, NoOp Chain Depth 10 Size 10485760 Mode ref, Ref Stage 1, run, start, 9198030244691533
1787078964.406684, NoOp Chain Depth 10 Size 10485760 Mode ref, Ref Stage 1, run, end, 9198030244743405
1787078964.406698, NoOp Chain Depth 10 Size 10485760 Mode ref, Ref Stage 2, run, start, 9198030244757741
1787078964.406718, NoOp Chain Depth 10 Size 10485760 Mode ref, Ref Stage 2, run, end, 9198030244777837
1787078964.406733, NoOp Chain Depth 10 Size 10485760 Mode ref, Ref Stage 3, run, start, 9198030244791997
1787078964.406753, NoOp Chain Depth 10 Size 10485760 Mode ref, Ref Stage 3, run, end, 9198030244811917
1787078964.406767, NoOp Chain Depth 10 Size 10485760 Mode ref, Ref Stage 4, run, start, 9198030244826221
1787078964.406786, NoOp Chain Depth 10 Size 10485760 Mode ref, Ref Stage 4, run, end, 9198030244845869
1787078964.406801, NoOp Chain Depth 10 Size 10485760 Mode ref, Ref Stage 5, run, start, 9198030244859965
1787078964.406821, NoOp Chain Depth 10 Size 10485760 Mode ref, Ref Stage 5, run, end, 9198030244879869
1787078964.406835, NoOp Chain Depth 10 Size 10485760 Mode ref, Ref Stage 6, run, start, 9198030244893917
1787078964.406854, NoOp Chain Depth 10 Size 10485760 Mode ref, Ref Stage 6, run, end, 9198030244913565
1787078964.406868, NoOp Chain Depth 10 Size 10485760 Mode ref, Ref Stage 7, run, start, 9198030244927549
1787078964.406889, NoOp Chain Depth 10 Size 10485760 Mode ref, Ref Stage 7, run, end, 9198030244948029
1787078964.406903, NoOp Chain Depth 10 Size 10485760 Mode ref, Ref Stage 8, run, start, 9198030244962397
1787078964.406924, NoOp Chain Depth 10 Size 10485760 Mode ref, Ref Stage 8, run, end, 9198030244983133
1787078964.406938, NoOp Chain Depth 10 Size 10485760 Mode ref, Ref Stage 9, run, start, 9198030244997421
1787078964.406960, NoOp Chain Depth 10 Size 10485760 Mode ref, Ref Stage 9, run, end, 9198030245018893
1787078964.406975, NoOp Chain Depth 10 Size 10485760 Mode ref, pipeline - train, run, end, 85872959147217224135677397761747756639, 1787078964.406565, 67, 1, 9198030245033757
1787078964.407006, NoOp Chain Depth 10 Size 10485760 Mode ref, pipeline - train, run, start, 9138396483982742104506490088310907787, 1787078964.406997, 68, 1, 9198030245065549
1787078964.407027, NoOp Chain Depth 10 Size 10485760 Mode ref, Ref Stage 0, run, start, 9198030245086541
1787078964.407048, NoOp Chain Depth 10 Size 10485760 Mode ref, Ref Stage 0, run, end, 9198030245106941
1787078964.407062, NoOp Chain Depth 10 Size 10485760 Mode ref, Ref Stage 1, run, start, 9198030245121213
1787078964.407081, NoOp Chain Depth 10 Size 10485760 Mode ref, Ref Stage 1, run, end, 9198030245140701
1787078964.407097, NoOp Chain Depth 10 Size 10485760 Mode ref, Ref Stage 2, run, start, 9198030245155901
1787078964.407117, NoOp Chain Depth 10 Size 10485760 Mode ref, Ref Stage 2, run, end, 9198030245175805
1787078964.407133, NoOp Chain Depth 10 Size 10485760 Mode ref, Ref Stage 3, run, start, 9198030245192221
1787078964.407154, NoOp Chain Depth 10 Size 10485760 Mode ref, Ref Stage 3, run, end, 9198030245212957
1787078964.407168, NoOp Chain Depth 10 Size 10485760 Mode ref, Ref Stage 4, run, start, 9198030245227149
1787078964.407187, NoOp Chain Depth 10 Size 10485760 Mode ref, Ref Stage 4, run, end, 9198030245246509
1787078964.407202, NoOp Chain Depth 10 Size 10485760 Mode ref, Ref Stage 5, run, start, 9198030245260605
1787078964.407222, NoOp Chain Depth 10 Size 10485760 Mode ref, Ref Stage 5, run, end, 9198030245281165
1787078964.407236, NoOp Chain Depth 10 Size 10485760 Mode ref, Ref Stage 6, run, start, 9198030245295133
1787078964.407257, NoOp Chain Depth 10 Size 10485760 Mode ref, Ref Stage 6, run, end, 9198030245316189
1787078964.407268, NoOp Chain Depth 10 Size 10485760 Mode ref, Ref Stage 7, run, start, 9198030245327597
1787078964.407299, NoOp Chain Depth 10 Size 10485760 Mode ref, Ref Stage 7, run, end, 9198030245357933
1787078964.407313, NoOp Chain Depth 10 Size 10485760 Mode ref, Ref Stage 8, run, start, 9198030245372349
1787078964.407334, NoOp Chain Depth 10 Size 10485760 Mode ref, Ref Stage 8, run, end, 9198030245392846
1787078964.407348, NoOp Chain Depth 10 Size 10485760 Mode ref, Ref Stage 9, run, start, 9198030245406990
1787078964.407367, NoOp Chain Depth 10 Size 10485760 Mode ref, Ref Stage 9, run, end, 9198030245425934
1787078964.407381, NoOp Chain Depth 10 Size 10485760 Mode ref, pipeline - train, run, end, 9138396483982742104506490088310907787, 1787078964.406997, 68, 1, 9198030245440142
1787078964.407412, NoOp Chain Depth 10 Size 10485760 Mode ref, pipeline - train, run, start, 185763229108411514346789114748210472587, 1787078964.407403, 69, 1, 9198030245471182
1787078964.407433, NoOp Chain Depth 10 Size 10485760 Mode ref, Ref Stage 0, run, start, 9198030245491854
1787078964.407452, NoOp Chain Depth 10 Size 10485760 Mode ref, Ref Stage 0, run, end, 9198030245511694
1787078964.407467, NoOp Chain Depth 10 Size 10485760 Mode ref, Ref Stage 1, run, start, 9198030245525950
1787078964.407486, NoOp Chain Depth 10 Size 10485760 Mode ref, Ref Stage 1, run, end, 9198030245545486
1787078964.407501, NoOp Chain Depth 10 Size 10485760 Mode ref, Ref Stage 2, run, start, 9198030245559646
1787078964.407520, NoOp Chain Depth 10 Size 10485760 Mode ref, Ref Stage 2, run, end, 9198030245579198
1787078964.407534, NoOp Chain Depth 10 Size 10485760 Mode ref, Ref Stage 3, run, start, 9198030245593518
1787078964.407574, NoOp Chain Depth 10 Size 10485760 Mode ref, Ref Stage 3, run, end, 9198030245633134
1787078964.407969, NoOp Chain Depth 10 Size 10485760 Mode ref, Ref Stage 4, run, start, 9198030246029614
1787078964.407993, NoOp Chain Depth 10 Size 10485760 Mode ref, Ref Stage 4, run, end, 9198030246052606
1787078964.408126, NoOp Chain Depth 10 Size 10485760 Mode ref, Ref Stage 5, run, start, 9198030246185886
1787078964.408149, NoOp Chain Depth 10 Size 10485760 Mode ref, Ref Stage 5, run, end, 9198030246208062
1787078964.408164, NoOp Chain Depth 10 Size 10485760 Mode ref, Ref Stage 6, run, start, 9198030246222766
1787078964.408185, NoOp Chain Depth 10 Size 10485760 Mode ref, Ref Stage 6, run, end, 9198030246244814
1787078964.408197, NoOp Chain Depth 10 Size 10485760 Mode ref, Ref Stage 7, run, start, 9198030246256494
1787078964.408228, NoOp Chain Depth 10 Size 10485760 Mode ref, Ref Stage 7, run, end, 9198030246287646
1787078964.408240, NoOp Chain Depth 10 Size 10485760 Mode ref, Ref Stage 8, run, start, 9198030246298926
1787078964.408269, NoOp Chain Depth 10 Size 10485760 Mode ref, Ref Stage 8, run, end, 9198030246328494
1787078964.408284, NoOp Chain Depth 10 Size 10485760 Mode ref, Ref Stage 9, run, start, 9198030246343150
1787078964.408303, NoOp Chain Depth 10 Size 10485760 Mode ref, Ref Stage 9, run, end, 9198030246362206
1787078964.408317, NoOp Chain Depth 10 Size 10485760 Mode ref, pipeline - train, run, end, 185763229108411514346789114748210472587, 1787078964.407403, 69, 1, 9198030246376718
1787078964.408353, NoOp Chain Depth 10 Size 10485760 Mode ref, pipeline - train, run, start, 116851277081303632079186255998028639302, 1787078964.408344, 70, 1, 9198030246412430
1787078964.408375, NoOp Chain Depth 10 Size 10485760 Mode ref, Ref Stage 0, run, start, 9198030246434494
1787078964.408396, NoOp Chain Depth 10 Size 10485760 Mode ref, Ref Stage 0, run, end, 9198030246455598
1787078964.408412, NoOp Chain Depth 10 Size 10485760 Mode ref, Ref Stage 1, run, start, 9198030246470782
1787078964.408433, NoOp Chain Depth 10 Size 10485760 Mode ref, Ref Stage 1, run, end, 9198030246491902
1787078964.408448, NoOp Chain Depth 10 Size 10485760 Mode ref, Ref Stage 2, run, start, 9198030246506958
1787078964.408469, NoOp Chain Depth 10 Size 10485760 Mode ref, Ref Stage 2, run, end, 9198030246528062
1787078964.408480, NoOp Chain Depth 10 Size 10485760 Mode ref, Ref Stage 3, run, start, 9198030246539182
1787078964.408511, NoOp Chain Depth 10 Size 10485760 Mode ref, Ref Stage 3, run, end, 9198030246570158
1787078964.408525, NoOp Chain Depth 10 Size 10485760 Mode ref, Ref Stage 4, run, start, 9198030246584094
1787078964.408545, NoOp Chain Depth 10 Size 10485760 Mode ref, Ref Stage 4, run, end, 9198030246604510
1787078964.408560, NoOp Chain Depth 10 Size 10485760 Mode ref, Ref Stage 5, run, start, 9198030246618814
1787078964.408580, NoOp Chain Depth 10 Size 10485760 Mode ref, Ref Stage 5, run, end, 9198030246638798
1787078964.408595, NoOp Chain Depth 10 Size 10485760 Mode ref, Ref Stage 6, run, start, 9198030246653902
1787078964.408619, NoOp Chain Depth 10 Size 10485760 Mode ref, Ref Stage 6, run, end, 9198030246678798
1787078964.408631, NoOp Chain Depth 10 Size 10485760 Mode ref, Ref Stage 7, run, start, 9198030246689982
1787078964.408662, NoOp Chain Depth 10 Size 10485760 Mode ref, Ref Stage 7, run, end, 9198030246721006
1787078964.408673, NoOp Chain Depth 10 Size 10485760 Mode ref, Ref Stage 8, run, start, 9198030246732190
1787078964.408702, NoOp Chain Depth 10 Size 10485760 Mode ref, Ref Stage 8, run, end, 9198030246761790
1787078964.408717, NoOp Chain Depth 10 Size 10485760 Mode ref, Ref Stage 9, run, start, 9198030246776095
1787078964.408736, NoOp Chain Depth 10 Size 10485760 Mode ref, Ref Stage 9, run, end, 9198030246794863
1787078964.408750, NoOp Chain Depth 10 Size 10485760 Mode ref, pipeline - train, run, end, 116851277081303632079186255998028639302, 1787078964.408344, 70, 1, 9198030246809775
1787078964.408781, NoOp Chain Depth 10 Size 10485760 Mode ref, pipeline - train, run, start, 158137861016454361269041368049270194894, 1787078964.408772, 71, 1, 9198030246840159
1787078964.408802, NoOp Chain Depth 10 Size 10485760 Mode ref, Ref Stage 0, run, start, 9198030246860719
1787078964.408823, NoOp Chain Depth 10 Size 10485760 Mode ref, Ref Stage 0, run, end, 9198030246881823
1787078964.408838, NoOp Chain Depth 10 Size 10485760 Mode ref, Ref Stage 1, run, start, 9198030246897183
1787078964.408857, NoOp Chain Depth 10 Size 10485760 Mode ref, Ref Stage 1, run, end, 9198030246916655
1787078964.408872, NoOp Chain Depth 10 Size 10485760 Mode ref, Ref Stage 2, run, start, 9198030246930943
1787078964.408893, NoOp Chain Depth 10 Size 10485760 Mode ref, Ref Stage 2, run, end, 9198030246951903
1787078964.409276, NoOp Chain Depth 10 Size 10485760 Mode ref, Ref Stage 3, run, start, 9198030247335631
1787078964.409298, NoOp Chain Depth 10 Size 10485760 Mode ref, Ref Stage 3, run, end, 9198030247357407
1787078964.409427, NoOp Chain Depth 10 Size 10485760 Mode ref, Ref Stage 4, run, start, 9198030247486415
1787078964.409448, NoOp Chain Depth 10 Size 10485760 Mode ref, Ref Stage 4, run, end, 9198030247507343
1787078964.409462, NoOp Chain Depth 10 Size 10485760 Mode ref, Ref Stage 5, run, start, 9198030247521807
1787078964.409482, NoOp Chain Depth 10 Size 10485760 Mode ref, Ref Stage 5, run, end, 9198030247541791
1787078964.409497, NoOp Chain Depth 10 Size 10485760 Mode ref, Ref Stage 6, run, start, 9198030247556047
1787078964.409516, NoOp Chain Depth 10 Size 10485760 Mode ref, Ref Stage 6, run, end, 9198030247575743
1787078964.409531, NoOp Chain Depth 10 Size 10485760 Mode ref, Ref Stage 7, run, start, 9198030247589871
1787078964.409553, NoOp Chain Depth 10 Size 10485760 Mode ref, Ref Stage 7, run, end, 9198030247612607
1787078964.409565, NoOp Chain Depth 10 Size 10485760 Mode ref, Ref Stage 8, run, start, 9198030247623999
1787078964.409596, NoOp Chain Depth 10 Size 10485760 Mode ref, Ref Stage 8, run, end, 9198030247655039
1787078964.409607, NoOp Chain Depth 10 Size 10485760 Mode ref, Ref Stage 9, run, start, 9198030247666463
1787078964.409636, NoOp Chain Depth 10 Size 10485760 Mode ref, Ref Stage 9, run, end, 9198030247695263
1787078964.409651, NoOp Chain Depth 10 Size 10485760 Mode ref, pipeline - train, run, end, 158137861016454361269041368049270194894, 1787078964.408772, 71, 1, 9198030247710175
1787078964.409684, NoOp Chain Depth 10 Size 10485760 Mode ref, pipeline - train, run, start, 126812115660507892112974414058247737886, 1787078964.409675, 72, 1, 9198030247743423
1787078964.409705, NoOp Chain Depth 10 Size 10485760 Mode ref, Ref Stage 0, run, start, 9198030247764639
1787078964.409725, NoOp Chain Depth 10 Size 10485760 Mode ref, Ref Stage 0, run, end, 9198030247784447
1787078964.409740, NoOp Chain Depth 10 Size 10485760 Mode ref, Ref Stage 1, run, start, 9198030247799423
1787078964.409761, NoOp Chain Depth 10 Size 10485760 Mode ref, Ref Stage 1, run, end, 9198030247820079
1787078964.409775, NoOp Chain Depth 10 Size 10485760 Mode ref, Ref Stage 2, run, start, 9198030247834079
1787078964.409795, NoOp Chain Depth 10 Size 10485760 Mode ref, Ref Stage 2, run, end, 9198030247853679
1787078964.409808, NoOp Chain Depth 10 Size 10485760 Mode ref, Ref Stage 3, run, start, 9198030247867631
1787078964.409829, NoOp Chain Depth 10 Size 10485760 Mode ref, Ref Stage 3, run, end, 9198030247887871
1787078964.409843, NoOp Chain Depth 10 Size 10485760 Mode ref, Ref Stage 4, run, start, 9198030247902047
1787078964.409863, NoOp Chain Depth 10 Size 10485760 Mode ref, Ref Stage 4, run, end, 9198030247921967
1787078964.409877, NoOp Chain Depth 10 Size 10485760 Mode ref, Ref Stage 5, run, start, 9198030247936143
1787078964.409896, NoOp Chain Depth 10 Size 10485760 Mode ref, Ref Stage 5, run, end, 9198030247955535
1787078964.409910, NoOp Chain Depth 10 Size 10485760 Mode ref, Ref Stage 6, run, start, 9198030247969615
1787078964.409930, NoOp Chain Depth 10 Size 10485760 Mode ref, Ref Stage 6, run, end, 9198030247989679
1787078964.409946, NoOp Chain Depth 10 Size 10485760 Mode ref, Ref Stage 7, run, start, 9198030248005455
1787078964.409968, NoOp Chain Depth 10 Size 10485760 Mode ref, Ref Stage 7, run, end, 9198030248027279
1787078964.413712, NoOp Chain Depth 10 Size 10485760 Mode ref, Ref Stage 8, run, start, 9198030251772898
1787078964.413739, NoOp Chain Depth 10 Size 10485760 Mode ref, Ref Stage 8, run, end, 9198030251798434
1787078964.413755, NoOp Chain Depth 10 Size 10485760 Mode ref, Ref Stage 9, run, start, 9198030251813922
1787078964.413774, NoOp Chain Depth 10 Size 10485760 Mode ref, Ref Stage 9, run, end, 9198030251833538
1787078964.413789, NoOp Chain Depth 10 Size 10485760 Mode ref, pipeline - train, run, end, 126812115660507892112974414058247737886, 1787078964.409675, 72, 1, 9198030251848162
1787078964.413823, NoOp Chain Depth 10 Size 10485760 Mode ref, pipeline - train, run, start, 190793624523410734123420324329877794098, 1787078964.413813, 73, 1, 9198030251882162
1787078964.413845, NoOp Chain Depth 10 Size 10485760 Mode ref, Ref Stage 0, run, start, 9198030251903714
1787078964.413864, NoOp Chain Depth 10 Size 10485760 Mode ref, Ref Stage 0, run, end, 9198030251923474
1787078964.413878, NoOp Chain Depth 10 Size 10485760 Mode ref, Ref Stage 1, run, start, 9198030251937506
1787078964.413898, NoOp Chain Depth 10 Size 10485760 Mode ref, Ref Stage 1, run, end, 9198030251957346
1787078964.413912, NoOp Chain Depth 10 Size 10485760 Mode ref, Ref Stage 2, run, start, 9198030251971442
1787078964.413932, NoOp Chain Depth 10 Size 10485760 Mode ref, Ref Stage 2, run, end, 9198030251991090
1787078964.413948, NoOp Chain Depth 10 Size 10485760 Mode ref, Ref Stage 3, run, start, 9198030252006994
1787078964.413970, NoOp Chain Depth 10 Size 10485760 Mode ref, Ref Stage 3, run, end, 9198030252029522
1787078964.413985, NoOp Chain Depth 10 Size 10485760 Mode ref, Ref Stage 4, run, start, 9198030252043730
1787078964.414005, NoOp Chain Depth 10 Size 10485760 Mode ref, Ref Stage 4, run, end, 9198030252063618
1787078964.414019, NoOp Chain Depth 10 Size 10485760 Mode ref, Ref Stage 5, run, start, 9198030252077810
1787078964.414038, NoOp Chain Depth 10 Size 10485760 Mode ref, Ref Stage 5, run, end, 9198030252097794
1787078964.414053, NoOp Chain Depth 10 Size 10485760 Mode ref, Ref Stage 6, run, start, 9198030252111890
1787078964.414074, NoOp Chain Depth 10 Size 10485760 Mode ref, Ref Stage 6, run, end, 9198030252133538
1787078964.414086, NoOp Chain Depth 10 Size 10485760 Mode ref, Ref Stage 7, run, start, 9198030252145042
1787078964.414128, NoOp Chain Depth 10 Size 10485760 Mode ref, Ref Stage 7, run, end, 9198030252187202
1787078964.414142, NoOp Chain Depth 10 Size 10485760 Mode ref, Ref Stage 8, run, start, 9198030252201474
1787078964.414162, NoOp Chain Depth 10 Size 10485760 Mode ref, Ref Stage 8, run, end, 9198030252221138
1787078964.414176, NoOp Chain Depth 10 Size 10485760 Mode ref, Ref Stage 9, run, start, 9198030252235442
1787078964.414195, NoOp Chain Depth 10 Size 10485760 Mode ref, Ref Stage 9, run, end, 9198030252254242
1787078964.414209, NoOp Chain Depth 10 Size 10485760 Mode ref, pipeline - train, run, end, 190793624523410734123420324329877794098, 1787078964.413813, 73, 1, 9198030252268482
1787078964.414241, NoOp Chain Depth 10 Size 10485760 Mode ref, pipeline - train, run, start, 234534557664556559932984024284450435993, 1787078964.414231, 74, 1, 9198030252299906
1787078964.414262, NoOp Chain Depth 10 Size 10485760 Mode ref, Ref Stage 0, run, start, 9198030252320594
1787078964.414281, NoOp Chain Depth 10 Size 10485760 Mode ref, Ref Stage 0, run, end, 9198030252340402
1787078964.414295, NoOp Chain Depth 10 Size 10485760 Mode ref, Ref Stage 1, run, start, 9198030252354514
1787078964.414315, NoOp Chain Depth 10 Size 10485760 Mode ref, Ref Stage 1, run, end, 9198030252374498
1787078964.414329, NoOp Chain Depth 10 Size 10485760 Mode ref, Ref Stage 2, run, start, 9198030252388674
1787078964.414349, NoOp Chain Depth 10 Size 10485760 Mode ref, Ref Stage 2, run, end, 9198030252407794
1787078964.414363, NoOp Chain Depth 10 Size 10485760 Mode ref, Ref Stage 3, run, start, 9198030252421842
1787078964.414382, NoOp Chain Depth 10 Size 10485760 Mode ref, Ref Stage 3, run, end, 9198030252441570
1787078964.414397, NoOp Chain Depth 10 Size 10485760 Mode ref, Ref Stage 4, run, start, 9198030252456450
1787078964.414418, NoOp Chain Depth 10 Size 10485760 Mode ref, Ref Stage 4, run, end, 9198030252476498
1787078964.414432, NoOp Chain Depth 10 Size 10485760 Mode ref, Ref Stage 5, run, start, 9198030252490722
1787078964.414451, NoOp Chain Depth 10 Size 10485760 Mode ref, Ref Stage 5, run, end, 9198030252510546
1787078964.414465, NoOp Chain Depth 10 Size 10485760 Mode ref, Ref Stage 6, run, start, 9198030252524754
1787078964.414487, NoOp Chain Depth 10 Size 10485760 Mode ref, Ref Stage 6, run, end, 9198030252546547
1787078964.414499, NoOp Chain Depth 10 Size 10485760 Mode ref, Ref Stage 7, run, start, 9198030252557875
1787078964.414528, NoOp Chain Depth 10 Size 10485760 Mode ref, Ref Stage 7, run, end, 9198030252587347
1787078964.414542, NoOp Chain Depth 10 Size 10485760 Mode ref, Ref Stage 8, run, start, 9198030252601507
1787078964.414562, NoOp Chain Depth 10 Size 10485760 Mode ref, Ref Stage 8, run, end, 9198030252620963
1787078964.414576, NoOp Chain Depth 10 Size 10485760 Mode ref, Ref Stage 9, run, start, 9198030252635107
1787078964.414595, NoOp Chain Depth 10 Size 10485760 Mode ref, Ref Stage 9, run, end, 9198030252653891
1787078964.414608, NoOp Chain Depth 10 Size 10485760 Mode ref, pipeline - train, run, end, 234534557664556559932984024284450435993, 1787078964.414231, 74, 1, 9198030252667555
1787078964.414638, NoOp Chain Depth 10 Size 10485760 Mode ref, pipeline - train, run, start, 42933187637153003332809555351671126375, 1787078964.414630, 75, 1, 9198030252697715
1787078964.414661, NoOp Chain Depth 10 Size 10485760 Mode ref, Ref Stage 0, run, start, 9198030252719843
1787078964.414680, NoOp Chain Depth 10 Size 10485760 Mode ref, Ref Stage 0, run, end, 9198030252739507
1787078964.414694, NoOp Chain Depth 10 Size 10485760 Mode ref, Ref Stage 1, run, start, 9198030252753235
1787078964.414714, NoOp Chain Depth 10 Size 10485760 Mode ref, Ref Stage 1, run, end, 9198030252773091
1787078964.414728, NoOp Chain Depth 10 Size 10485760 Mode ref, Ref Stage 2, run, start, 9198030252786947
1787078964.414747, NoOp Chain Depth 10 Size 10485760 Mode ref, Ref Stage 2, run, end, 9198030252806659
1787078964.414762, NoOp Chain Depth 10 Size 10485760 Mode ref, Ref Stage 3, run, start, 9198030252821011
1787078964.414782, NoOp Chain Depth 10 Size 10485760 Mode ref, Ref Stage 3, run, end, 9198030252840963
1787078964.414797, NoOp Chain Depth 10 Size 10485760 Mode ref, Ref Stage 4, run, start, 9198030252855763
1787078964.414817, NoOp Chain Depth 10 Size 10485760 Mode ref, Ref Stage 4, run, end, 9198030252875667
1787078964.414831, NoOp Chain Depth 10 Size 10485760 Mode ref, Ref Stage 5, run, start, 9198030252889811
1787078964.414850, NoOp Chain Depth 10 Size 10485760 Mode ref, Ref Stage 5, run, end, 9198030252909443
1787078964.414864, NoOp Chain Depth 10 Size 10485760 Mode ref, Ref Stage 6, run, start, 9198030252923619
1787078964.414886, NoOp Chain Depth 10 Size 10485760 Mode ref, Ref Stage 6, run, end, 9198030252944899
1787078964.414897, NoOp Chain Depth 10 Size 10485760 Mode ref, Ref Stage 7, run, start, 9198030252956147
1787078964.415105, NoOp Chain Depth 10 Size 10485760 Mode ref, Ref Stage 7, run, end, 9198030253164643
1787078964.415237, NoOp Chain Depth 10 Size 10485760 Mode ref, Ref Stage 8, run, start, 9198030253296291
1787078964.415258, NoOp Chain Depth 10 Size 10485760 Mode ref, Ref Stage 8, run, end, 9198030253317443
1787078964.415273, NoOp Chain Depth 10 Size 10485760 Mode ref, Ref Stage 9, run, start, 9198030253331923
1787078964.415292, NoOp Chain Depth 10 Size 10485760 Mode ref, Ref Stage 9, run, end, 9198030253351155
1787078964.415306, NoOp Chain Depth 10 Size 10485760 Mode ref, pipeline - train, run, end, 42933187637153003332809555351671126375, 1787078964.414630, 75, 1, 9198030253365587
1787078964.415338, NoOp Chain Depth 10 Size 10485760 Mode ref, pipeline - train, run, start, 157969435901745774667765454736258054467, 1787078964.415329, 76, 1, 9198030253397171
1787078964.415359, NoOp Chain Depth 10 Size 10485760 Mode ref, Ref Stage 0, run, start, 9198030253418579
1787078964.415380, NoOp Chain Depth 10 Size 10485760 Mode ref, Ref Stage 0, run, end, 9198030253438979
1787078964.415394, NoOp Chain Depth 10 Size 10485760 Mode ref, Ref Stage 1, run, start, 9198030253453491
1787078964.415414, NoOp Chain Depth 10 Size 10485760 Mode ref, Ref Stage 1, run, end, 9198030253473315
1787078964.415429, NoOp Chain Depth 10 Size 10485760 Mode ref, Ref Stage 2, run, start, 9198030253487859
1787078964.415449, NoOp Chain Depth 10 Size 10485760 Mode ref, Ref Stage 2, run, end, 9198030253507747
1787078964.415463, NoOp Chain Depth 10 Size 10485760 Mode ref, Ref Stage 3, run, start, 9198030253522083
1787078964.415483, NoOp Chain Depth 10 Size 10485760 Mode ref, Ref Stage 3, run, end, 9198030253541939
1787078964.415498, NoOp Chain Depth 10 Size 10485760 Mode ref, Ref Stage 4, run, start, 9198030253556947
1787078964.415517, NoOp Chain Depth 10 Size 10485760 Mode ref, Ref Stage 4, run, end, 9198030253576419
1787078964.415532, NoOp Chain Depth 10 Size 10485760 Mode ref, Ref Stage 5, run, start, 9198030253590691
1787078964.415553, NoOp Chain Depth 10 Size 10485760 Mode ref, Ref Stage 5, run, end, 9198030253612131
1787078964.415565, NoOp Chain Depth 10 Size 10485760 Mode ref, Ref Stage 6, run, start, 9198030253623715
1787078964.415595, NoOp Chain Depth 10 Size 10485760 Mode ref, Ref Stage 6, run, end, 9198030253653779
1787078964.415609, NoOp Chain Depth 10 Size 10485760 Mode ref, Ref Stage 7, run, start, 9198030253668131
1787078964.415630, NoOp Chain Depth 10 Size 10485760 Mode ref, Ref Stage 7, run, end, 9198030253689459
1787078964.415642, NoOp Chain Depth 10 Size 10485760 Mode ref, Ref Stage 8, run, start, 9198030253700963
1787078964.415673, NoOp Chain Depth 10 Size 10485760 Mode ref, Ref Stage 8, run, end, 9198030253732899
1787078964.415688, NoOp Chain Depth 10 Size 10485760 Mode ref, Ref Stage 9, run, start, 9198030253747427
1787078964.415708, NoOp Chain Depth 10 Size 10485760 Mode ref, Ref Stage 9, run, end, 9198030253766771
1787078964.415721, NoOp Chain Depth 10 Size 10485760 Mode ref, pipeline - train, run, end, 157969435901745774667765454736258054467, 1787078964.415329, 76, 1, 9198030253780771
1787078964.415753, NoOp Chain Depth 10 Size 10485760 Mode ref, pipeline - train, run, start, 206653275282417138399024791888687488476, 1787078964.415744, 77, 1, 9198030253812067
1787078964.415774, NoOp Chain Depth 10 Size 10485760 Mode ref, Ref Stage 0, run, start, 9198030253833251
1787078964.415794, NoOp Chain Depth 10 Size 10485760 Mode ref, Ref Stage 0, run, end, 9198030253853459
1787078964.415808, NoOp Chain Depth 10 Size 10485760 Mode ref, Ref Stage 1, run, start, 9198030253867811
1787078964.415829, NoOp Chain Depth 10 Size 10485760 Mode ref, Ref Stage 1, run, end, 9198030253887891
1787078964.415843, NoOp Chain Depth 10 Size 10485760 Mode ref, Ref Stage 2, run, start, 9198030253902195
1787078964.415863, NoOp Chain Depth 10 Size 10485760 Mode ref, Ref Stage 2, run, end, 9198030253922339
1787078964.415877, NoOp Chain Depth 10 Size 10485760 Mode ref, Ref Stage 3, run, start, 9198030253936243
1787078964.415897, NoOp Chain Depth 10 Size 10485760 Mode ref, Ref Stage 3, run, end, 9198030253956195
1787078964.415911, NoOp Chain Depth 10 Size 10485760 Mode ref, Ref Stage 4, run, start, 9198030253970531
1787078964.415931, NoOp Chain Depth 10 Size 10485760 Mode ref, Ref Stage 4, run, end, 9198030253989827
1787078964.415947, NoOp Chain Depth 10 Size 10485760 Mode ref, Ref Stage 5, run, start, 9198030254006531
1787078964.415969, NoOp Chain Depth 10 Size 10485760 Mode ref, Ref Stage 5, run, end, 9198030254028579
1787078964.415981, NoOp Chain Depth 10 Size 10485760 Mode ref, Ref Stage 6, run, start, 9198030254040019
1787078964.416584, NoOp Chain Depth 10 Size 10485760 Mode ref, Ref Stage 6, run, end, 9198030254643700
1787078964.416600, NoOp Chain Depth 10 Size 10485760 Mode ref, Ref Stage 7, run, start, 9198030254659396
1787078964.416622, NoOp Chain Depth 10 Size 10485760 Mode ref, Ref Stage 7, run, end, 9198030254680868
1787078964.416633, NoOp Chain Depth 10 Size 10485760 Mode ref, Ref Stage 8, run, start, 9198030254692404
1787078964.416663, NoOp Chain Depth 10 Size 10485760 Mode ref, Ref Stage 8, run, end, 9198030254722132
1787078964.416677, NoOp Chain Depth 10 Size 10485760 Mode ref, Ref Stage 9, run, start, 9198030254736628
1787078964.416697, NoOp Chain Depth 10 Size 10485760 Mode ref, Ref Stage 9, run, end, 9198030254756068
1787078964.416711, NoOp Chain Depth 10 Size 10485760 Mode ref, pipeline - train, run, end, 206653275282417138399024791888687488476, 1787078964.415744, 77, 1, 9198030254770324
1787078964.416743, NoOp Chain Depth 10 Size 10485760 Mode ref, pipeline - train, run, start, 5730484073473613689618107944657666608, 1787078964.416734, 78, 1, 9198030254802180
1787078964.416764, NoOp Chain Depth 10 Size 10485760 Mode ref, Ref Stage 0, run, start, 9198030254823188
1787078964.416784, NoOp Chain Depth 10 Size 10485760 Mode ref, Ref Stage 0, run, end, 9198030254843332
1787078964.416798, NoOp Chain Depth 10 Size 10485760 Mode ref, Ref Stage 1, run, start, 9198030254857732
1787078964.416818, NoOp Chain Depth 10 Size 10485760 Mode ref, Ref Stage 1, run, end, 9198030254877572
1787078964.416834, NoOp Chain Depth 10 Size 10485760 Mode ref, Ref Stage 2, run, start, 9198030254893076
1787078964.416854, NoOp Chain Depth 10 Size 10485760 Mode ref, Ref Stage 2, run, end, 9198030254913172
1787078964.416868, NoOp Chain Depth 10 Size 10485760 Mode ref, Ref Stage 3, run, start, 9198030254927524
1787078964.416888, NoOp Chain Depth 10 Size 10485760 Mode ref, Ref Stage 3, run, end, 9198030254947540
1787078964.416902, NoOp Chain Depth 10 Size 10485760 Mode ref, Ref Stage 4, run, start, 9198030254961668
1787078964.416924, NoOp Chain Depth 10 Size 10485760 Mode ref, Ref Stage 4, run, end, 9198030254983332
1787078964.416947, NoOp Chain Depth 10 Size 10485760 Mode ref, Ref Stage 5, run, start, 9198030255006356
1787078964.416968, NoOp Chain Depth 10 Size 10485760 Mode ref, Ref Stage 5, run, end, 9198030255027364
1787078964.416982, NoOp Chain Depth 10 Size 10485760 Mode ref, Ref Stage 6, run, start, 9198030255041412
1787078964.417002, NoOp Chain Depth 10 Size 10485760 Mode ref, Ref Stage 6, run, end, 9198030255061700
1787078964.417017, NoOp Chain Depth 10 Size 10485760 Mode ref, Ref Stage 7, run, start, 9198030255075860
1787078964.417038, NoOp Chain Depth 10 Size 10485760 Mode ref, Ref Stage 7, run, end, 9198030255097236
1787078964.417050, NoOp Chain Depth 10 Size 10485760 Mode ref, Ref Stage 8, run, start, 9198030255108820
1787078964.417082, NoOp Chain Depth 10 Size 10485760 Mode ref, Ref Stage 8, run, end, 9198030255140884
1787078964.417096, NoOp Chain Depth 10 Size 10485760 Mode ref, Ref Stage 9, run, start, 9198030255155412
1787078964.417117, NoOp Chain Depth 10 Size 10485760 Mode ref, Ref Stage 9, run, end, 9198030255176820
1787078964.417132, NoOp Chain Depth 10 Size 10485760 Mode ref, pipeline - train, run, end, 5730484073473613689618107944657666608, 1787078964.416734, 78, 1, 9198030255191220
1787078964.417164, NoOp Chain Depth 10 Size 10485760 Mode ref, pipeline - train, run, start, 148227386406067556956233162664962121290, 1787078964.417155, 79, 1, 9198030255223668
1787078964.417186, NoOp Chain Depth 10 Size 10485760 Mode ref, Ref Stage 0, run, start, 9198030255245140
1787078964.417206, NoOp Chain Depth 10 Size 10485760 Mode ref, Ref Stage 0, run, end, 9198030255265588
1787078964.417221, NoOp Chain Depth 10 Size 10485760 Mode ref, Ref Stage 1, run, start, 9198030255279972
1787078964.417241, NoOp Chain Depth 10 Size 10485760 Mode ref, Ref Stage 1, run, end, 9198030255300228
1787078964.417255, NoOp Chain Depth 10 Size 10485760 Mode ref, Ref Stage 2, run, start, 9198030255314724
1787078964.417276, NoOp Chain Depth 10 Size 10485760 Mode ref, Ref Stage 2, run, end, 9198030255334932
1787078964.417290, NoOp Chain Depth 10 Size 10485760 Mode ref, Ref Stage 3, run, start, 9198030255349588
1787078964.417310, NoOp Chain Depth 10 Size 10485760 Mode ref, Ref Stage 3, run, end, 9198030255369364
1787078964.417325, NoOp Chain Depth 10 Size 10485760 Mode ref, Ref Stage 4, run, start, 9198030255384196
1787078964.417347, NoOp Chain Depth 10 Size 10485760 Mode ref, Ref Stage 4, run, end, 9198030255406308
1787078964.417362, NoOp Chain Depth 10 Size 10485760 Mode ref, Ref Stage 5, run, start, 9198030255420756
1787078964.417382, NoOp Chain Depth 10 Size 10485760 Mode ref, Ref Stage 5, run, end, 9198030255441332
1787078964.417397, NoOp Chain Depth 10 Size 10485760 Mode ref, Ref Stage 6, run, start, 9198030255455588
1787078964.417415, NoOp Chain Depth 10 Size 10485760 Mode ref, Ref Stage 6, run, end, 9198030255474676
1787078964.417429, NoOp Chain Depth 10 Size 10485760 Mode ref, Ref Stage 7, run, start, 9198030255488724
1787078964.417449, NoOp Chain Depth 10 Size 10485760 Mode ref, Ref Stage 7, run, end, 9198030255508645
1787078964.417464, NoOp Chain Depth 10 Size 10485760 Mode ref, Ref Stage 8, run, start, 9198030255522805
1787078964.417485, NoOp Chain Depth 10 Size 10485760 Mode ref, Ref Stage 8, run, end, 9198030255543909
1787078964.417866, NoOp Chain Depth 10 Size 10485760 Mode ref, Ref Stage 9, run, start, 9198030255926261
1787078964.417891, NoOp Chain Depth 10 Size 10485760 Mode ref, Ref Stage 9, run, end, 9198030255950341
1787078964.417903, NoOp Chain Depth 10 Size 10485760 Mode ref, pipeline - train, run, end, 148227386406067556956233162664962121290, 1787078964.417155, 79, 1, 9198030255961877
1787078964.418062, NoOp Chain Depth 10 Size 10485760 Mode ref, pipeline - train, run, start, 77538570462129361392165939181615733206, 1787078964.418053, 80, 1, 9198030256121509
1787078964.418084, NoOp Chain Depth 10 Size 10485760 Mode ref, Ref Stage 0, run, start, 9198030256142949
1787078964.418106, NoOp Chain Depth 10 Size 10485760 Mode ref, Ref Stage 0, run, end, 9198030256164901
1787078964.418120, NoOp Chain Depth 10 Size 10485760 Mode ref, Ref Stage 1, run, start, 9198030256179173
1787078964.418139, NoOp Chain Depth 10 Size 10485760 Mode ref, Ref Stage 1, run, end, 9198030256198613
1787078964.418154, NoOp Chain Depth 10 Size 10485760 Mode ref, Ref Stage 2, run, start, 9198030256212789
1787078964.418173, NoOp Chain Depth 10 Size 10485760 Mode ref, Ref Stage 2, run, end, 9198030256232309
1787078964.418187, NoOp Chain Depth 10 Size 10485760 Mode ref, Ref Stage 3, run, start, 9198030256246405
1787078964.418207, NoOp Chain Depth 10 Size 10485760 Mode ref, Ref Stage 3, run, end, 9198030256265797
1787078964.418221, NoOp Chain Depth 10 Size 10485760 Mode ref, Ref Stage 4, run, start, 9198030256279861
1787078964.418240, NoOp Chain Depth 10 Size 10485760 Mode ref, Ref Stage 4, run, end, 9198030256299269
1787078964.418254, NoOp Chain Depth 10 Size 10485760 Mode ref, Ref Stage 5, run, start, 9198030256313365
1787078964.418274, NoOp Chain Depth 10 Size 10485760 Mode ref, Ref Stage 5, run, end, 9198030256332853
1787078964.418289, NoOp Chain Depth 10 Size 10485760 Mode ref, Ref Stage 6, run, start, 9198030256347829
1787078964.418308, NoOp Chain Depth 10 Size 10485760 Mode ref, Ref Stage 6, run, end, 9198030256367077
1787078964.418322, NoOp Chain Depth 10 Size 10485760 Mode ref, Ref Stage 7, run, start, 9198030256381221
1787078964.418390, NoOp Chain Depth 10 Size 10485760 Mode ref, Ref Stage 7, run, end, 9198030256449189
1787078964.418404, NoOp Chain Depth 10 Size 10485760 Mode ref, Ref Stage 8, run, start, 9198030256463557
1787078964.418427, NoOp Chain Depth 10 Size 10485760 Mode ref, Ref Stage 8, run, end, 9198030256486565
1787078964.418442, NoOp Chain Depth 10 Size 10485760 Mode ref, Ref Stage 9, run, start, 9198030256500821
1787078964.418463, NoOp Chain Depth 10 Size 10485760 Mode ref, Ref Stage 9, run, end, 9198030256521685
1787078964.418475, NoOp Chain Depth 10 Size 10485760 Mode ref, pipeline - train, run, end, 77538570462129361392165939181615733206, 1787078964.418053, 80, 1, 9198030256534101
1787078964.418519, NoOp Chain Depth 10 Size 10485760 Mode ref, pipeline - train, run, start, 311562264292609778400190478540255184527, 1787078964.418510, 81, 1, 9198030256578373
1787078964.418541, NoOp Chain Depth 10 Size 10485760 Mode ref, Ref Stage 0, run, start, 9198030256600133
1787078964.418562, NoOp Chain Depth 10 Size 10485760 Mode ref, Ref Stage 0, run, end, 9198030256621029
1787078964.418576, NoOp Chain Depth 10 Size 10485760 Mode ref, Ref Stage 1, run, start, 9198030256635077
1787078964.418595, NoOp Chain Depth 10 Size 10485760 Mode ref, Ref Stage 1, run, end, 9198030256654437
1787078964.418609, NoOp Chain Depth 10 Size 10485760 Mode ref, Ref Stage 2, run, start, 9198030256668357
1787078964.418631, NoOp Chain Depth 10 Size 10485760 Mode ref, Ref Stage 2, run, end, 9198030256689781
1787078964.418645, NoOp Chain Depth 10 Size 10485760 Mode ref, Ref Stage 3, run, start, 9198030256704181
1787078964.418664, NoOp Chain Depth 10 Size 10485760 Mode ref, Ref Stage 3, run, end, 9198030256723653
1787078964.418679, NoOp Chain Depth 10 Size 10485760 Mode ref, Ref Stage 4, run, start, 9198030256737733
1787078964.418698, NoOp Chain Depth 10 Size 10485760 Mode ref, Ref Stage 4, run, end, 9198030256757189
1787078964.418713, NoOp Chain Depth 10 Size 10485760 Mode ref, Ref Stage 5, run, start, 9198030256771989
1787078964.418733, NoOp Chain Depth 10 Size 10485760 Mode ref, Ref Stage 5, run, end, 9198030256791653
1787078964.418747, NoOp Chain Depth 10 Size 10485760 Mode ref, Ref Stage 6, run, start, 9198030256805717
1787078964.418766, NoOp Chain Depth 10 Size 10485760 Mode ref, Ref Stage 6, run, end, 9198030256825093
1787078964.418780, NoOp Chain Depth 10 Size 10485760 Mode ref, Ref Stage 7, run, start, 9198030256838965
1787078964.418799, NoOp Chain Depth 10 Size 10485760 Mode ref, Ref Stage 7, run, end, 9198030256858245
1787078964.418814, NoOp Chain Depth 10 Size 10485760 Mode ref, Ref Stage 8, run, start, 9198030256873109
1787078964.418834, NoOp Chain Depth 10 Size 10485760 Mode ref, Ref Stage 8, run, end, 9198030256893766
1787078964.418849, NoOp Chain Depth 10 Size 10485760 Mode ref, Ref Stage 9, run, start, 9198030256908134
1787078964.418870, NoOp Chain Depth 10 Size 10485760 Mode ref, Ref Stage 9, run, end, 9198030256928902
1787078964.418881, NoOp Chain Depth 10 Size 10485760 Mode ref, pipeline - train, run, end, 311562264292609778400190478540255184527, 1787078964.418510, 81, 1, 9198030256940022
1787078964.418926, NoOp Chain Depth 10 Size 10485760 Mode ref, pipeline - train, run, start, 112724016747330154310625042797090105058, 1787078964.418917, 82, 1, 9198030256985590
1787078964.418948, NoOp Chain Depth 10 Size 10485760 Mode ref, Ref Stage 0, run, start, 9198030257007590
1787078964.418969, NoOp Chain Depth 10 Size 10485760 Mode ref, Ref Stage 0, run, end, 9198030257027830
1787078964.418983, NoOp Chain Depth 10 Size 10485760 Mode ref, Ref Stage 1, run, start, 9198030257041814
1787078964.419002, NoOp Chain Depth 10 Size 10485760 Mode ref, Ref Stage 1, run, end, 9198030257060982
1787078964.419017, NoOp Chain Depth 10 Size 10485760 Mode ref, Ref Stage 2, run, start, 9198030257075798
1787078964.419037, NoOp Chain Depth 10 Size 10485760 Mode ref, Ref Stage 2, run, end, 9198030257096214
1787078964.419051, NoOp Chain Depth 10 Size 10485760 Mode ref, Ref Stage 3, run, start, 9198030257110278
1787078964.419070, NoOp Chain Depth 10 Size 10485760 Mode ref, Ref Stage 3, run, end, 9198030257129638
1787078964.419085, NoOp Chain Depth 10 Size 10485760 Mode ref, Ref Stage 4, run, start, 9198030257143638
1787078964.419105, NoOp Chain Depth 10 Size 10485760 Mode ref, Ref Stage 4, run, end, 9198030257163894
1787078964.419119, NoOp Chain Depth 10 Size 10485760 Mode ref, Ref Stage 5, run, start, 9198030257178166
1787078964.419139, NoOp Chain Depth 10 Size 10485760 Mode ref, Ref Stage 5, run, end, 9198030257197750
1787078964.419152, NoOp Chain Depth 10 Size 10485760 Mode ref, Ref Stage 6, run, start, 9198030257211718
1787078964.419172, NoOp Chain Depth 10 Size 10485760 Mode ref, Ref Stage 6, run, end, 9198030257231142
1787078964.419186, NoOp Chain Depth 10 Size 10485760 Mode ref, Ref Stage 7, run, start, 9198030257245046
1787078964.419205, NoOp Chain Depth 10 Size 10485760 Mode ref, Ref Stage 7, run, end, 9198030257264678
1787078964.419220, NoOp Chain Depth 10 Size 10485760 Mode ref, Ref Stage 8, run, start, 9198030257279494
1787078964.419239, NoOp Chain Depth 10 Size 10485760 Mode ref, Ref Stage 8, run, end, 9198030257299318
1787078964.419254, NoOp Chain Depth 10 Size 10485760 Mode ref, Ref Stage 9, run, start, 9198030257313558
1787078964.419276, NoOp Chain Depth 10 Size 10485760 Mode ref, Ref Stage 9, run, end, 9198030257334758
1787078964.419286, NoOp Chain Depth 10 Size 10485760 Mode ref, pipeline - train, run, end, 112724016747330154310625042797090105058, 1787078964.418917, 82, 1, 9198030257345750
1787078964.419330, NoOp Chain Depth 10 Size 10485760 Mode ref, pipeline - train, run, start, 306996986471597155435664725539697465551, 1787078964.419322, 83, 1, 9198030257389734
1787078964.419351, NoOp Chain Depth 10 Size 10485760 Mode ref, Ref Stage 0, run, start, 9198030257410054
1787078964.419371, NoOp Chain Depth 10 Size 10485760 Mode ref, Ref Stage 0, run, end, 9198030257430054
1787078964.419385, NoOp Chain Depth 10 Size 10485760 Mode ref, Ref Stage 1, run, start, 9198030257443942
1787078964.419404, NoOp Chain Depth 10 Size 10485760 Mode ref, Ref Stage 1, run, end, 9198030257463462
1787078964.419418, NoOp Chain Depth 10 Size 10485760 Mode ref, Ref Stage 2, run, start, 9198030257477478
1787078964.419438, NoOp Chain Depth 10 Size 10485760 Mode ref, Ref Stage 2, run, end, 9198030257496918
1787078964.419452, NoOp Chain Depth 10 Size 10485760 Mode ref, Ref Stage 3, run, start, 9198030257510694
1787078964.419472, NoOp Chain Depth 10 Size 10485760 Mode ref, Ref Stage 3, run, end, 9198030257531286
1787078964.419487, NoOp Chain Depth 10 Size 10485760 Mode ref, Ref Stage 4, run, start, 9198030257545702
1787078964.419507, NoOp Chain Depth 10 Size 10485760 Mode ref, Ref Stage 4, run, end, 9198030257566246
1787078964.419522, NoOp Chain Depth 10 Size 10485760 Mode ref, Ref Stage 5, run, start, 9198030257581430
1787078964.419542, NoOp Chain Depth 10 Size 10485760 Mode ref, Ref Stage 5, run, end, 9198030257600854
1787078964.419556, NoOp Chain Depth 10 Size 10485760 Mode ref, Ref Stage 6, run, start, 9198030257614694
1787078964.419575, NoOp Chain Depth 10 Size 10485760 Mode ref, Ref Stage 6, run, end, 9198030257633974
1787078964.419590, NoOp Chain Depth 10 Size 10485760 Mode ref, Ref Stage 7, run, start, 9198030257648966
1787078964.419610, NoOp Chain Depth 10 Size 10485760 Mode ref, Ref Stage 7, run, end, 9198030257669430
1787078964.419624, NoOp Chain Depth 10 Size 10485760 Mode ref, Ref Stage 8, run, start, 9198030257683382
1787078964.419644, NoOp Chain Depth 10 Size 10485760 Mode ref, Ref Stage 8, run, end, 9198030257703494
1787078964.419659, NoOp Chain Depth 10 Size 10485760 Mode ref, Ref Stage 9, run, start, 9198030257718358
1787078964.420131, NoOp Chain Depth 10 Size 10485760 Mode ref, Ref Stage 9, run, end, 9198030258191254
1787078964.420266, NoOp Chain Depth 10 Size 10485760 Mode ref, pipeline - train, run, end, 306996986471597155435664725539697465551, 1787078964.419322, 83, 1, 9198030258326102
1787078964.420305, NoOp Chain Depth 10 Size 10485760 Mode ref, pipeline - train, run, start, 77898583640438622300154268622508916424, 1787078964.420292, 84, 1, 9198030258364647
1787078964.420327, NoOp Chain Depth 10 Size 10485760 Mode ref, Ref Stage 0, run, start, 9198030258386855
1787078964.420348, NoOp Chain Depth 10 Size 10485760 Mode ref, Ref Stage 0, run, end, 9198030258407527
1787078964.420362, NoOp Chain Depth 10 Size 10485760 Mode ref, Ref Stage 1, run, start, 9198030258421927
1787078964.420382, NoOp Chain Depth 10 Size 10485760 Mode ref, Ref Stage 1, run, end, 9198030258441671
1787078964.420397, NoOp Chain Depth 10 Size 10485760 Mode ref, Ref Stage 2, run, start, 9198030258455799
1787078964.420416, NoOp Chain Depth 10 Size 10485760 Mode ref, Ref Stage 2, run, end, 9198030258475527
1787078964.420431, NoOp Chain Depth 10 Size 10485760 Mode ref, Ref Stage 3, run, start, 9198030258489639
1787078964.420450, NoOp Chain Depth 10 Size 10485760 Mode ref, Ref Stage 3, run, end, 9198030258509079
1787078964.420464, NoOp Chain Depth 10 Size 10485760 Mode ref, Ref Stage 4, run, start, 9198030258523351
1787078964.420484, NoOp Chain Depth 10 Size 10485760 Mode ref, Ref Stage 4, run, end, 9198030258543159
1787078964.420498, NoOp Chain Depth 10 Size 10485760 Mode ref, Ref Stage 5, run, start, 9198030258557111
1787078964.420518, NoOp Chain Depth 10 Size 10485760 Mode ref, Ref Stage 5, run, end, 9198030258576759
1787078964.420532, NoOp Chain Depth 10 Size 10485760 Mode ref, Ref Stage 6, run, start, 9198030258591831
1787078964.420552, NoOp Chain Depth 10 Size 10485760 Mode ref, Ref Stage 6, run, end, 9198030258611767
1787078964.420567, NoOp Chain Depth 10 Size 10485760 Mode ref, Ref Stage 7, run, start, 9198030258625895
1787078964.420586, NoOp Chain Depth 10 Size 10485760 Mode ref, Ref Stage 7, run, end, 9198030258645415
1787078964.420600, NoOp Chain Depth 10 Size 10485760 Mode ref, Ref Stage 8, run, start, 9198030258659463
1787078964.420621, NoOp Chain Depth 10 Size 10485760 Mode ref, Ref Stage 8, run, end, 9198030258680007
1787078964.420636, NoOp Chain Depth 10 Size 10485760 Mode ref, Ref Stage 9, run, start, 9198030258694839
1787078964.420655, NoOp Chain Depth 10 Size 10485760 Mode ref, Ref Stage 9, run, end, 9198030258713735
1787078964.420668, NoOp Chain Depth 10 Size 10485760 Mode ref, pipeline - train, run, end, 77898583640438622300154268622508916424, 1787078964.420292, 84, 1, 9198030258727687
1787078964.420700, NoOp Chain Depth 10 Size 10485760 Mode ref, pipeline - train, run, start, 135539837246353436327520702916727587766, 1787078964.420691, 85, 1, 9198030258759255
1787078964.420721, NoOp Chain Depth 10 Size 10485760 Mode ref, Ref Stage 0, run, start, 9198030258780119
1787078964.420741, NoOp Chain Depth 10 Size 10485760 Mode ref, Ref Stage 0, run, end, 9198030258799895
1787078964.420757, NoOp Chain Depth 10 Size 10485760 Mode ref, Ref Stage 1, run, start, 9198030258815815
1787078964.420776, NoOp Chain Depth 10 Size 10485760 Mode ref, Ref Stage 1, run, end, 9198030258835751
1787078964.420790, NoOp Chain Depth 10 Size 10485760 Mode ref, Ref Stage 2, run, start, 9198030258849831
1787078964.420811, NoOp Chain Depth 10 Size 10485760 Mode ref, Ref Stage 2, run, end, 9198030258871207
1787078964.420826, NoOp Chain Depth 10 Size 10485760 Mode ref, Ref Stage 3, run, start, 9198030258885015
1787078964.420845, NoOp Chain Depth 10 Size 10485760 Mode ref, Ref Stage 3, run, end, 9198030258904263
1787078964.420859, NoOp Chain Depth 10 Size 10485760 Mode ref, Ref Stage 4, run, start, 9198030258918055
1787078964.420878, NoOp Chain Depth 10 Size 10485760 Mode ref, Ref Stage 4, run, end, 9198030258937367
1787078964.420892, NoOp Chain Depth 10 Size 10485760 Mode ref, Ref Stage 5, run, start, 9198030258951127
1787078964.420915, NoOp Chain Depth 10 Size 10485760 Mode ref, Ref Stage 5, run, end, 9198030258974631
1787078964.420929, NoOp Chain Depth 10 Size 10485760 Mode ref, Ref Stage 6, run, start, 9198030258988695
1787078964.420952, NoOp Chain Depth 10 Size 10485760 Mode ref, Ref Stage 6, run, end, 9198030259010935
1787078964.420966, NoOp Chain Depth 10 Size 10485760 Mode ref, Ref Stage 7, run, start, 9198030259025335
1787078964.420985, NoOp Chain Depth 10 Size 10485760 Mode ref, Ref Stage 7, run, end, 9198030259044647
1787078964.421000, NoOp Chain Depth 10 Size 10485760 Mode ref, Ref Stage 8, run, start, 9198030259058695
1787078964.421019, NoOp Chain Depth 10 Size 10485760 Mode ref, Ref Stage 8, run, end, 9198030259078231
1787078964.421033, NoOp Chain Depth 10 Size 10485760 Mode ref, Ref Stage 9, run, start, 9198030259092327
1787078964.421052, NoOp Chain Depth 10 Size 10485760 Mode ref, Ref Stage 9, run, end, 9198030259111239
1787078964.421066, NoOp Chain Depth 10 Size 10485760 Mode ref, pipeline - train, run, end, 135539837246353436327520702916727587766, 1787078964.420691, 85, 1, 9198030259124983
1787078964.421097, NoOp Chain Depth 10 Size 10485760 Mode ref, pipeline - train, run, start, 260337087649944401643306135041380337877, 1787078964.421088, 86, 1, 9198030259156295
1787078964.421118, NoOp Chain Depth 10 Size 10485760 Mode ref, Ref Stage 0, run, start, 9198030259177575
1787078964.421139, NoOp Chain Depth 10 Size 10485760 Mode ref, Ref Stage 0, run, end, 9198030259198551
1787078964.421151, NoOp Chain Depth 10 Size 10485760 Mode ref, Ref Stage 1, run, start, 9198030259209959
1787078964.421181, NoOp Chain Depth 10 Size 10485760 Mode ref, Ref Stage 1, run, end, 9198030259240775
1787078964.421196, NoOp Chain Depth 10 Size 10485760 Mode ref, Ref Stage 2, run, start, 9198030259254983
1787078964.421215, NoOp Chain Depth 10 Size 10485760 Mode ref, Ref Stage 2, run, end, 9198030259274471
1787078964.421229, NoOp Chain Depth 10 Size 10485760 Mode ref, Ref Stage 3, run, start, 9198030259288455
1787078964.421249, NoOp Chain Depth 10 Size 10485760 Mode ref, Ref Stage 3, run, end, 9198030259307991
1787078964.421263, NoOp Chain Depth 10 Size 10485760 Mode ref, Ref Stage 4, run, start, 9198030259322151
1787078964.421282, NoOp Chain Depth 10 Size 10485760 Mode ref, Ref Stage 4, run, end, 9198030259341559
1787078964.421296, NoOp Chain Depth 10 Size 10485760 Mode ref, Ref Stage 5, run, start, 9198030259355511
1787078964.421316, NoOp Chain Depth 10 Size 10485760 Mode ref, Ref Stage 5, run, end, 9198030259374839
1787078964.421330, NoOp Chain Depth 10 Size 10485760 Mode ref, Ref Stage 6, run, start, 9198030259388679
1787078964.421349, NoOp Chain Depth 10 Size 10485760 Mode ref, Ref Stage 6, run, end, 9198030259407943
1787078964.421364, NoOp Chain Depth 10 Size 10485760 Mode ref, Ref Stage 7, run, start, 9198030259422871
1787078964.421383, NoOp Chain Depth 10 Size 10485760 Mode ref, Ref Stage 7, run, end, 9198030259442343
1787078964.421398, NoOp Chain Depth 10 Size 10485760 Mode ref, Ref Stage 8, run, start, 9198030259457303
1787078964.421418, NoOp Chain Depth 10 Size 10485760 Mode ref, Ref Stage 8, run, end, 9198030259476935
1787078964.421432, NoOp Chain Depth 10 Size 10485760 Mode ref, Ref Stage 9, run, start, 9198030259491639
1787078964.421451, NoOp Chain Depth 10 Size 10485760 Mode ref, Ref Stage 9, run, end, 9198030259510551
1787078964.421465, NoOp Chain Depth 10 Size 10485760 Mode ref, pipeline - train, run, end, 260337087649944401643306135041380337877, 1787078964.421088, 86, 1, 9198030259524183
1787078964.421497, NoOp Chain Depth 10 Size 10485760 Mode ref, pipeline - train, run, start, 278408971606749205158442531610127782812, 1787078964.421487, 87, 1, 9198030259556295
1787078964.421518, NoOp Chain Depth 10 Size 10485760 Mode ref, Ref Stage 0, run, start, 9198030259577207
1787078964.421540, NoOp Chain Depth 10 Size 10485760 Mode ref, Ref Stage 0, run, end, 9198030259598807
1787078964.421553, NoOp Chain Depth 10 Size 10485760 Mode ref, Ref Stage 1, run, start, 9198030259611879
1787078964.421584, NoOp Chain Depth 10 Size 10485760 Mode ref, Ref Stage 1, run, end, 9198030259643431
1787078964.421598, NoOp Chain Depth 10 Size 10485760 Mode ref, Ref Stage 2, run, start, 9198030259657671
1787078964.421618, NoOp Chain Depth 10 Size 10485760 Mode ref, Ref Stage 2, run, end, 9198030259677559
1787078964.421633, NoOp Chain Depth 10 Size 10485760 Mode ref, Ref Stage 3, run, start, 9198030259691911
1787078964.421652, NoOp Chain Depth 10 Size 10485760 Mode ref, Ref Stage 3, run, end, 9198030259711543
1787078964.421667, NoOp Chain Depth 10 Size 10485760 Mode ref, Ref Stage 4, run, start, 9198030259725703
1787078964.421686, NoOp Chain Depth 10 Size 10485760 Mode ref, Ref Stage 4, run, end, 9198030259745319
1787078964.421700, NoOp Chain Depth 10 Size 10485760 Mode ref, Ref Stage 5, run, start, 9198030259759399
1787078964.421720, NoOp Chain Depth 10 Size 10485760 Mode ref, Ref Stage 5, run, end, 9198030259779271
1787078964.421734, NoOp Chain Depth 10 Size 10485760 Mode ref, Ref Stage 6, run, start, 9198030259793175
1787078964.421754, NoOp Chain Depth 10 Size 10485760 Mode ref, Ref Stage 6, run, end, 9198030259813719
1787078964.421768, NoOp Chain Depth 10 Size 10485760 Mode ref, Ref Stage 7, run, start, 9198030259827671
1787078964.421788, NoOp Chain Depth 10 Size 10485760 Mode ref, Ref Stage 7, run, end, 9198030259847255
1787078964.421802, NoOp Chain Depth 10 Size 10485760 Mode ref, Ref Stage 8, run, start, 9198030259861432
1787078964.421823, NoOp Chain Depth 10 Size 10485760 Mode ref, Ref Stage 8, run, end, 9198030259881672
1787078964.421837, NoOp Chain Depth 10 Size 10485760 Mode ref, Ref Stage 9, run, start, 9198030259895816
1787078964.421856, NoOp Chain Depth 10 Size 10485760 Mode ref, Ref Stage 9, run, end, 9198030259915240
1787078964.421870, NoOp Chain Depth 10 Size 10485760 Mode ref, pipeline - train, run, end, 278408971606749205158442531610127782812, 1787078964.421487, 87, 1, 9198030259929576
1787078964.421929, NoOp Chain Depth 10 Size 10485760 Mode ref, pipeline - train, run, start, 256245892866007154697611734249925851093, 1787078964.421894, 88, 1, 9198030259989112
1787078964.421954, NoOp Chain Depth 10 Size 10485760 Mode ref, Ref Stage 0, run, start, 9198030260013640
1787078964.421976, NoOp Chain Depth 10 Size 10485760 Mode ref, Ref Stage 0, run, end, 9198030260035544
1787078964.422361, NoOp Chain Depth 10 Size 10485760 Mode ref, Ref Stage 1, run, start, 9198030260420840
1787078964.422501, NoOp Chain Depth 10 Size 10485760 Mode ref, Ref Stage 1, run, end, 9198030260560584
1787078964.422516, NoOp Chain Depth 10 Size 10485760 Mode ref, Ref Stage 2, run, start, 9198030260575496
1787078964.422536, NoOp Chain Depth 10 Size 10485760 Mode ref, Ref Stage 2, run, end, 9198030260595384
1787078964.422550, NoOp Chain Depth 10 Size 10485760 Mode ref, Ref Stage 3, run, start, 9198030260609576
1787078964.422571, NoOp Chain Depth 10 Size 10485760 Mode ref, Ref Stage 3, run, end, 9198030260630408
1787078964.422583, NoOp Chain Depth 10 Size 10485760 Mode ref, Ref Stage 4, run, start, 9198030260641816
1787078964.422612, NoOp Chain Depth 10 Size 10485760 Mode ref, Ref Stage 4, run, end, 9198030260670808
1787078964.422626, NoOp Chain Depth 10 Size 10485760 Mode ref, Ref Stage 5, run, start, 9198030260684808
1787078964.422647, NoOp Chain Depth 10 Size 10485760 Mode ref, Ref Stage 5, run, end, 9198030260706280
1787078964.422661, NoOp Chain Depth 10 Size 10485760 Mode ref, Ref Stage 6, run, start, 9198030260720792
1787078964.422682, NoOp Chain Depth 10 Size 10485760 Mode ref, Ref Stage 6, run, end, 9198030260740872
1787078964.422696, NoOp Chain Depth 10 Size 10485760 Mode ref, Ref Stage 7, run, start, 9198030260755112
1787078964.422716, NoOp Chain Depth 10 Size 10485760 Mode ref, Ref Stage 7, run, end, 9198030260775528
1787078964.422731, NoOp Chain Depth 10 Size 10485760 Mode ref, Ref Stage 8, run, start, 9198030260789992
1787078964.422751, NoOp Chain Depth 10 Size 10485760 Mode ref, Ref Stage 8, run, end, 9198030260810072
1787078964.422765, NoOp Chain Depth 10 Size 10485760 Mode ref, Ref Stage 9, run, start, 9198030260824552
1787078964.422785, NoOp Chain Depth 10 Size 10485760 Mode ref, Ref Stage 9, run, end, 9198030260843992
1787078964.422799, NoOp Chain Depth 10 Size 10485760 Mode ref, pipeline - train, run, end, 256245892866007154697611734249925851093, 1787078964.421894, 88, 1, 9198030260858616
1787078964.422842, NoOp Chain Depth 10 Size 10485760 Mode ref, pipeline - train, run, start, 100990388306171731556305437596098871553, 1787078964.422823, 89, 1, 9198030260901624
1787078964.422867, NoOp Chain Depth 10 Size 10485760 Mode ref, Ref Stage 0, run, start, 9198030260926392
1787078964.422888, NoOp Chain Depth 10 Size 10485760 Mode ref, Ref Stage 0, run, end, 9198030260947512
1787078964.422902, NoOp Chain Depth 10 Size 10485760 Mode ref, Ref Stage 1, run, start, 9198030260961720
1787078964.422923, NoOp Chain Depth 10 Size 10485760 Mode ref, Ref Stage 1, run, end, 9198030260981960
1787078964.422937, NoOp Chain Depth 10 Size 10485760 Mode ref, Ref Stage 2, run, start, 9198030260996120
1787078964.422958, NoOp Chain Depth 10 Size 10485760 Mode ref, Ref Stage 2, run, end, 9198030261017688
1787078964.422973, NoOp Chain Depth 10 Size 10485760 Mode ref, Ref Stage 3, run, start, 9198030261032568
1787078964.422993, NoOp Chain Depth 10 Size 10485760 Mode ref, Ref Stage 3, run, end, 9198030261052408
1787078964.423007, NoOp Chain Depth 10 Size 10485760 Mode ref, Ref Stage 4, run, start, 9198030261066696
1787078964.423027, NoOp Chain Depth 10 Size 10485760 Mode ref, Ref Stage 4, run, end, 9198030261086232
1787078964.423041, NoOp Chain Depth 10 Size 10485760 Mode ref, Ref Stage 5, run, start, 9198030261100568
1787078964.423062, NoOp Chain Depth 10 Size 10485760 Mode ref, Ref Stage 5, run, end, 9198030261120600
1787078964.423077, NoOp Chain Depth 10 Size 10485760 Mode ref, Ref Stage 6, run, start, 9198030261135704
1787078964.423096, NoOp Chain Depth 10 Size 10485760 Mode ref, Ref Stage 6, run, end, 9198030261155400
1787078964.423110, NoOp Chain Depth 10 Size 10485760 Mode ref, Ref Stage 7, run, start, 9198030261169304
1787078964.423130, NoOp Chain Depth 10 Size 10485760 Mode ref, Ref Stage 7, run, end, 9198030261188808
1787078964.423144, NoOp Chain Depth 10 Size 10485760 Mode ref, Ref Stage 8, run, start, 9198030261203000
1787078964.423164, NoOp Chain Depth 10 Size 10485760 Mode ref, Ref Stage 8, run, end, 9198030261223080
1787078964.423178, NoOp Chain Depth 10 Size 10485760 Mode ref, Ref Stage 9, run, start, 9198030261237096
1787078964.423196, NoOp Chain Depth 10 Size 10485760 Mode ref, Ref Stage 9, run, end, 9198030261255753
1787078964.423210, NoOp Chain Depth 10 Size 10485760 Mode ref, pipeline - train, run, end, 100990388306171731556305437596098871553, 1787078964.422823, 89, 1, 9198030261269881
1787078964.423241, NoOp Chain Depth 10 Size 10485760 Mode ref, pipeline - train, run, start, 190627504969923020673184955607365631867, 1787078964.423233, 90, 1, 9198030261300649
1787078964.423265, NoOp Chain Depth 10 Size 10485760 Mode ref, Ref Stage 0, run, start, 9198030261323993
1787078964.423285, NoOp Chain Depth 10 Size 10485760 Mode ref, Ref Stage 0, run, end, 9198030261343881
1787078964.423299, NoOp Chain Depth 10 Size 10485760 Mode ref, Ref Stage 1, run, start, 9198030261357961
1787078964.423319, NoOp Chain Depth 10 Size 10485760 Mode ref, Ref Stage 1, run, end, 9198030261377641
1787078964.423336, NoOp Chain Depth 10 Size 10485760 Mode ref, Ref Stage 2, run, start, 9198030261394793
1787078964.423357, NoOp Chain Depth 10 Size 10485760 Mode ref, Ref Stage 2, run, end, 9198030261415753
1787078964.423372, NoOp Chain Depth 10 Size 10485760 Mode ref, Ref Stage 3, run, start, 9198030261430649
1787078964.423392, NoOp Chain Depth 10 Size 10485760 Mode ref, Ref Stage 3, run, end, 9198030261451513
1787078964.423404, NoOp Chain Depth 10 Size 10485760 Mode ref, Ref Stage 4, run, start, 9198030261462729
1787078964.423436, NoOp Chain Depth 10 Size 10485760 Mode ref, Ref Stage 4, run, end, 9198030261495641
1787078964.423448, NoOp Chain Depth 10 Size 10485760 Mode ref, Ref Stage 5, run, start, 9198030261506889
1787078964.423477, NoOp Chain Depth 10 Size 10485760 Mode ref, Ref Stage 5, run, end, 9198030261536697
1787078964.423491, NoOp Chain Depth 10 Size 10485760 Mode ref, Ref Stage 6, run, start, 9198030261550857
1787078964.423511, NoOp Chain Depth 10 Size 10485760 Mode ref, Ref Stage 6, run, end, 9198030261570553
1787078964.423525, NoOp Chain Depth 10 Size 10485760 Mode ref, Ref Stage 7, run, start, 9198030261584649
1787078964.423545, NoOp Chain Depth 10 Size 10485760 Mode ref, Ref Stage 7, run, end, 9198030261603913
1787078964.423559, NoOp Chain Depth 10 Size 10485760 Mode ref, Ref Stage 8, run, start, 9198030261617961
1787078964.423578, NoOp Chain Depth 10 Size 10485760 Mode ref, Ref Stage 8, run, end, 9198030261637353
1787078964.423592, NoOp Chain Depth 10 Size 10485760 Mode ref, Ref Stage 9, run, start, 9198030261651433
1787078964.423615, NoOp Chain Depth 10 Size 10485760 Mode ref, Ref Stage 9, run, end, 9198030261674185
1787078964.423630, NoOp Chain Depth 10 Size 10485760 Mode ref, pipeline - train, run, end, 190627504969923020673184955607365631867, 1787078964.423233, 90, 1, 9198030261688825
1787078964.423661, NoOp Chain Depth 10 Size 10485760 Mode ref, pipeline - train, run, start, 30090177310560083905140104643067759398, 1787078964.423652, 91, 1, 9198030261720665
1787078964.423683, NoOp Chain Depth 10 Size 10485760 Mode ref, Ref Stage 0, run, start, 9198030261742217
1787078964.423703, NoOp Chain Depth 10 Size 10485760 Mode ref, Ref Stage 0, run, end, 9198030261762121
1787078964.423717, NoOp Chain Depth 10 Size 10485760 Mode ref, Ref Stage 1, run, start, 9198030261776089
1787078964.423736, NoOp Chain Depth 10 Size 10485760 Mode ref, Ref Stage 1, run, end, 9198030261795465
1787078964.423750, NoOp Chain Depth 10 Size 10485760 Mode ref, Ref Stage 2, run, start, 9198030261809449
1787078964.423769, NoOp Chain Depth 10 Size 10485760 Mode ref, Ref Stage 2, run, end, 9198030261828233
1787078964.423784, NoOp Chain Depth 10 Size 10485760 Mode ref, Ref Stage 3, run, start, 9198030261842777
1787078964.423805, NoOp Chain Depth 10 Size 10485760 Mode ref, Ref Stage 3, run, end, 9198030261863593
1787078964.424295, NoOp Chain Depth 10 Size 10485760 Mode ref, Ref Stage 4, run, start, 9198030262355577
1787078964.424439, NoOp Chain Depth 10 Size 10485760 Mode ref, Ref Stage 4, run, end, 9198030262498553
1787078964.424454, NoOp Chain Depth 10 Size 10485760 Mode ref, Ref Stage 5, run, start, 9198030262513705
1787078964.424475, NoOp Chain Depth 10 Size 10485760 Mode ref, Ref Stage 5, run, end, 9198030262534281
1787078964.424489, NoOp Chain Depth 10 Size 10485760 Mode ref, Ref Stage 6, run, start, 9198030262548553
1787078964.424509, NoOp Chain Depth 10 Size 10485760 Mode ref, Ref Stage 6, run, end, 9198030262568425
1787078964.424523, NoOp Chain Depth 10 Size 10485760 Mode ref, Ref Stage 7, run, start, 9198030262582585
1787078964.424543, NoOp Chain Depth 10 Size 10485760 Mode ref, Ref Stage 7, run, end, 9198030262602105
1787078964.424557, NoOp Chain Depth 10 Size 10485760 Mode ref, Ref Stage 8, run, start, 9198030262616281
1787078964.424577, NoOp Chain Depth 10 Size 10485760 Mode ref, Ref Stage 8, run, end, 9198030262635737
1787078964.424591, NoOp Chain Depth 10 Size 10485760 Mode ref, Ref Stage 9, run, start, 9198030262650057
1787078964.424610, NoOp Chain Depth 10 Size 10485760 Mode ref, Ref Stage 9, run, end, 9198030262669162
1787078964.424626, NoOp Chain Depth 10 Size 10485760 Mode ref, pipeline - train, run, end, 30090177310560083905140104643067759398, 1787078964.423652, 91, 1, 9198030262685738
1787078964.424660, NoOp Chain Depth 10 Size 10485760 Mode ref, pipeline - train, run, start, 59335536753232201536619995095549474852, 1787078964.424650, 92, 1, 9198030262718970
1787078964.424681, NoOp Chain Depth 10 Size 10485760 Mode ref, Ref Stage 0, run, start, 9198030262740906
1787078964.424702, NoOp Chain Depth 10 Size 10485760 Mode ref, Ref Stage 0, run, end, 9198030262760826
1787078964.424716, NoOp Chain Depth 10 Size 10485760 Mode ref, Ref Stage 1, run, start, 9198030262775386
1787078964.424737, NoOp Chain Depth 10 Size 10485760 Mode ref, Ref Stage 1, run, end, 9198030262796570
1787078964.424749, NoOp Chain Depth 10 Size 10485760 Mode ref, Ref Stage 2, run, start, 9198030262808122
1787078964.424780, NoOp Chain Depth 10 Size 10485760 Mode ref, Ref Stage 2, run, end, 9198030262839610
1787078964.424793, NoOp Chain Depth 10 Size 10485760 Mode ref, Ref Stage 3, run, start, 9198030262851898
1787078964.424822, NoOp Chain Depth 10 Size 10485760 Mode ref, Ref Stage 3, run, end, 9198030262881482
1787078964.424837, NoOp Chain Depth 10 Size 10485760 Mode ref, Ref Stage 4, run, start, 9198030262896426
1787078964.424858, NoOp Chain Depth 10 Size 10485760 Mode ref, Ref Stage 4, run, end, 9198030262916730
1787078964.424872, NoOp Chain Depth 10 Size 10485760 Mode ref, Ref Stage 5, run, start, 9198030262931002
1787078964.424892, NoOp Chain Depth 10 Size 10485760 Mode ref, Ref Stage 5, run, end, 9198030262950762
1787078964.424906, NoOp Chain Depth 10 Size 10485760 Mode ref, Ref Stage 6, run, start, 9198030262964682
1787078964.424925, NoOp Chain Depth 10 Size 10485760 Mode ref, Ref Stage 6, run, end, 9198030262984330
1787078964.424939, NoOp Chain Depth 10 Size 10485760 Mode ref, Ref Stage 7, run, start, 9198030262998570
1787078964.424962, NoOp Chain Depth 10 Size 10485760 Mode ref, Ref Stage 7, run, end, 9198030263020842
1787078964.424976, NoOp Chain Depth 10 Size 10485760 Mode ref, Ref Stage 8, run, start, 9198030263034906
1787078964.424996, NoOp Chain Depth 10 Size 10485760 Mode ref, Ref Stage 8, run, end, 9198030263055450
1787078964.425012, NoOp Chain Depth 10 Size 10485760 Mode ref, Ref Stage 9, run, start, 9198030263070826
1787078964.425031, NoOp Chain Depth 10 Size 10485760 Mode ref, Ref Stage 9, run, end, 9198030263090730
1787078964.425045, NoOp Chain Depth 10 Size 10485760 Mode ref, pipeline - train, run, end, 59335536753232201536619995095549474852, 1787078964.424650, 92, 1, 9198030263104682
1787078964.425077, NoOp Chain Depth 10 Size 10485760 Mode ref, pipeline - train, run, start, 53345427852122806590149343552493152435, 1787078964.425068, 93, 1, 9198030263136074
1787078964.425098, NoOp Chain Depth 10 Size 10485760 Mode ref, Ref Stage 0, run, start, 9198030263157050
1787078964.425118, NoOp Chain Depth 10 Size 10485760 Mode ref, Ref Stage 0, run, end, 9198030263177178
1787078964.425132, NoOp Chain Depth 10 Size 10485760 Mode ref, Ref Stage 1, run, start, 9198030263191338
1787078964.425151, NoOp Chain Depth 10 Size 10485760 Mode ref, Ref Stage 1, run, end, 9198030263210202
1787078964.425642, NoOp Chain Depth 10 Size 10485760 Mode ref, Ref Stage 2, run, start, 9198030263702634
1787078964.425667, NoOp Chain Depth 10 Size 10485760 Mode ref, Ref Stage 2, run, end, 9198030263726314
1787078964.425682, NoOp Chain Depth 10 Size 10485760 Mode ref, Ref Stage 3, run, start, 9198030263741258
1787078964.425702, NoOp Chain Depth 10 Size 10485760 Mode ref, Ref Stage 3, run, end, 9198030263760906
1787078964.425716, NoOp Chain Depth 10 Size 10485760 Mode ref, Ref Stage 4, run, start, 9198030263775178
1787078964.425736, NoOp Chain Depth 10 Size 10485760 Mode ref, Ref Stage 4, run, end, 9198030263794746
1787078964.425750, NoOp Chain Depth 10 Size 10485760 Mode ref, Ref Stage 5, run, start, 9198030263809162
1787078964.425770, NoOp Chain Depth 10 Size 10485760 Mode ref, Ref Stage 5, run, end, 9198030263828986
1787078964.425785, NoOp Chain Depth 10 Size 10485760 Mode ref, Ref Stage 6, run, start, 9198030263844586
1787078964.425805, NoOp Chain Depth 10 Size 10485760 Mode ref, Ref Stage 6, run, end, 9198030263864314
1787078964.425819, NoOp Chain Depth 10 Size 10485760 Mode ref, Ref Stage 7, run, start, 9198030263878362
1787078964.425840, NoOp Chain Depth 10 Size 10485760 Mode ref, Ref Stage 7, run, end, 9198030263899322
1787078964.425852, NoOp Chain Depth 10 Size 10485760 Mode ref, Ref Stage 8, run, start, 9198030263910970
1787078964.425882, NoOp Chain Depth 10 Size 10485760 Mode ref, Ref Stage 8, run, end, 9198030263941242
1787078964.425897, NoOp Chain Depth 10 Size 10485760 Mode ref, Ref Stage 9, run, start, 9198030263956010
1787078964.425916, NoOp Chain Depth 10 Size 10485760 Mode ref, Ref Stage 9, run, end, 9198030263975450
1787078964.425931, NoOp Chain Depth 10 Size 10485760 Mode ref, pipeline - train, run, end, 53345427852122806590149343552493152435, 1787078964.425068, 93, 1, 9198030263990810
1787078964.425965, NoOp Chain Depth 10 Size 10485760 Mode ref, pipeline - train, run, start, 96545764255066703947072993326896857587, 1787078964.425955, 94, 1, 9198030264023834
1787078964.425987, NoOp Chain Depth 10 Size 10485760 Mode ref, Ref Stage 0, run, start, 9198030264046778
1787078964.426008, NoOp Chain Depth 10 Size 10485760 Mode ref, Ref Stage 0, run, end, 9198030264066922
1787078964.426022, NoOp Chain Depth 10 Size 10485760 Mode ref, Ref Stage 1, run, start, 9198030264081178
1787078964.426044, NoOp Chain Depth 10 Size 10485760 Mode ref, Ref Stage 1, run, end, 9198030264103210
1787078964.426055, NoOp Chain Depth 10 Size 10485760 Mode ref, Ref Stage 2, run, start, 9198030264114650
1787078964.426644, NoOp Chain Depth 10 Size 10485760 Mode ref, Ref Stage 2, run, end, 9198030264704379
1787078964.426660, NoOp Chain Depth 10 Size 10485760 Mode ref, Ref Stage 3, run, start, 9198030264719403
1787078964.426680, NoOp Chain Depth 10 Size 10485760 Mode ref, Ref Stage 3, run, end, 9198030264739563
1787078964.426695, NoOp Chain Depth 10 Size 10485760 Mode ref, Ref Stage 4, run, start, 9198030264753867
1787078964.426715, NoOp Chain Depth 10 Size 10485760 Mode ref, Ref Stage 4, run, end, 9198030264773867
1787078964.426729, NoOp Chain Depth 10 Size 10485760 Mode ref, Ref Stage 5, run, start, 9198030264788075
1787078964.426749, NoOp Chain Depth 10 Size 10485760 Mode ref, Ref Stage 5, run, end, 9198030264807659
1787078964.426763, NoOp Chain Depth 10 Size 10485760 Mode ref, Ref Stage 6, run, start, 9198030264821771
1787078964.426782, NoOp Chain Depth 10 Size 10485760 Mode ref, Ref Stage 6, run, end, 9198030264841227
1787078964.426796, NoOp Chain Depth 10 Size 10485760 Mode ref, Ref Stage 7, run, start, 9198030264855451
1787078964.426816, NoOp Chain Depth 10 Size 10485760 Mode ref, Ref Stage 7, run, end, 9198030264874603
1787078964.426829, NoOp Chain Depth 10 Size 10485760 Mode ref, Ref Stage 8, run, start, 9198030264888667
1787078964.426851, NoOp Chain Depth 10 Size 10485760 Mode ref, Ref Stage 8, run, end, 9198030264910155
1787078964.426862, NoOp Chain Depth 10 Size 10485760 Mode ref, Ref Stage 9, run, start, 9198030264921899
1787078964.426892, NoOp Chain Depth 10 Size 10485760 Mode ref, Ref Stage 9, run, end, 9198030264951019
1787078964.426906, NoOp Chain Depth 10 Size 10485760 Mode ref, pipeline - train, run, end, 96545764255066703947072993326896857587, 1787078964.425955, 94, 1, 9198030264965243
1787078964.426941, NoOp Chain Depth 10 Size 10485760 Mode ref, pipeline - train, run, start, 166148091819667519089125248116396787472, 1787078964.426932, 95, 1, 9198030265002379
1787078964.426965, NoOp Chain Depth 10 Size 10485760 Mode ref, Ref Stage 0, run, start, 9198030265024363
1787078964.426985, NoOp Chain Depth 10 Size 10485760 Mode ref, Ref Stage 0, run, end, 9198030265044299
1787078964.426999, NoOp Chain Depth 10 Size 10485760 Mode ref, Ref Stage 1, run, start, 9198030265058667
1787078964.427020, NoOp Chain Depth 10 Size 10485760 Mode ref, Ref Stage 1, run, end, 9198030265079451
1787078964.427035, NoOp Chain Depth 10 Size 10485760 Mode ref, Ref Stage 2, run, start, 9198030265093739
1787078964.427056, NoOp Chain Depth 10 Size 10485760 Mode ref, Ref Stage 2, run, end, 9198030265115355
1787078964.427070, NoOp Chain Depth 10 Size 10485760 Mode ref, Ref Stage 3, run, start, 9198030265129403
1787078964.427090, NoOp Chain Depth 10 Size 10485760 Mode ref, Ref Stage 3, run, end, 9198030265149019
1787078964.427105, NoOp Chain Depth 10 Size 10485760 Mode ref, Ref Stage 4, run, start, 9198030265164443
1787078964.427125, NoOp Chain Depth 10 Size 10485760 Mode ref, Ref Stage 4, run, end, 9198030265184683
1787078964.427139, NoOp Chain Depth 10 Size 10485760 Mode ref, Ref Stage 5, run, start, 9198030265198507
1787078964.427159, NoOp Chain Depth 10 Size 10485760 Mode ref, Ref Stage 5, run, end, 9198030265217643
1787078964.427172, NoOp Chain Depth 10 Size 10485760 Mode ref, Ref Stage 6, run, start, 9198030265231419
1787078964.427191, NoOp Chain Depth 10 Size 10485760 Mode ref, Ref Stage 6, run, end, 9198030265250619
1787078964.427206, NoOp Chain Depth 10 Size 10485760 Mode ref, Ref Stage 7, run, start, 9198030265264923
1787078964.427225, NoOp Chain Depth 10 Size 10485760 Mode ref, Ref Stage 7, run, end, 9198030265284427
1787078964.427239, NoOp Chain Depth 10 Size 10485760 Mode ref, Ref Stage 8, run, start, 9198030265298475
1787078964.427260, NoOp Chain Depth 10 Size 10485760 Mode ref, Ref Stage 8, run, end, 9198030265319547
1787078964.427272, NoOp Chain Depth 10 Size 10485760 Mode ref, Ref Stage 9, run, start, 9198030265330859
1787078964.427301, NoOp Chain Depth 10 Size 10485760 Mode ref, Ref Stage 9, run, end, 9198030265360667
1787078964.427315, NoOp Chain Depth 10 Size 10485760 Mode ref, pipeline - train, run, end, 166148091819667519089125248116396787472, 1787078964.426932, 95, 1, 9198030265374715
1787078964.427347, NoOp Chain Depth 10 Size 10485760 Mode ref, pipeline - train, run, start, 261841196897887201827237108192500580070, 1787078964.427338, 96, 1, 9198030265406507
1787078964.427368, NoOp Chain Depth 10 Size 10485760 Mode ref, Ref Stage 0, run, start, 9198030265427115
1787078964.427389, NoOp Chain Depth 10 Size 10485760 Mode ref, Ref Stage 0, run, end, 9198030265447963
1787078964.427403, NoOp Chain Depth 10 Size 10485760 Mode ref, Ref Stage 1, run, start, 9198030265462027
1787078964.427422, NoOp Chain Depth 10 Size 10485760 Mode ref, Ref Stage 1, run, end, 9198030265481515
1787078964.427436, NoOp Chain Depth 10 Size 10485760 Mode ref, Ref Stage 2, run, start, 9198030265495307
1787078964.427455, NoOp Chain Depth 10 Size 10485760 Mode ref, Ref Stage 2, run, end, 9198030265514427
1787078964.427469, NoOp Chain Depth 10 Size 10485760 Mode ref, Ref Stage 3, run, start, 9198030265528299
1787078964.427494, NoOp Chain Depth 10 Size 10485760 Mode ref, Ref Stage 3, run, end, 9198030265552763
1787078964.427509, NoOp Chain Depth 10 Size 10485760 Mode ref, Ref Stage 4, run, start, 9198030265567499
1787078964.427528, NoOp Chain Depth 10 Size 10485760 Mode ref, Ref Stage 4, run, end, 9198030265587131
1787078964.427542, NoOp Chain Depth 10 Size 10485760 Mode ref, Ref Stage 5, run, start, 9198030265601019
1787078964.427561, NoOp Chain Depth 10 Size 10485760 Mode ref, Ref Stage 5, run, end, 9198030265620108
1787078964.427575, NoOp Chain Depth 10 Size 10485760 Mode ref, Ref Stage 6, run, start, 9198030265633916
1787078964.427594, NoOp Chain Depth 10 Size 10485760 Mode ref, Ref Stage 6, run, end, 9198030265653260
1787078964.427608, NoOp Chain Depth 10 Size 10485760 Mode ref, Ref Stage 7, run, start, 9198030265667164
1787078964.427627, NoOp Chain Depth 10 Size 10485760 Mode ref, Ref Stage 7, run, end, 9198030265685900
1787078964.427641, NoOp Chain Depth 10 Size 10485760 Mode ref, Ref Stage 8, run, start, 9198030265699820
1787078964.427661, NoOp Chain Depth 10 Size 10485760 Mode ref, Ref Stage 8, run, end, 9198030265720156
1787078964.427676, NoOp Chain Depth 10 Size 10485760 Mode ref, Ref Stage 9, run, start, 9198030265735276
1787078964.430953, NoOp Chain Depth 10 Size 10485760 Mode ref, Ref Stage 9, run, end, 9198030269014126
1787078964.431833, NoOp Chain Depth 10 Size 10485760 Mode ref, pipeline - train, run, end, 261841196897887201827237108192500580070, 1787078964.427338, 96, 1, 9198030269892798
1787078964.431871, NoOp Chain Depth 10 Size 10485760 Mode ref, pipeline - train, run, start, 6368576636562060880635744005303479714, 1787078964.431861, 97, 1, 9198030269930958
1787078964.431895, NoOp Chain Depth 10 Size 10485760 Mode ref, Ref Stage 0, run, start, 9198030269954046
1787078964.431916, NoOp Chain Depth 10 Size 10485760 Mode ref, Ref Stage 0, run, end, 9198030269975230
1787078964.431931, NoOp Chain Depth 10 Size 10485760 Mode ref, Ref Stage 1, run, start, 9198030269990079
1787078964.431954, NoOp Chain Depth 10 Size 10485760 Mode ref, Ref Stage 1, run, end, 9198030270012863
1787078964.431969, NoOp Chain Depth 10 Size 10485760 Mode ref, Ref Stage 2, run, start, 9198030270028143
1787078964.431989, NoOp Chain Depth 10 Size 10485760 Mode ref, Ref Stage 2, run, end, 9198030270048367
1787078964.432003, NoOp Chain Depth 10 Size 10485760 Mode ref, Ref Stage 3, run, start, 9198030270062943
1787078964.432024, NoOp Chain Depth 10 Size 10485760 Mode ref, Ref Stage 3, run, end, 9198030270083135
1787078964.432038, NoOp Chain Depth 10 Size 10485760 Mode ref, Ref Stage 4, run, start, 9198030270097551
1787078964.432058, NoOp Chain Depth 10 Size 10485760 Mode ref, Ref Stage 4, run, end, 9198030270117455
1787078964.432073, NoOp Chain Depth 10 Size 10485760 Mode ref, Ref Stage 5, run, start, 9198030270132319
1787078964.432093, NoOp Chain Depth 10 Size 10485760 Mode ref, Ref Stage 5, run, end, 9198030270152175
1787078964.432107, NoOp Chain Depth 10 Size 10485760 Mode ref, Ref Stage 6, run, start, 9198030270166783
1787078964.432127, NoOp Chain Depth 10 Size 10485760 Mode ref, Ref Stage 6, run, end, 9198030270186495
1787078964.432142, NoOp Chain Depth 10 Size 10485760 Mode ref, Ref Stage 7, run, start, 9198030270201215
1787078964.432162, NoOp Chain Depth 10 Size 10485760 Mode ref, Ref Stage 7, run, end, 9198030270221311
1787078964.432176, NoOp Chain Depth 10 Size 10485760 Mode ref, Ref Stage 8, run, start, 9198030270235759
1787078964.432198, NoOp Chain Depth 10 Size 10485760 Mode ref, Ref Stage 8, run, end, 9198030270257631
1787078964.432210, NoOp Chain Depth 10 Size 10485760 Mode ref, Ref Stage 9, run, start, 9198030270269519
1787078964.432595, NoOp Chain Depth 10 Size 10485760 Mode ref, Ref Stage 9, run, end, 9198030270654271
1787078964.432610, NoOp Chain Depth 10 Size 10485760 Mode ref, pipeline - train, run, end, 6368576636562060880635744005303479714, 1787078964.431861, 97, 1, 9198030270669263
1787078964.432752, NoOp Chain Depth 10 Size 10485760 Mode ref, pipeline - train, run, start, 308038041227124068972301609405743905526, 1787078964.432742, 98, 1, 9198030270811647
1787078964.432774, NoOp Chain Depth 10 Size 10485760 Mode ref, Ref Stage 0, run, start, 9198030270833759
1787078964.432795, NoOp Chain Depth 10 Size 10485760 Mode ref, Ref Stage 0, run, end, 9198030270854047
1787078964.432809, NoOp Chain Depth 10 Size 10485760 Mode ref, Ref Stage 1, run, start, 9198030270868431
1787078964.432829, NoOp Chain Depth 10 Size 10485760 Mode ref, Ref Stage 1, run, end, 9198030270888095
1787078964.432844, NoOp Chain Depth 10 Size 10485760 Mode ref, Ref Stage 2, run, start, 9198030270903055
1787078964.432863, NoOp Chain Depth 10 Size 10485760 Mode ref, Ref Stage 2, run, end, 9198030270922191
1787078964.432877, NoOp Chain Depth 10 Size 10485760 Mode ref, Ref Stage 3, run, start, 9198030270936511
1787078964.432897, NoOp Chain Depth 10 Size 10485760 Mode ref, Ref Stage 3, run, end, 9198030270955727
1787078964.432911, NoOp Chain Depth 10 Size 10485760 Mode ref, Ref Stage 4, run, start, 9198030270969839
1787078964.432930, NoOp Chain Depth 10 Size 10485760 Mode ref, Ref Stage 4, run, end, 9198030270988959
1787078964.432946, NoOp Chain Depth 10 Size 10485760 Mode ref, Ref Stage 5, run, start, 9198030271004783
1787078964.432967, NoOp Chain Depth 10 Size 10485760 Mode ref, Ref Stage 5, run, end, 9198030271026431
1787078964.432978, NoOp Chain Depth 10 Size 10485760 Mode ref, Ref Stage 6, run, start, 9198030271037679
1787078964.433008, NoOp Chain Depth 10 Size 10485760 Mode ref, Ref Stage 6, run, end, 9198030271066735
1787078964.433023, NoOp Chain Depth 10 Size 10485760 Mode ref, Ref Stage 7, run, start, 9198030271082335
1787078964.433044, NoOp Chain Depth 10 Size 10485760 Mode ref, Ref Stage 7, run, end, 9198030271103295
1787078964.433055, NoOp Chain Depth 10 Size 10485760 Mode ref, Ref Stage 8, run, start, 9198030271114703
1787078964.433087, NoOp Chain Depth 10 Size 10485760 Mode ref, Ref Stage 8, run, end, 9198030271145903
1787078964.433098, NoOp Chain Depth 10 Size 10485760 Mode ref, Ref Stage 9, run, start, 9198030271157279
1787078964.433127, NoOp Chain Depth 10 Size 10485760 Mode ref, Ref Stage 9, run, end, 9198030271185807
1787078964.433141, NoOp Chain Depth 10 Size 10485760 Mode ref, pipeline - train, run, end, 308038041227124068972301609405743905526, 1787078964.432742, 98, 1, 9198030271199871
1787078964.433172, NoOp Chain Depth 10 Size 10485760 Mode ref, pipeline - train, run, start, 188241385205008361257774680674847478429, 1787078964.433162, 99, 1, 9198030271230751
1787078964.433192, NoOp Chain Depth 10 Size 10485760 Mode ref, Ref Stage 0, run, start, 9198030271251807
1787078964.433213, NoOp Chain Depth 10 Size 10485760 Mode ref, Ref Stage 0, run, end, 9198030271271535
1787078964.433227, NoOp Chain Depth 10 Size 10485760 Mode ref, Ref Stage 1, run, start, 9198030271285871
1787078964.433246, NoOp Chain Depth 10 Size 10485760 Mode ref, Ref Stage 1, run, end, 9198030271305615
1787078964.433260, NoOp Chain Depth 10 Size 10485760 Mode ref, Ref Stage 2, run, start, 9198030271319551
1787078964.433280, NoOp Chain Depth 10 Size 10485760 Mode ref, Ref Stage 2, run, end, 9198030271338863
1787078964.433294, NoOp Chain Depth 10 Size 10485760 Mode ref, Ref Stage 3, run, start, 9198030271352703
1787078964.433313, NoOp Chain Depth 10 Size 10485760 Mode ref, Ref Stage 3, run, end, 9198030271371871
1787078964.433327, NoOp Chain Depth 10 Size 10485760 Mode ref, Ref Stage 4, run, start, 9198030271386432
1787078964.433346, NoOp Chain Depth 10 Size 10485760 Mode ref, Ref Stage 4, run, end, 9198030271405232
1787078964.433361, NoOp Chain Depth 10 Size 10485760 Mode ref, Ref Stage 5, run, start, 9198030271419840
1787078964.433380, NoOp Chain Depth 10 Size 10485760 Mode ref, Ref Stage 5, run, end, 9198030271439136
1787078964.433964, NoOp Chain Depth 10 Size 10485760 Mode ref, Ref Stage 6, run, start, 9198030272023568
1787078964.433988, NoOp Chain Depth 10 Size 10485760 Mode ref, Ref Stage 6, run, end, 9198030272047664
1787078964.434003, NoOp Chain Depth 10 Size 10485760 Mode ref, Ref Stage 7, run, start, 9198030272062288
1787078964.434023, NoOp Chain Depth 10 Size 10485760 Mode ref, Ref Stage 7, run, end, 9198030272082176
1787078964.434037, NoOp Chain Depth 10 Size 10485760 Mode ref, Ref Stage 8, run, start, 9198030272096512
1787078964.434059, NoOp Chain Depth 10 Size 10485760 Mode ref, Ref Stage 8, run, end, 9198030272117920
1787078964.434071, NoOp Chain Depth 10 Size 10485760 Mode ref, Ref Stage 9, run, start, 9198030272129616
1787078964.434101, NoOp Chain Depth 10 Size 10485760 Mode ref, Ref Stage 9, run, end, 9198030272159984
1787078964.434113, NoOp Chain Depth 10 Size 10485760 Mode ref, pipeline - train, run, end, 188241385205008361257774680674847478429, 1787078964.433162, 99, 1, 9198030272171984
1787078964.434155, NoOp Chain Depth 10 Size 10485760 Mode ref, pipeline - train, run, start, 286389867816843543691390132158848500120, 1787078964.434145, 100, 1, 9198030272214224
1787078964.434176, NoOp Chain Depth 10 Size 10485760 Mode ref, Ref Stage 0, run, start, 9198030272235680
1787078964.434197, NoOp Chain Depth 10 Size 10485760 Mode ref, Ref Stage 0, run, end, 9198030272255888
1787078964.434211, NoOp Chain Depth 10 Size 10485760 Mode ref, Ref Stage 1, run, start, 9198030272270512
1787078964.434231, NoOp Chain Depth 10 Size 10485760 Mode ref, Ref Stage 1, run, end, 9198030272290368
1787078964.434246, NoOp Chain Depth 10 Size 10485760 Mode ref, Ref Stage 2, run, start, 9198030272305264
1787078964.434266, NoOp Chain Depth 10 Size 10485760 Mode ref, Ref Stage 2, run, end, 9198030272324944
1787078964.434282, NoOp Chain Depth 10 Size 10485760 Mode ref, Ref Stage 3, run, start, 9198030272341296
1787078964.434302, NoOp Chain Depth 10 Size 10485760 Mode ref, Ref Stage 3, run, end, 9198030272361040
1787078964.434316, NoOp Chain Depth 10 Size 10485760 Mode ref, Ref Stage 4, run, start, 9198030272375152
1787078964.434336, NoOp Chain Depth 10 Size 10485760 Mode ref, Ref Stage 4, run, end, 9198030272394880
1787078964.434350, NoOp Chain Depth 10 Size 10485760 Mode ref, Ref Stage 5, run, start, 9198030272409712
1787078964.434372, NoOp Chain Depth 10 Size 10485760 Mode ref, Ref Stage 5, run, end, 9198030272431152
1787078964.434383, NoOp Chain Depth 10 Size 10485760 Mode ref, Ref Stage 6, run, start, 9198030272442512
1787078964.434414, NoOp Chain Depth 10 Size 10485760 Mode ref, Ref Stage 6, run, end, 9198030272472800
1787078964.434427, NoOp Chain Depth 10 Size 10485760 Mode ref, Ref Stage 7, run, start, 9198030272486528
1787078964.434447, NoOp Chain Depth 10 Size 10485760 Mode ref, Ref Stage 7, run, end, 9198030272506288
1787078964.434461, NoOp Chain Depth 10 Size 10485760 Mode ref, Ref Stage 8, run, start, 9198030272520528
1787078964.434481, NoOp Chain Depth 10 Size 10485760 Mode ref, Ref Stage 8, run, end, 9198030272539968
1787078964.434495, NoOp Chain Depth 10 Size 10485760 Mode ref, Ref Stage 9, run, start, 9198030272554464
1787078964.434516, NoOp Chain Depth 10 Size 10485760 Mode ref, Ref Stage 9, run, end, 9198030272575232
1787078964.434527, NoOp Chain Depth 10 Size 10485760 Mode ref, pipeline - train, run, end, 286389867816843543691390132158848500120, 1787078964.434145, 100, 1, 9198030272586416
1787078964.434592, NoOp Chain Depth 10 Size 10485760 Mode ref, pipeline - train, run, start, 168082286326367800953932787457422539097, 1787078964.434559, 101, 1, 9198030272651600
1787078964.434620, NoOp Chain Depth 10 Size 10485760 Mode ref, Ref Stage 0, run, start, 9198030272679584
1787078964.434641, NoOp Chain Depth 10 Size 10485760 Mode ref, Ref Stage 0, run, end, 9198030272700496
1787078964.434655, NoOp Chain Depth 10 Size 10485760 Mode ref, Ref Stage 1, run, start, 9198030272714752
1787078964.434676, NoOp Chain Depth 10 Size 10485760 Mode ref, Ref Stage 1, run, end, 9198030272735024
1787078964.434706, NoOp Chain Depth 10 Size 10485760 Mode ref, Ref Stage 2, run, start, 9198030272765424
1787078964.434727, NoOp Chain Depth 10 Size 10485760 Mode ref, Ref Stage 2, run, end, 9198030272786033
1787078964.434741, NoOp Chain Depth 10 Size 10485760 Mode ref, Ref Stage 3, run, start, 9198030272800049
1787078964.434761, NoOp Chain Depth 10 Size 10485760 Mode ref, Ref Stage 3, run, end, 9198030272819809
1787078964.434776, NoOp Chain Depth 10 Size 10485760 Mode ref, Ref Stage 4, run, start, 9198030272835137
1787078964.434795, NoOp Chain Depth 10 Size 10485760 Mode ref, Ref Stage 4, run, end, 9198030272854225
1787078964.434809, NoOp Chain Depth 10 Size 10485760 Mode ref, Ref Stage 5, run, start, 9198030272868449
1787078964.434831, NoOp Chain Depth 10 Size 10485760 Mode ref, Ref Stage 5, run, end, 9198030272890193
1787078964.434842, NoOp Chain Depth 10 Size 10485760 Mode ref, Ref Stage 6, run, start, 9198030272901617
1787078964.434872, NoOp Chain Depth 10 Size 10485760 Mode ref, Ref Stage 6, run, end, 9198030272931425
1787078964.434886, NoOp Chain Depth 10 Size 10485760 Mode ref, Ref Stage 7, run, start, 9198030272945361
1787078964.434906, NoOp Chain Depth 10 Size 10485760 Mode ref, Ref Stage 7, run, end, 9198030272965025
1787078964.434921, NoOp Chain Depth 10 Size 10485760 Mode ref, Ref Stage 8, run, start, 9198030272979921
1787078964.434942, NoOp Chain Depth 10 Size 10485760 Mode ref, Ref Stage 8, run, end, 9198030273004721
1787078964.434957, NoOp Chain Depth 10 Size 10485760 Mode ref, Ref Stage 9, run, start, 9198030273016529
1787078964.434989, NoOp Chain Depth 10 Size 10485760 Mode ref, Ref Stage 9, run, end, 9198030273048881
1787078964.435001, NoOp Chain Depth 10 Size 10485760 Mode ref, pipeline - train, run, end, 168082286326367800953932787457422539097, 1787078964.434559, 101, 1, 9198030273060705
