1787729859.361798, NoOp Chain Depth 64 Size 0 Mode ref, pipeline, prepare, start, 9848925200386534
1787729859.367439, NoOp Chain Depth 64 Size 0 Mode ref, pipeline, prepare, end, 9848925205506947
1787729859.367970, NoOp Chain Depth 64 Size 0 Mode ref, pipeline - train, run, start, 254841326776845413081897986552101249843, 1787729859.367865, 1, 1, 9848925206041955
1787729859.368095, NoOp Chain Depth 64 Size 0 Mode ref, Ref Stage 0, run, start, 9848925206159187
1787729859.368161, NoOp Chain Depth 64 Size 0 Mode ref, Ref Stage 0, run, end, 9848925206222178
1787729859.368196, NoOp Chain Depth 64 Size 0 Mode ref, Ref Stage 1, run, start, 9848925206260834
1787729859.368246, NoOp Chain Depth 64 Size 0 Mode ref, Ref Stage 1, run, end, 9848925206307202
1787729859.368274, NoOp Chain Depth 64 Size 0 Mode ref, Ref Stage 2, run, start, 9848925206335874
1787729859.368311, NoOp Chain Depth 64 Size 0 Mode ref, Ref Stage 2, run, end, 9848925206371202
1787729859.368336, NoOp Chain Depth 64 Size 0 Mode ref, Ref Stage 3, run, start, 9848925206398050
1787729859.368370, NoOp Chain Depth 64 Size 0 Mode ref, Ref Stage 3, run, end, 9848925206429858
1787729859.368394, NoOp Chain Depth 64 Size 0 Mode ref, Ref Stage 4, run, start, 9848925206455234
1787729859.368427, NoOp Chain Depth 64 Size 0 Mode ref, Ref Stage 4, run, end, 9848925206486930
1787729859.368455, NoOp Chain Depth 64 Size 0 Mode ref, Ref Stage 5, run, start, 9848925206516050
1787729859.368487, NoOp Chain Depth 64 Size 0 Mode ref, Ref Stage 5, run, end, 9848925206546274
1787729859.368510, NoOp Chain Depth 64 Size 0 Mode ref, Ref Stage 6, run, start, 9848925206571154
1787729859.368543, NoOp Chain Depth 64 Size 0 Mode ref, Ref Stage 6, run, end, 9848925206603010
1787729859.368567, NoOp Chain Depth 64 Size 0 Mode ref, Ref Stage 7, run, start, 9848925206627778
1787729859.368601, NoOp Chain Depth 64 Size 0 Mode ref, Ref Stage 7, run, end, 9848925206660482
1787729859.368624, NoOp Chain Depth 64 Size 0 Mode ref, Ref Stage 8, run, start, 9848925206684674
1787729859.368654, NoOp Chain Depth 64 Size 0 Mode ref, Ref Stage 8, run, end, 9848925206713794
1787729859.368676, NoOp Chain Depth 64 Size 0 Mode ref, Ref Stage 9, run, start, 9848925206737410
1787729859.368707, NoOp Chain Depth 64 Size 0 Mode ref, Ref Stage 9, run, end, 9848925206766802
1787729859.368729, NoOp Chain Depth 64 Size 0 Mode ref, Ref Stage 10, run, start, 9848925206789714
1787729859.368759, NoOp Chain Depth 64 Size 0 Mode ref, Ref Stage 10, run, end, 9848925206818706
1787729859.368782, NoOp Chain Depth 64 Size 0 Mode ref, Ref Stage 11, run, start, 9848925206842482
1787729859.368814, NoOp Chain Depth 64 Size 0 Mode ref, Ref Stage 11, run, end, 9848925206873186
1787729859.368836, NoOp Chain Depth 64 Size 0 Mode ref, Ref Stage 12, run, start, 9848925206896866
1787729859.368866, NoOp Chain Depth 64 Size 0 Mode ref, Ref Stage 12, run, end, 9848925206925282
1787729859.368889, NoOp Chain Depth 64 Size 0 Mode ref, Ref Stage 13, run, start, 9848925206950402
1787729859.368922, NoOp Chain Depth 64 Size 0 Mode ref, Ref Stage 13, run, end, 9848925206981282
1787729859.368953, NoOp Chain Depth 64 Size 0 Mode ref, Ref Stage 14, run, start, 9848925207014386
1787729859.369390, NoOp Chain Depth 64 Size 0 Mode ref, Ref Stage 14, run, end, 9848925207449538
1787729859.369407, NoOp Chain Depth 64 Size 0 Mode ref, Ref Stage 15, run, start, 9848925207466530
1787729859.369432, NoOp Chain Depth 64 Size 0 Mode ref, Ref Stage 15, run, end, 9848925207491506
1787729859.369448, NoOp Chain Depth 64 Size 0 Mode ref, Ref Stage 16, run, start, 9848925207508098
1787729859.369473, NoOp Chain Depth 64 Size 0 Mode ref, Ref Stage 16, run, end, 9848925207532290
1787729859.369489, NoOp Chain Depth 64 Size 0 Mode ref, Ref Stage 17, run, start, 9848925207548706
1787729859.369513, NoOp Chain Depth 64 Size 0 Mode ref, Ref Stage 17, run, end, 9848925207571922
1787729859.369528, NoOp Chain Depth 64 Size 0 Mode ref, Ref Stage 18, run, start, 9848925207587906
1787729859.369551, NoOp Chain Depth 64 Size 0 Mode ref, Ref Stage 18, run, end, 9848925207610594
1787729859.369567, NoOp Chain Depth 64 Size 0 Mode ref, Ref Stage 19, run, start, 9848925207626594
1787729859.369594, NoOp Chain Depth 64 Size 0 Mode ref, Ref Stage 19, run, end, 9848925207653890
1787729859.369610, NoOp Chain Depth 64 Size 0 Mode ref, Ref Stage 20, run, start, 9848925207669826
1787729859.369633, NoOp Chain Depth 64 Size 0 Mode ref, Ref Stage 20, run, end, 9848925207692690
1787729859.369649, NoOp Chain Depth 64 Size 0 Mode ref, Ref Stage 21, run, start, 9848925207708786
1787729859.369673, NoOp Chain Depth 64 Size 0 Mode ref, Ref Stage 21, run, end, 9848925207731714
1787729859.369688, NoOp Chain Depth 64 Size 0 Mode ref, Ref Stage 22, run, start, 9848925207747698
1787729859.369711, NoOp Chain Depth 64 Size 0 Mode ref, Ref Stage 22, run, end, 9848925207770482
1787729859.369727, NoOp Chain Depth 64 Size 0 Mode ref, Ref Stage 23, run, start, 9848925207786386
1787729859.369750, NoOp Chain Depth 64 Size 0 Mode ref, Ref Stage 23, run, end, 9848925207809074
1787729859.369766, NoOp Chain Depth 64 Size 0 Mode ref, Ref Stage 24, run, start, 9848925207825122
1787729859.369788, NoOp Chain Depth 64 Size 0 Mode ref, Ref Stage 24, run, end, 9848925207847842
1787729859.369804, NoOp Chain Depth 64 Size 0 Mode ref, Ref Stage 25, run, start, 9848925207863474
1787729859.369827, NoOp Chain Depth 64 Size 0 Mode ref, Ref Stage 25, run, end, 9848925207886306
1787729859.369843, NoOp Chain Depth 64 Size 0 Mode ref, Ref Stage 26, run, start, 9848925207902322
1787729859.369867, NoOp Chain Depth 64 Size 0 Mode ref, Ref Stage 26, run, end, 9848925207926450
1787729859.369883, NoOp Chain Depth 64 Size 0 Mode ref, Ref Stage 27, run, start, 9848925207942306
1787729859.369905, NoOp Chain Depth 64 Size 0 Mode ref, Ref Stage 27, run, end, 9848925207964770
1787729859.369921, NoOp Chain Depth 64 Size 0 Mode ref, Ref Stage 28, run, start, 9848925207980562
1787729859.369947, NoOp Chain Depth 64 Size 0 Mode ref, Ref Stage 28, run, end, 9848925208006290
1787729859.369964, NoOp Chain Depth 64 Size 0 Mode ref, Ref Stage 29, run, start, 9848925208023266
1787729859.369987, NoOp Chain Depth 64 Size 0 Mode ref, Ref Stage 29, run, end, 9848925208046082
1787729859.370003, NoOp Chain Depth 64 Size 0 Mode ref, Ref Stage 30, run, start, 9848925208061777
1787729859.370026, NoOp Chain Depth 64 Size 0 Mode ref, Ref Stage 30, run, end, 9848925208085745
1787729859.370042, NoOp Chain Depth 64 Size 0 Mode ref, Ref Stage 31, run, start, 9848925208101601
1787729859.370065, NoOp Chain Depth 64 Size 0 Mode ref, Ref Stage 31, run, end, 9848925208124305
1787729859.370081, NoOp Chain Depth 64 Size 0 Mode ref, Ref Stage 32, run, start, 9848925208140097
1787729859.370106, NoOp Chain Depth 64 Size 0 Mode ref, Ref Stage 32, run, end, 9848925208165393
1787729859.370121, NoOp Chain Depth 64 Size 0 Mode ref, Ref Stage 33, run, start, 9848925208181009
1787729859.370144, NoOp Chain Depth 64 Size 0 Mode ref, Ref Stage 33, run, end, 9848925208203745
1787729859.370160, NoOp Chain Depth 64 Size 0 Mode ref, Ref Stage 34, run, start, 9848925208219601
1787729859.370183, NoOp Chain Depth 64 Size 0 Mode ref, Ref Stage 34, run, end, 9848925208242417
1787729859.370199, NoOp Chain Depth 64 Size 0 Mode ref, Ref Stage 35, run, start, 9848925208258321
1787729859.370222, NoOp Chain Depth 64 Size 0 Mode ref, Ref Stage 35, run, end, 9848925208281201
1787729859.370237, NoOp Chain Depth 64 Size 0 Mode ref, Ref Stage 36, run, start, 9848925208297073
1787729859.370260, NoOp Chain Depth 64 Size 0 Mode ref, Ref Stage 36, run, end, 9848925208319777
1787729859.370276, NoOp Chain Depth 64 Size 0 Mode ref, Ref Stage 37, run, start, 9848925208335425
1787729859.370300, NoOp Chain Depth 64 Size 0 Mode ref, Ref Stage 37, run, end, 9848925208359345
1787729859.370316, NoOp Chain Depth 64 Size 0 Mode ref, Ref Stage 38, run, start, 9848925208375393
1787729859.370338, NoOp Chain Depth 64 Size 0 Mode ref, Ref Stage 38, run, end, 9848925208397761
1787729859.370354, NoOp Chain Depth 64 Size 0 Mode ref, Ref Stage 39, run, start, 9848925208413793
1787729859.370377, NoOp Chain Depth 64 Size 0 Mode ref, Ref Stage 39, run, end, 9848925208436225
1787729859.370394, NoOp Chain Depth 64 Size 0 Mode ref, Ref Stage 40, run, start, 9848925208453025
1787729859.371125, NoOp Chain Depth 64 Size 0 Mode ref, Ref Stage 40, run, end, 9848925209184977
1787729859.371143, NoOp Chain Depth 64 Size 0 Mode ref, Ref Stage 41, run, start, 9848925209202353
1787729859.371166, NoOp Chain Depth 64 Size 0 Mode ref, Ref Stage 41, run, end, 9848925209225649
1787729859.371182, NoOp Chain Depth 64 Size 0 Mode ref, Ref Stage 42, run, start, 9848925209241633
1787729859.371205, NoOp Chain Depth 64 Size 0 Mode ref, Ref Stage 42, run, end, 9848925209264705
1787729859.371221, NoOp Chain Depth 64 Size 0 Mode ref, Ref Stage 43, run, start, 9848925209280257
1787729859.371244, NoOp Chain Depth 64 Size 0 Mode ref, Ref Stage 43, run, end, 9848925209303185
1787729859.371259, NoOp Chain Depth 64 Size 0 Mode ref, Ref Stage 44, run, start, 9848925209318833
1787729859.371282, NoOp Chain Depth 64 Size 0 Mode ref, Ref Stage 44, run, end, 9848925209342001
1787729859.371299, NoOp Chain Depth 64 Size 0 Mode ref, Ref Stage 45, run, start, 9848925209357825
1787729859.371321, NoOp Chain Depth 64 Size 0 Mode ref, Ref Stage 45, run, end, 9848925209380353
1787729859.371337, NoOp Chain Depth 64 Size 0 Mode ref, Ref Stage 46, run, start, 9848925209396689
1787729859.371360, NoOp Chain Depth 64 Size 0 Mode ref, Ref Stage 46, run, end, 9848925209419601
1787729859.371376, NoOp Chain Depth 64 Size 0 Mode ref, Ref Stage 47, run, start, 9848925209435681
1787729859.371400, NoOp Chain Depth 64 Size 0 Mode ref, Ref Stage 47, run, end, 9848925209459361
1787729859.371421, NoOp Chain Depth 64 Size 0 Mode ref, Ref Stage 48, run, start, 9848925209480593
1787729859.371444, NoOp Chain Depth 64 Size 0 Mode ref, Ref Stage 48, run, end, 9848925209503905
1787729859.371460, NoOp Chain Depth 64 Size 0 Mode ref, Ref Stage 49, run, start, 9848925209519729
1787729859.371483, NoOp Chain Depth 64 Size 0 Mode ref, Ref Stage 49, run, end, 9848925209542433
1787729859.371499, NoOp Chain Depth 64 Size 0 Mode ref, Ref Stage 50, run, start, 9848925209558177
1787729859.371521, NoOp Chain Depth 64 Size 0 Mode ref, Ref Stage 50, run, end, 9848925209580961
1787729859.371537, NoOp Chain Depth 64 Size 0 Mode ref, Ref Stage 51, run, start, 9848925209596865
1787729859.371560, NoOp Chain Depth 64 Size 0 Mode ref, Ref Stage 51, run, end, 9848925209619665
1787729859.371576, NoOp Chain Depth 64 Size 0 Mode ref, Ref Stage 52, run, start, 9848925209635505
1787729859.371599, NoOp Chain Depth 64 Size 0 Mode ref, Ref Stage 52, run, end, 9848925209658689
1787729859.371615, NoOp Chain Depth 64 Size 0 Mode ref, Ref Stage 53, run, start, 9848925209674593
1787729859.371638, NoOp Chain Depth 64 Size 0 Mode ref, Ref Stage 53, run, end, 9848925209697569
1787729859.371655, NoOp Chain Depth 64 Size 0 Mode ref, Ref Stage 54, run, start, 9848925209714129
1787729859.371677, NoOp Chain Depth 64 Size 0 Mode ref, Ref Stage 54, run, end, 9848925209736913
1787729859.371693, NoOp Chain Depth 64 Size 0 Mode ref, Ref Stage 55, run, start, 9848925209752929
1787729859.371716, NoOp Chain Depth 64 Size 0 Mode ref, Ref Stage 55, run, end, 9848925209775345
1787729859.371732, NoOp Chain Depth 64 Size 0 Mode ref, Ref Stage 56, run, start, 9848925209791233
1787729859.371754, NoOp Chain Depth 64 Size 0 Mode ref, Ref Stage 56, run, end, 9848925209813905
1787729859.371770, NoOp Chain Depth 64 Size 0 Mode ref, Ref Stage 57, run, start, 9848925209829761
1787729859.371793, NoOp Chain Depth 64 Size 0 Mode ref, Ref Stage 57, run, end, 9848925209852385
1787729859.371809, NoOp Chain Depth 64 Size 0 Mode ref, Ref Stage 58, run, start, 9848925209867905
1787729859.371832, NoOp Chain Depth 64 Size 0 Mode ref, Ref Stage 58, run, end, 9848925209891201
1787729859.371848, NoOp Chain Depth 64 Size 0 Mode ref, Ref Stage 59, run, start, 9848925209907217
1787729859.371870, NoOp Chain Depth 64 Size 0 Mode ref, Ref Stage 59, run, end, 9848925209929697
1787729859.371886, NoOp Chain Depth 64 Size 0 Mode ref, Ref Stage 60, run, start, 9848925209945361
1787729859.371909, NoOp Chain Depth 64 Size 0 Mode ref, Ref Stage 60, run, end, 9848925209967969
1787729859.371926, NoOp Chain Depth 64 Size 0 Mode ref, Ref Stage 61, run, start, 9848925209985473
1787729859.371953, NoOp Chain Depth 64 Size 0 Mode ref, Ref Stage 61, run, end, 9848925210012049
1787729859.373492, NoOp Chain Depth 64 Size 0 Mode ref, Ref Stage 62, run, start, 9848925211555712
1787729859.373556, NoOp Chain Depth 64 Size 0 Mode ref, Ref Stage 62, run, end, 9848925211617520
1787729859.373583, NoOp Chain Depth 64 Size 0 Mode ref, Ref Stage 63, run, start, 9848925211643840
1787729859.373611, NoOp Chain Depth 64 Size 0 Mode ref, Ref Stage 63, run, end, 9848925211670896
1787729859.373682, NoOp Chain Depth 64 Size 0 Mode ref, pipeline - train, run, end, 254841326776845413081897986552101249843, 1787729859.367865, 1, 1, 9848925211742224
1787729859.373760, NoOp Chain Depth 64 Size 0 Mode ref, pipeline - train, run, start, 73315535952212037853953752051766585845, 1787729859.373735, 2, 1, 9848925211819664
1787729859.373789, NoOp Chain Depth 64 Size 0 Mode ref, Ref Stage 0, run, start, 9848925211848864
1787729859.373814, NoOp Chain Depth 64 Size 0 Mode ref, Ref Stage 0, run, end, 9848925211873248
1787729859.373868, NoOp Chain Depth 64 Size 0 Mode ref, Ref Stage 1, run, start, 9848925211928384
1787729859.373903, NoOp Chain Depth 64 Size 0 Mode ref, Ref Stage 1, run, end, 9848925211962800
1787729859.373920, NoOp Chain Depth 64 Size 0 Mode ref, Ref Stage 2, run, start, 9848925211979936
1787729859.373946, NoOp Chain Depth 64 Size 0 Mode ref, Ref Stage 2, run, end, 9848925212005295
1787729859.374009, NoOp Chain Depth 64 Size 0 Mode ref, Ref Stage 3, run, start, 9848925212068863
1787729859.374033, NoOp Chain Depth 64 Size 0 Mode ref, Ref Stage 3, run, end, 9848925212092687
1787729859.374075, NoOp Chain Depth 64 Size 0 Mode ref, Ref Stage 4, run, start, 9848925212134143
1787729859.374098, NoOp Chain Depth 64 Size 0 Mode ref, Ref Stage 4, run, end, 9848925212157759
1787729859.374143, NoOp Chain Depth 64 Size 0 Mode ref, Ref Stage 5, run, start, 9848925212202767
1787729859.374177, NoOp Chain Depth 64 Size 0 Mode ref, Ref Stage 5, run, end, 9848925212236287
1787729859.374194, NoOp Chain Depth 64 Size 0 Mode ref, Ref Stage 6, run, start, 9848925212253071
1787729859.374217, NoOp Chain Depth 64 Size 0 Mode ref, Ref Stage 6, run, end, 9848925212276031
1787729859.374277, NoOp Chain Depth 64 Size 0 Mode ref, Ref Stage 7, run, start, 9848925212336671
1787729859.374301, NoOp Chain Depth 64 Size 0 Mode ref, Ref Stage 7, run, end, 9848925212360159
1787729859.374342, NoOp Chain Depth 64 Size 0 Mode ref, Ref Stage 8, run, start, 9848925212401279
1787729859.374365, NoOp Chain Depth 64 Size 0 Mode ref, Ref Stage 8, run, end, 9848925212424655
1787729859.374409, NoOp Chain Depth 64 Size 0 Mode ref, Ref Stage 9, run, start, 9848925212469215
1787729859.374443, NoOp Chain Depth 64 Size 0 Mode ref, Ref Stage 9, run, end, 9848925212502623
1787729859.374460, NoOp Chain Depth 64 Size 0 Mode ref, Ref Stage 10, run, start, 9848925212519071
1787729859.374483, NoOp Chain Depth 64 Size 0 Mode ref, Ref Stage 10, run, end, 9848925212542175
1787729859.376161, NoOp Chain Depth 64 Size 0 Mode ref, Ref Stage 11, run, start, 9848925214223806
1787729859.376213, NoOp Chain Depth 64 Size 0 Mode ref, Ref Stage 11, run, end, 9848925214273054
1787729859.376271, NoOp Chain Depth 64 Size 0 Mode ref, Ref Stage 12, run, start, 9848925214331598
1787729859.376299, NoOp Chain Depth 64 Size 0 Mode ref, Ref Stage 12, run, end, 9848925214358542
1787729859.376343, NoOp Chain Depth 64 Size 0 Mode ref, Ref Stage 13, run, start, 9848925214402318
1787729859.376367, NoOp Chain Depth 64 Size 0 Mode ref, Ref Stage 13, run, end, 9848925214426734
1787729859.376410, NoOp Chain Depth 64 Size 0 Mode ref, Ref Stage 14, run, start, 9848925214469150
1787729859.376434, NoOp Chain Depth 64 Size 0 Mode ref, Ref Stage 14, run, end, 9848925214493838
1787729859.376476, NoOp Chain Depth 64 Size 0 Mode ref, Ref Stage 15, run, start, 9848925214535662
1787729859.376500, NoOp Chain Depth 64 Size 0 Mode ref, Ref Stage 15, run, end, 9848925214559982
1787729859.376542, NoOp Chain Depth 64 Size 0 Mode ref, Ref Stage 16, run, start, 9848925214601790
1787729859.376570, NoOp Chain Depth 64 Size 0 Mode ref, Ref Stage 16, run, end, 9848925214629518
1787729859.376611, NoOp Chain Depth 64 Size 0 Mode ref, Ref Stage 17, run, start, 9848925214671166
1787729859.376636, NoOp Chain Depth 64 Size 0 Mode ref, Ref Stage 17, run, end, 9848925214695278
1787729859.376676, NoOp Chain Depth 64 Size 0 Mode ref, Ref Stage 18, run, start, 9848925214735886
1787729859.376700, NoOp Chain Depth 64 Size 0 Mode ref, Ref Stage 18, run, end, 9848925214759662
1787729859.376741, NoOp Chain Depth 64 Size 0 Mode ref, Ref Stage 19, run, start, 9848925214800494
1787729859.376765, NoOp Chain Depth 64 Size 0 Mode ref, Ref Stage 19, run, end, 9848925214824286
1787729859.376805, NoOp Chain Depth 64 Size 0 Mode ref, Ref Stage 20, run, start, 9848925214864478
1787729859.376829, NoOp Chain Depth 64 Size 0 Mode ref, Ref Stage 20, run, end, 9848925214888286
1787729859.376870, NoOp Chain Depth 64 Size 0 Mode ref, Ref Stage 21, run, start, 9848925214929310
1787729859.376894, NoOp Chain Depth 64 Size 0 Mode ref, Ref Stage 21, run, end, 9848925214952862
1787729859.376934, NoOp Chain Depth 64 Size 0 Mode ref, Ref Stage 22, run, start, 9848925214993534
1787729859.376969, NoOp Chain Depth 64 Size 0 Mode ref, Ref Stage 22, run, end, 9848925215028286
1787729859.377011, NoOp Chain Depth 64 Size 0 Mode ref, Ref Stage 23, run, start, 9848925215070574
1787729859.377035, NoOp Chain Depth 64 Size 0 Mode ref, Ref Stage 23, run, end, 9848925215094222
1787729859.377075, NoOp Chain Depth 64 Size 0 Mode ref, Ref Stage 24, run, start, 9848925215134510
1787729859.377099, NoOp Chain Depth 64 Size 0 Mode ref, Ref Stage 24, run, end, 9848925215158366
1787729859.377140, NoOp Chain Depth 64 Size 0 Mode ref, Ref Stage 25, run, start, 9848925215199134
1787729859.377163, NoOp Chain Depth 64 Size 0 Mode ref, Ref Stage 25, run, end, 9848925215222222
1787729859.377203, NoOp Chain Depth 64 Size 0 Mode ref, Ref Stage 26, run, start, 9848925215262142
1787729859.377226, NoOp Chain Depth 64 Size 0 Mode ref, Ref Stage 26, run, end, 9848925215285518
1787729859.377266, NoOp Chain Depth 64 Size 0 Mode ref, Ref Stage 27, run, start, 9848925215325838
1787729859.377290, NoOp Chain Depth 64 Size 0 Mode ref, Ref Stage 27, run, end, 9848925215348958
1787729859.377329, NoOp Chain Depth 64 Size 0 Mode ref, Ref Stage 28, run, start, 9848925215388622
1787729859.377352, NoOp Chain Depth 64 Size 0 Mode ref, Ref Stage 28, run, end, 9848925215411790
1787729859.377392, NoOp Chain Depth 64 Size 0 Mode ref, Ref Stage 29, run, start, 9848925215452046
1787729859.377416, NoOp Chain Depth 64 Size 0 Mode ref, Ref Stage 29, run, end, 9848925215475070
1787729859.377456, NoOp Chain Depth 64 Size 0 Mode ref, Ref Stage 30, run, start, 9848925215516062
1787729859.377479, NoOp Chain Depth 64 Size 0 Mode ref, Ref Stage 30, run, end, 9848925215539038
1787729859.377520, NoOp Chain Depth 64 Size 0 Mode ref, Ref Stage 31, run, start, 9848925215579502
1787729859.377543, NoOp Chain Depth 64 Size 0 Mode ref, Ref Stage 31, run, end, 9848925215602478
1787729859.377583, NoOp Chain Depth 64 Size 0 Mode ref, Ref Stage 32, run, start, 9848925215643022
1787729859.377607, NoOp Chain Depth 64 Size 0 Mode ref, Ref Stage 32, run, end, 9848925215666062
1787729859.377647, NoOp Chain Depth 64 Size 0 Mode ref, Ref Stage 33, run, start, 9848925215706638
1787729859.377670, NoOp Chain Depth 64 Size 0 Mode ref, Ref Stage 33, run, end, 9848925215729838
1787729859.377711, NoOp Chain Depth 64 Size 0 Mode ref, Ref Stage 34, run, start, 9848925215770894
1787729859.377734, NoOp Chain Depth 64 Size 0 Mode ref, Ref Stage 34, run, end, 9848925215793774
1787729859.377775, NoOp Chain Depth 64 Size 0 Mode ref, Ref Stage 35, run, start, 9848925215834734
1787729859.377799, NoOp Chain Depth 64 Size 0 Mode ref, Ref Stage 35, run, end, 9848925215858030
1787729859.377839, NoOp Chain Depth 64 Size 0 Mode ref, Ref Stage 36, run, start, 9848925215898526
1787729859.377862, NoOp Chain Depth 64 Size 0 Mode ref, Ref Stage 36, run, end, 9848925215921758
1787729859.377902, NoOp Chain Depth 64 Size 0 Mode ref, Ref Stage 37, run, start, 9848925215961917
1787729859.377928, NoOp Chain Depth 64 Size 0 Mode ref, Ref Stage 37, run, end, 9848925215987197
1787729859.377970, NoOp Chain Depth 64 Size 0 Mode ref, Ref Stage 38, run, start, 9848925216029677
1787729859.377995, NoOp Chain Depth 64 Size 0 Mode ref, Ref Stage 38, run, end, 9848925216054045
1787729859.378036, NoOp Chain Depth 64 Size 0 Mode ref, Ref Stage 39, run, start, 9848925216095053
1787729859.378059, NoOp Chain Depth 64 Size 0 Mode ref, Ref Stage 39, run, end, 9848925216118157
1787729859.378099, NoOp Chain Depth 64 Size 0 Mode ref, Ref Stage 40, run, start, 9848925216158925
1787729859.378123, NoOp Chain Depth 64 Size 0 Mode ref, Ref Stage 40, run, end, 9848925216182269
1787729859.378164, NoOp Chain Depth 64 Size 0 Mode ref, Ref Stage 41, run, start, 9848925216223437
1787729859.378187, NoOp Chain Depth 64 Size 0 Mode ref, Ref Stage 41, run, end, 9848925216246749
1787729859.378228, NoOp Chain Depth 64 Size 0 Mode ref, Ref Stage 42, run, start, 9848925216287357
1787729859.378251, NoOp Chain Depth 64 Size 0 Mode ref, Ref Stage 42, run, end, 9848925216310877
1787729859.378292, NoOp Chain Depth 64 Size 0 Mode ref, Ref Stage 43, run, start, 9848925216351629
1787729859.378315, NoOp Chain Depth 64 Size 0 Mode ref, Ref Stage 43, run, end, 9848925216374797
1787729859.378356, NoOp Chain Depth 64 Size 0 Mode ref, Ref Stage 44, run, start, 9848925216415149
1787729859.378379, NoOp Chain Depth 64 Size 0 Mode ref, Ref Stage 44, run, end, 9848925216438365
1787729859.378419, NoOp Chain Depth 64 Size 0 Mode ref, Ref Stage 45, run, start, 9848925216479117
1787729859.378443, NoOp Chain Depth 64 Size 0 Mode ref, Ref Stage 45, run, end, 9848925216502365
1787729859.378484, NoOp Chain Depth 64 Size 0 Mode ref, Ref Stage 46, run, start, 9848925216543389
1787729859.378507, NoOp Chain Depth 64 Size 0 Mode ref, Ref Stage 46, run, end, 9848925216566573
1787729859.378548, NoOp Chain Depth 64 Size 0 Mode ref, Ref Stage 47, run, start, 9848925216607373
1787729859.378571, NoOp Chain Depth 64 Size 0 Mode ref, Ref Stage 47, run, end, 9848925216630717
1787729859.378612, NoOp Chain Depth 64 Size 0 Mode ref, Ref Stage 48, run, start, 9848925216671597
1787729859.378635, NoOp Chain Depth 64 Size 0 Mode ref, Ref Stage 48, run, end, 9848925216694653
1787729859.378676, NoOp Chain Depth 64 Size 0 Mode ref, Ref Stage 49, run, start, 9848925216735181
1787729859.378699, NoOp Chain Depth 64 Size 0 Mode ref, Ref Stage 49, run, end, 9848925216758717
1787729859.378739, NoOp Chain Depth 64 Size 0 Mode ref, Ref Stage 50, run, start, 9848925216798605
1787729859.378762, NoOp Chain Depth 64 Size 0 Mode ref, Ref Stage 50, run, end, 9848925216821581
1787729859.378801, NoOp Chain Depth 64 Size 0 Mode ref, Ref Stage 51, run, start, 9848925216860813
1787729859.378824, NoOp Chain Depth 64 Size 0 Mode ref, Ref Stage 51, run, end, 9848925216884029
1787729859.378864, NoOp Chain Depth 64 Size 0 Mode ref, Ref Stage 52, run, start, 9848925216923789
1787729859.378887, NoOp Chain Depth 64 Size 0 Mode ref, Ref Stage 52, run, end, 9848925216947197
1787729859.378928, NoOp Chain Depth 64 Size 0 Mode ref, Ref Stage 53, run, start, 9848925216987421
1787729859.378953, NoOp Chain Depth 64 Size 0 Mode ref, Ref Stage 53, run, end, 9848925217012061
1787729859.378994, NoOp Chain Depth 64 Size 0 Mode ref, Ref Stage 54, run, start, 9848925217053597
1787729859.379017, NoOp Chain Depth 64 Size 0 Mode ref, Ref Stage 54, run, end, 9848925217077069
1787729859.379058, NoOp Chain Depth 64 Size 0 Mode ref, Ref Stage 55, run, start, 9848925217117789
1787729859.379082, NoOp Chain Depth 64 Size 0 Mode ref, Ref Stage 55, run, end, 9848925217141197
1787729859.379122, NoOp Chain Depth 64 Size 0 Mode ref, Ref Stage 56, run, start, 9848925217181789
1787729859.379145, NoOp Chain Depth 64 Size 0 Mode ref, Ref Stage 56, run, end, 9848925217204925
1787729859.379186, NoOp Chain Depth 64 Size 0 Mode ref, Ref Stage 57, run, start, 9848925217245933
1787729859.379210, NoOp Chain Depth 64 Size 0 Mode ref, Ref Stage 57, run, end, 9848925217269053
1787729859.379250, NoOp Chain Depth 64 Size 0 Mode ref, Ref Stage 58, run, start, 9848925217309741
1787729859.379276, NoOp Chain Depth 64 Size 0 Mode ref, Ref Stage 58, run, end, 9848925217335005
1787729859.379317, NoOp Chain Depth 64 Size 0 Mode ref, Ref Stage 59, run, start, 9848925217376349
1787729859.379340, NoOp Chain Depth 64 Size 0 Mode ref, Ref Stage 59, run, end, 9848925217399661
1787729859.379381, NoOp Chain Depth 64 Size 0 Mode ref, Ref Stage 60, run, start, 9848925217440525
1787729859.379404, NoOp Chain Depth 64 Size 0 Mode ref, Ref Stage 60, run, end, 9848925217463725
1787729859.379445, NoOp Chain Depth 64 Size 0 Mode ref, Ref Stage 61, run, start, 9848925217504061
1787729859.379470, NoOp Chain Depth 64 Size 0 Mode ref, Ref Stage 61, run, end, 9848925217529437
1787729859.379485, NoOp Chain Depth 64 Size 0 Mode ref, Ref Stage 62, run, start, 9848925217544893
1787729859.379548, NoOp Chain Depth 64 Size 0 Mode ref, Ref Stage 62, run, end, 9848925217607309
1787729859.379589, NoOp Chain Depth 64 Size 0 Mode ref, Ref Stage 63, run, start, 9848925217648989
1787729859.379613, NoOp Chain Depth 64 Size 0 Mode ref, Ref Stage 63, run, end, 9848925217672333
1787729859.379655, NoOp Chain Depth 64 Size 0 Mode ref, pipeline - train, run, end, 73315535952212037853953752051766585845, 1787729859.373735, 2, 1, 9848925217714765
1787729859.379723, NoOp Chain Depth 64 Size 0 Mode ref, pipeline - train, run, start, 51523379023601257332952928785132769559, 1787729859.379701, 3, 1, 9848925217782781
1787729859.379766, NoOp Chain Depth 64 Size 0 Mode ref, Ref Stage 0, run, start, 9848925217825276
1787729859.379800, NoOp Chain Depth 64 Size 0 Mode ref, Ref Stage 0, run, end, 9848925217859948
1787729859.379850, NoOp Chain Depth 64 Size 0 Mode ref, Ref Stage 1, run, start, 9848925217909612
1787729859.379884, NoOp Chain Depth 64 Size 0 Mode ref, Ref Stage 1, run, end, 9848925217943820
1787729859.379933, NoOp Chain Depth 64 Size 0 Mode ref, Ref Stage 2, run, start, 9848925217993036
1787729859.379970, NoOp Chain Depth 64 Size 0 Mode ref, Ref Stage 2, run, end, 9848925218029180
1787729859.380022, NoOp Chain Depth 64 Size 0 Mode ref, Ref Stage 3, run, start, 9848925218082028
1787729859.380056, NoOp Chain Depth 64 Size 0 Mode ref, Ref Stage 3, run, end, 9848925218115772
1787729859.380107, NoOp Chain Depth 64 Size 0 Mode ref, Ref Stage 4, run, start, 9848925218166700
1787729859.380140, NoOp Chain Depth 64 Size 0 Mode ref, Ref Stage 4, run, end, 9848925218199852
1787729859.380191, NoOp Chain Depth 64 Size 0 Mode ref, Ref Stage 5, run, start, 9848925218250780
1787729859.380224, NoOp Chain Depth 64 Size 0 Mode ref, Ref Stage 5, run, end, 9848925218284012
1787729859.380275, NoOp Chain Depth 64 Size 0 Mode ref, Ref Stage 6, run, start, 9848925218334140
1787729859.380308, NoOp Chain Depth 64 Size 0 Mode ref, Ref Stage 6, run, end, 9848925218367228
1787729859.380358, NoOp Chain Depth 64 Size 0 Mode ref, Ref Stage 7, run, start, 9848925218417516
1787729859.380392, NoOp Chain Depth 64 Size 0 Mode ref, Ref Stage 7, run, end, 9848925218451100
1787729859.380442, NoOp Chain Depth 64 Size 0 Mode ref, Ref Stage 8, run, start, 9848925218501660
1787729859.380475, NoOp Chain Depth 64 Size 0 Mode ref, Ref Stage 8, run, end, 9848925218534636
1787729859.380525, NoOp Chain Depth 64 Size 0 Mode ref, Ref Stage 9, run, start, 9848925218584956
1787729859.380558, NoOp Chain Depth 64 Size 0 Mode ref, Ref Stage 9, run, end, 9848925218618172
1787729859.380606, NoOp Chain Depth 64 Size 0 Mode ref, Ref Stage 10, run, start, 9848925218670764
1787729859.380921, NoOp Chain Depth 64 Size 0 Mode ref, Ref Stage 10, run, end, 9848925218983340
1787729859.380952, NoOp Chain Depth 64 Size 0 Mode ref, Ref Stage 11, run, start, 9848925219012572
1787729859.380983, NoOp Chain Depth 64 Size 0 Mode ref, Ref Stage 11, run, end, 9848925219042892
1787729859.381008, NoOp Chain Depth 64 Size 0 Mode ref, Ref Stage 12, run, start, 9848925219069244
1787729859.381043, NoOp Chain Depth 64 Size 0 Mode ref, Ref Stage 12, run, end, 9848925219103036
1787729859.381068, NoOp Chain Depth 64 Size 0 Mode ref, Ref Stage 13, run, start, 9848925219128540
1787729859.381119, NoOp Chain Depth 64 Size 0 Mode ref, Ref Stage 13, run, end, 9848925219178236
1787729859.381137, NoOp Chain Depth 64 Size 0 Mode ref, Ref Stage 14, run, start, 9848925219196668
1787729859.381162, NoOp Chain Depth 64 Size 0 Mode ref, Ref Stage 14, run, end, 9848925219221564
1787729859.381186, NoOp Chain Depth 64 Size 0 Mode ref, Ref Stage 15, run, start, 9848925219248380
1787729859.381223, NoOp Chain Depth 64 Size 0 Mode ref, Ref Stage 15, run, end, 9848925219282812
1787729859.381247, NoOp Chain Depth 64 Size 0 Mode ref, Ref Stage 16, run, start, 9848925219308092
1787729859.381277, NoOp Chain Depth 64 Size 0 Mode ref, Ref Stage 16, run, end, 9848925219337180
1787729859.381300, NoOp Chain Depth 64 Size 0 Mode ref, Ref Stage 17, run, start, 9848925219361564
1787729859.381332, NoOp Chain Depth 64 Size 0 Mode ref, Ref Stage 17, run, end, 9848925219391484
1787729859.381355, NoOp Chain Depth 64 Size 0 Mode ref, Ref Stage 18, run, start, 9848925219415596
1787729859.381389, NoOp Chain Depth 64 Size 0 Mode ref, Ref Stage 18, run, end, 9848925219449100
1787729859.381413, NoOp Chain Depth 64 Size 0 Mode ref, Ref Stage 19, run, start, 9848925219473852
1787729859.381444, NoOp Chain Depth 64 Size 0 Mode ref, Ref Stage 19, run, end, 9848925219503500
1787729859.381466, NoOp Chain Depth 64 Size 0 Mode ref, Ref Stage 20, run, start, 9848925219527436
1787729859.381498, NoOp Chain Depth 64 Size 0 Mode ref, Ref Stage 20, run, end, 9848925219557212
1787729859.381520, NoOp Chain Depth 64 Size 0 Mode ref, Ref Stage 21, run, start, 9848925219581228
1787729859.381551, NoOp Chain Depth 64 Size 0 Mode ref, Ref Stage 21, run, end, 9848925219610764
1787729859.381574, NoOp Chain Depth 64 Size 0 Mode ref, Ref Stage 22, run, start, 9848925219635052
1787729859.381604, NoOp Chain Depth 64 Size 0 Mode ref, Ref Stage 22, run, end, 9848925219663900
1787729859.381628, NoOp Chain Depth 64 Size 0 Mode ref, Ref Stage 23, run, start, 9848925219688588
1787729859.381657, NoOp Chain Depth 64 Size 0 Mode ref, Ref Stage 23, run, end, 9848925219716987
1787729859.381680, NoOp Chain Depth 64 Size 0 Mode ref, Ref Stage 24, run, start, 9848925219741403
1787729859.381711, NoOp Chain Depth 64 Size 0 Mode ref, Ref Stage 24, run, end, 9848925219770571
1787729859.381734, NoOp Chain Depth 64 Size 0 Mode ref, Ref Stage 25, run, start, 9848925219794731
1787729859.381765, NoOp Chain Depth 64 Size 0 Mode ref, Ref Stage 25, run, end, 9848925219824251
1787729859.381787, NoOp Chain Depth 64 Size 0 Mode ref, Ref Stage 26, run, start, 9848925219848123
1787729859.381817, NoOp Chain Depth 64 Size 0 Mode ref, Ref Stage 26, run, end, 9848925219877003
1787729859.381840, NoOp Chain Depth 64 Size 0 Mode ref, Ref Stage 27, run, start, 9848925219900923
1787729859.381870, NoOp Chain Depth 64 Size 0 Mode ref, Ref Stage 27, run, end, 9848925219929371
1787729859.381894, NoOp Chain Depth 64 Size 0 Mode ref, Ref Stage 28, run, start, 9848925219954907
1787729859.381926, NoOp Chain Depth 64 Size 0 Mode ref, Ref Stage 28, run, end, 9848925219985339
1787729859.381951, NoOp Chain Depth 64 Size 0 Mode ref, Ref Stage 29, run, start, 9848925220012219
1787729859.381984, NoOp Chain Depth 64 Size 0 Mode ref, Ref Stage 29, run, end, 9848925220043163
1787729859.382008, NoOp Chain Depth 64 Size 0 Mode ref, Ref Stage 30, run, start, 9848925220069259
1787729859.382038, NoOp Chain Depth 64 Size 0 Mode ref, Ref Stage 30, run, end, 9848925220097323
1787729859.382060, NoOp Chain Depth 64 Size 0 Mode ref, Ref Stage 31, run, start, 9848925220120123
1787729859.382089, NoOp Chain Depth 64 Size 0 Mode ref, Ref Stage 31, run, end, 9848925220148395
1787729859.382111, NoOp Chain Depth 64 Size 0 Mode ref, Ref Stage 32, run, start, 9848925220171659
1787729859.382142, NoOp Chain Depth 64 Size 0 Mode ref, Ref Stage 32, run, end, 9848925220201531
1787729859.382164, NoOp Chain Depth 64 Size 0 Mode ref, Ref Stage 33, run, start, 9848925220225867
1787729859.382195, NoOp Chain Depth 64 Size 0 Mode ref, Ref Stage 33, run, end, 9848925220254635
1787729859.382217, NoOp Chain Depth 64 Size 0 Mode ref, Ref Stage 34, run, start, 9848925220278683
1787729859.382760, NoOp Chain Depth 64 Size 0 Mode ref, Ref Stage 34, run, end, 9848925220820619
1787729859.382779, NoOp Chain Depth 64 Size 0 Mode ref, Ref Stage 35, run, start, 9848925220838619
1787729859.382802, NoOp Chain Depth 64 Size 0 Mode ref, Ref Stage 35, run, end, 9848925220861899
1787729859.382818, NoOp Chain Depth 64 Size 0 Mode ref, Ref Stage 36, run, start, 9848925220877883
1787729859.382841, NoOp Chain Depth 64 Size 0 Mode ref, Ref Stage 36, run, end, 9848925220900379
1787729859.382857, NoOp Chain Depth 64 Size 0 Mode ref, Ref Stage 37, run, start, 9848925220916075
1787729859.382879, NoOp Chain Depth 64 Size 0 Mode ref, Ref Stage 37, run, end, 9848925220938411
1787729859.382895, NoOp Chain Depth 64 Size 0 Mode ref, Ref Stage 38, run, start, 9848925220954043
1787729859.382917, NoOp Chain Depth 64 Size 0 Mode ref, Ref Stage 38, run, end, 9848925220976347
1787729859.383039, NoOp Chain Depth 64 Size 0 Mode ref, Ref Stage 39, run, start, 9848925221098347
1787729859.383063, NoOp Chain Depth 64 Size 0 Mode ref, Ref Stage 39, run, end, 9848925221122667
1787729859.383079, NoOp Chain Depth 64 Size 0 Mode ref, Ref Stage 40, run, start, 9848925221138891
1787729859.383102, NoOp Chain Depth 64 Size 0 Mode ref, Ref Stage 40, run, end, 9848925221161947
1787729859.383119, NoOp Chain Depth 64 Size 0 Mode ref, Ref Stage 41, run, start, 9848925221178107
1787729859.383141, NoOp Chain Depth 64 Size 0 Mode ref, Ref Stage 41, run, end, 9848925221200731
1787729859.383222, NoOp Chain Depth 64 Size 0 Mode ref, Ref Stage 42, run, start, 9848925221281771
1787729859.383246, NoOp Chain Depth 64 Size 0 Mode ref, Ref Stage 42, run, end, 9848925221305259
1787729859.383262, NoOp Chain Depth 64 Size 0 Mode ref, Ref Stage 43, run, start, 9848925221321147
1787729859.383285, NoOp Chain Depth 64 Size 0 Mode ref, Ref Stage 43, run, end, 9848925221344107
1787729859.383345, NoOp Chain Depth 64 Size 0 Mode ref, Ref Stage 44, run, start, 9848925221404955
1787729859.383369, NoOp Chain Depth 64 Size 0 Mode ref, Ref Stage 44, run, end, 9848925221428139
1787729859.383384, NoOp Chain Depth 64 Size 0 Mode ref, Ref Stage 45, run, start, 9848925221443947
1787729859.383407, NoOp Chain Depth 64 Size 0 Mode ref, Ref Stage 45, run, end, 9848925221466683
1787729859.383467, NoOp Chain Depth 64 Size 0 Mode ref, Ref Stage 46, run, start, 9848925221526299
1787729859.383490, NoOp Chain Depth 64 Size 0 Mode ref, Ref Stage 46, run, end, 9848925221549483
1787729859.383506, NoOp Chain Depth 64 Size 0 Mode ref, Ref Stage 47, run, start, 9848925221565531
1787729859.383528, NoOp Chain Depth 64 Size 0 Mode ref, Ref Stage 47, run, end, 9848925221587995
1787729859.383588, NoOp Chain Depth 64 Size 0 Mode ref, Ref Stage 48, run, start, 9848925221647659
1787729859.383611, NoOp Chain Depth 64 Size 0 Mode ref, Ref Stage 48, run, end, 9848925221670635
1787729859.383627, NoOp Chain Depth 64 Size 0 Mode ref, Ref Stage 49, run, start, 9848925221686363
1787729859.383650, NoOp Chain Depth 64 Size 0 Mode ref, Ref Stage 49, run, end, 9848925221709003
1787729859.383710, NoOp Chain Depth 64 Size 0 Mode ref, Ref Stage 50, run, start, 9848925221769562
1787729859.383733, NoOp Chain Depth 64 Size 0 Mode ref, Ref Stage 50, run, end, 9848925221792778
1787729859.383749, NoOp Chain Depth 64 Size 0 Mode ref, Ref Stage 51, run, start, 9848925221808970
1787729859.383772, NoOp Chain Depth 64 Size 0 Mode ref, Ref Stage 51, run, end, 9848925221831514
1787729859.383832, NoOp Chain Depth 64 Size 0 Mode ref, Ref Stage 52, run, start, 9848925221891210
1787729859.383855, NoOp Chain Depth 64 Size 0 Mode ref, Ref Stage 52, run, end, 9848925221913994
1787729859.383870, NoOp Chain Depth 64 Size 0 Mode ref, Ref Stage 53, run, start, 9848925221929722
1787729859.383893, NoOp Chain Depth 64 Size 0 Mode ref, Ref Stage 53, run, end, 9848925221952058
1787729859.383956, NoOp Chain Depth 64 Size 0 Mode ref, Ref Stage 54, run, start, 9848925222015274
1787729859.383980, NoOp Chain Depth 64 Size 0 Mode ref, Ref Stage 54, run, end, 9848925222039178
1787729859.383996, NoOp Chain Depth 64 Size 0 Mode ref, Ref Stage 55, run, start, 9848925222055082
1787729859.384022, NoOp Chain Depth 64 Size 0 Mode ref, Ref Stage 55, run, end, 9848925222081114
1787729859.384082, NoOp Chain Depth 64 Size 0 Mode ref, Ref Stage 56, run, start, 9848925222141530
1787729859.384105, NoOp Chain Depth 64 Size 0 Mode ref, Ref Stage 56, run, end, 9848925222164858
1787729859.384121, NoOp Chain Depth 64 Size 0 Mode ref, Ref Stage 57, run, start, 9848925222180746
1787729859.384144, NoOp Chain Depth 64 Size 0 Mode ref, Ref Stage 57, run, end, 9848925222203082
1787729859.384202, NoOp Chain Depth 64 Size 0 Mode ref, Ref Stage 58, run, start, 9848925222262202
1787729859.384226, NoOp Chain Depth 64 Size 0 Mode ref, Ref Stage 58, run, end, 9848925222285386
1787729859.384242, NoOp Chain Depth 64 Size 0 Mode ref, Ref Stage 59, run, start, 9848925222301274
1787729859.384264, NoOp Chain Depth 64 Size 0 Mode ref, Ref Stage 59, run, end, 9848925222323738
1787729859.384324, NoOp Chain Depth 64 Size 0 Mode ref, Ref Stage 60, run, start, 9848925222383722
1787729859.384347, NoOp Chain Depth 64 Size 0 Mode ref, Ref Stage 60, run, end, 9848925222406714
1787729859.384363, NoOp Chain Depth 64 Size 0 Mode ref, Ref Stage 61, run, start, 9848925222422538
1787729859.384388, NoOp Chain Depth 64 Size 0 Mode ref, Ref Stage 61, run, end, 9848925222447834
1787729859.384402, NoOp Chain Depth 64 Size 0 Mode ref, Ref Stage 62, run, start, 9848925222461114
1787729859.384482, NoOp Chain Depth 64 Size 0 Mode ref, Ref Stage 62, run, end, 9848925222541850
1787729859.384523, NoOp Chain Depth 64 Size 0 Mode ref, Ref Stage 63, run, start, 9848925222582330
1787729859.384546, NoOp Chain Depth 64 Size 0 Mode ref, Ref Stage 63, run, end, 9848925222605306
1787729859.384587, NoOp Chain Depth 64 Size 0 Mode ref, pipeline - train, run, end, 51523379023601257332952928785132769559, 1787729859.379701, 3, 1, 9848925222646218
1787729859.384652, NoOp Chain Depth 64 Size 0 Mode ref, pipeline - train, run, start, 154571886403563065829316133470314137691, 1787729859.384631, 4, 1, 9848925222711770
1787729859.384689, NoOp Chain Depth 64 Size 0 Mode ref, Ref Stage 0, run, start, 9848925222748954
1787729859.384713, NoOp Chain Depth 64 Size 0 Mode ref, Ref Stage 0, run, end, 9848925222772730
1787729859.384755, NoOp Chain Depth 64 Size 0 Mode ref, Ref Stage 1, run, start, 9848925222814346
1787729859.384778, NoOp Chain Depth 64 Size 0 Mode ref, Ref Stage 1, run, end, 9848925222837930
1787729859.384819, NoOp Chain Depth 64 Size 0 Mode ref, Ref Stage 2, run, start, 9848925222878458
1787729859.384842, NoOp Chain Depth 64 Size 0 Mode ref, Ref Stage 2, run, end, 9848925222901562
1787729859.384882, NoOp Chain Depth 64 Size 0 Mode ref, Ref Stage 3, run, start, 9848925222941306
1787729859.384905, NoOp Chain Depth 64 Size 0 Mode ref, Ref Stage 3, run, end, 9848925222964554
1787729859.384967, NoOp Chain Depth 64 Size 0 Mode ref, Ref Stage 4, run, start, 9848925223026490
1787729859.385003, NoOp Chain Depth 64 Size 0 Mode ref, Ref Stage 4, run, end, 9848925223062138
1787729859.385042, NoOp Chain Depth 64 Size 0 Mode ref, Ref Stage 5, run, start, 9848925223102042
1787729859.385076, NoOp Chain Depth 64 Size 0 Mode ref, Ref Stage 5, run, end, 9848925223135818
1787729859.385125, NoOp Chain Depth 64 Size 0 Mode ref, Ref Stage 6, run, start, 9848925223185098
1787729859.385159, NoOp Chain Depth 64 Size 0 Mode ref, Ref Stage 6, run, end, 9848925223218458
1787729859.385193, NoOp Chain Depth 64 Size 0 Mode ref, Ref Stage 7, run, start, 9848925223252602
1787729859.385246, NoOp Chain Depth 64 Size 0 Mode ref, Ref Stage 7, run, end, 9848925223305194
1787729859.385278, NoOp Chain Depth 64 Size 0 Mode ref, Ref Stage 8, run, start, 9848925223337802
1787729859.385331, NoOp Chain Depth 64 Size 0 Mode ref, Ref Stage 8, run, end, 9848925223390234
1787729859.385363, NoOp Chain Depth 64 Size 0 Mode ref, Ref Stage 9, run, start, 9848925223422714
1787729859.385416, NoOp Chain Depth 64 Size 0 Mode ref, Ref Stage 9, run, end, 9848925223475834
1787729859.385448, NoOp Chain Depth 64 Size 0 Mode ref, Ref Stage 10, run, start, 9848925223508010
1787729859.385491, NoOp Chain Depth 64 Size 0 Mode ref, Ref Stage 10, run, end, 9848925223551050
1787729859.385533, NoOp Chain Depth 64 Size 0 Mode ref, Ref Stage 11, run, start, 9848925223592185
1787729859.385556, NoOp Chain Depth 64 Size 0 Mode ref, Ref Stage 11, run, end, 9848925223615049
1787729859.385596, NoOp Chain Depth 64 Size 0 Mode ref, Ref Stage 12, run, start, 9848925223655561
1787729859.385619, NoOp Chain Depth 64 Size 0 Mode ref, Ref Stage 12, run, end, 9848925223678841
1787729859.385659, NoOp Chain Depth 64 Size 0 Mode ref, Ref Stage 13, run, start, 9848925223719001
1787729859.385683, NoOp Chain Depth 64 Size 0 Mode ref, Ref Stage 13, run, end, 9848925223742233
1787729859.385725, NoOp Chain Depth 64 Size 0 Mode ref, Ref Stage 14, run, start, 9848925223784281
1787729859.385758, NoOp Chain Depth 64 Size 0 Mode ref, Ref Stage 14, run, end, 9848925223817545
1787729859.385806, NoOp Chain Depth 64 Size 0 Mode ref, Ref Stage 15, run, start, 9848925223865897
1787729859.385840, NoOp Chain Depth 64 Size 0 Mode ref, Ref Stage 15, run, end, 9848925223899881
1787729859.385875, NoOp Chain Depth 64 Size 0 Mode ref, Ref Stage 16, run, start, 9848925223934761
1787729859.385928, NoOp Chain Depth 64 Size 0 Mode ref, Ref Stage 16, run, end, 9848925223987385
1787729859.385962, NoOp Chain Depth 64 Size 0 Mode ref, Ref Stage 17, run, start, 9848925224021289
1787729859.386004, NoOp Chain Depth 64 Size 0 Mode ref, Ref Stage 17, run, end, 9848925224063609
1787729859.386045, NoOp Chain Depth 64 Size 0 Mode ref, Ref Stage 18, run, start, 9848925224104777
1787729859.386069, NoOp Chain Depth 64 Size 0 Mode ref, Ref Stage 18, run, end, 9848925224127897
1787729859.386108, NoOp Chain Depth 64 Size 0 Mode ref, Ref Stage 19, run, start, 9848925224167705
1787729859.386131, NoOp Chain Depth 64 Size 0 Mode ref, Ref Stage 19, run, end, 9848925224190745
1787729859.386171, NoOp Chain Depth 64 Size 0 Mode ref, Ref Stage 20, run, start, 9848925224231001
1787729859.386194, NoOp Chain Depth 64 Size 0 Mode ref, Ref Stage 20, run, end, 9848925224253673
1787729859.386234, NoOp Chain Depth 64 Size 0 Mode ref, Ref Stage 21, run, start, 9848925224293193
1787729859.386256, NoOp Chain Depth 64 Size 0 Mode ref, Ref Stage 21, run, end, 9848925224315865
1787729859.386296, NoOp Chain Depth 64 Size 0 Mode ref, Ref Stage 22, run, start, 9848925224355577
1787729859.386319, NoOp Chain Depth 64 Size 0 Mode ref, Ref Stage 22, run, end, 9848925224378249
1787729859.386358, NoOp Chain Depth 64 Size 0 Mode ref, Ref Stage 23, run, start, 9848925224417929
1787729859.386381, NoOp Chain Depth 64 Size 0 Mode ref, Ref Stage 23, run, end, 9848925224440857
1787729859.386421, NoOp Chain Depth 64 Size 0 Mode ref, Ref Stage 24, run, start, 9848925224480425
1787729859.386444, NoOp Chain Depth 64 Size 0 Mode ref, Ref Stage 24, run, end, 9848925224502953
1787729859.386483, NoOp Chain Depth 64 Size 0 Mode ref, Ref Stage 25, run, start, 9848925224542793
1787729859.386506, NoOp Chain Depth 64 Size 0 Mode ref, Ref Stage 25, run, end, 9848925224565705
1787729859.388062, NoOp Chain Depth 64 Size 0 Mode ref, Ref Stage 26, run, start, 9848925226126520
1787729859.388121, NoOp Chain Depth 64 Size 0 Mode ref, Ref Stage 26, run, end, 9848925226181544
1787729859.388189, NoOp Chain Depth 64 Size 0 Mode ref, Ref Stage 27, run, start, 9848925226249432
1787729859.388216, NoOp Chain Depth 64 Size 0 Mode ref, Ref Stage 27, run, end, 9848925226276440
1787729859.388261, NoOp Chain Depth 64 Size 0 Mode ref, Ref Stage 28, run, start, 9848925226320312
1787729859.388285, NoOp Chain Depth 64 Size 0 Mode ref, Ref Stage 28, run, end, 9848925226344696
1787729859.388312, NoOp Chain Depth 64 Size 0 Mode ref, Ref Stage 29, run, start, 9848925226373912
1787729859.388352, NoOp Chain Depth 64 Size 0 Mode ref, Ref Stage 29, run, end, 9848925226412600
1787729859.388378, NoOp Chain Depth 64 Size 0 Mode ref, Ref Stage 30, run, start, 9848925226439912
1787729859.388412, NoOp Chain Depth 64 Size 0 Mode ref, Ref Stage 30, run, end, 9848925226471416
1787729859.388436, NoOp Chain Depth 64 Size 0 Mode ref, Ref Stage 31, run, start, 9848925226497144
1787729859.388556, NoOp Chain Depth 64 Size 0 Mode ref, Ref Stage 31, run, end, 9848925226615128
1787729859.388860, NoOp Chain Depth 64 Size 0 Mode ref, Ref Stage 32, run, start, 9848925226922088
1787729859.388896, NoOp Chain Depth 64 Size 0 Mode ref, Ref Stage 32, run, end, 9848925226956504
1787729859.388919, NoOp Chain Depth 64 Size 0 Mode ref, Ref Stage 33, run, start, 9848925226979448
1787729859.388952, NoOp Chain Depth 64 Size 0 Mode ref, Ref Stage 33, run, end, 9848925227011176
1787729859.388965, NoOp Chain Depth 64 Size 0 Mode ref, Ref Stage 34, run, start, 9848925227024648
1787729859.389056, NoOp Chain Depth 64 Size 0 Mode ref, Ref Stage 34, run, end, 9848925227116248
1787729859.389073, NoOp Chain Depth 64 Size 0 Mode ref, Ref Stage 35, run, start, 9848925227132440
1787729859.389096, NoOp Chain Depth 64 Size 0 Mode ref, Ref Stage 35, run, end, 9848925227155496
1787729859.389187, NoOp Chain Depth 64 Size 0 Mode ref, Ref Stage 36, run, start, 9848925227246872
1787729859.389211, NoOp Chain Depth 64 Size 0 Mode ref, Ref Stage 36, run, end, 9848925227270520
1787729859.389227, NoOp Chain Depth 64 Size 0 Mode ref, Ref Stage 37, run, start, 9848925227286472
1787729859.389250, NoOp Chain Depth 64 Size 0 Mode ref, Ref Stage 37, run, end, 9848925227309224
1787729859.389266, NoOp Chain Depth 64 Size 0 Mode ref, Ref Stage 38, run, start, 9848925227325288
1787729859.389290, NoOp Chain Depth 64 Size 0 Mode ref, Ref Stage 38, run, end, 9848925227349496
1787729859.389303, NoOp Chain Depth 64 Size 0 Mode ref, Ref Stage 39, run, start, 9848925227362328
1787729859.389430, NoOp Chain Depth 64 Size 0 Mode ref, Ref Stage 39, run, end, 9848925227488984
1787729859.389445, NoOp Chain Depth 64 Size 0 Mode ref, Ref Stage 40, run, start, 9848925227504984
1787729859.389468, NoOp Chain Depth 64 Size 0 Mode ref, Ref Stage 40, run, end, 9848925227527848
1787729859.389485, NoOp Chain Depth 64 Size 0 Mode ref, Ref Stage 41, run, start, 9848925227544567
1787729859.389509, NoOp Chain Depth 64 Size 0 Mode ref, Ref Stage 41, run, end, 9848925227568871
1787729859.389522, NoOp Chain Depth 64 Size 0 Mode ref, Ref Stage 42, run, start, 9848925227581719
1787729859.389556, NoOp Chain Depth 64 Size 0 Mode ref, Ref Stage 42, run, end, 9848925227615239
1787729859.389572, NoOp Chain Depth 64 Size 0 Mode ref, Ref Stage 43, run, start, 9848925227631879
1787729859.389596, NoOp Chain Depth 64 Size 0 Mode ref, Ref Stage 43, run, end, 9848925227655591
1787729859.389621, NoOp Chain Depth 64 Size 0 Mode ref, Ref Stage 44, run, start, 9848925227683623
1787729859.389659, NoOp Chain Depth 64 Size 0 Mode ref, Ref Stage 44, run, end, 9848925227719655
1787729859.389683, NoOp Chain Depth 64 Size 0 Mode ref, Ref Stage 45, run, start, 9848925227744439
1787729859.389715, NoOp Chain Depth 64 Size 0 Mode ref, Ref Stage 45, run, end, 9848925227774071
1787729859.389739, NoOp Chain Depth 64 Size 0 Mode ref, Ref Stage 46, run, start, 9848925227799319
1787729859.389770, NoOp Chain Depth 64 Size 0 Mode ref, Ref Stage 46, run, end, 9848925227830103
1787729859.389794, NoOp Chain Depth 64 Size 0 Mode ref, Ref Stage 47, run, start, 9848925227854231
1787729859.389824, NoOp Chain Depth 64 Size 0 Mode ref, Ref Stage 47, run, end, 9848925227883143
1787729859.389847, NoOp Chain Depth 64 Size 0 Mode ref, Ref Stage 48, run, start, 9848925227907783
1787729859.389878, NoOp Chain Depth 64 Size 0 Mode ref, Ref Stage 48, run, end, 9848925227937735
1787729859.389900, NoOp Chain Depth 64 Size 0 Mode ref, Ref Stage 49, run, start, 9848925227961671
1787729859.389931, NoOp Chain Depth 64 Size 0 Mode ref, Ref Stage 49, run, end, 9848925227990455
1787729859.389956, NoOp Chain Depth 64 Size 0 Mode ref, Ref Stage 50, run, start, 9848925228016871
1787729859.390767, NoOp Chain Depth 64 Size 0 Mode ref, Ref Stage 50, run, end, 9848925228828519
1787729859.390795, NoOp Chain Depth 64 Size 0 Mode ref, Ref Stage 51, run, start, 9848925228855607
1787729859.390826, NoOp Chain Depth 64 Size 0 Mode ref, Ref Stage 51, run, end, 9848925228885991
1787729859.390851, NoOp Chain Depth 64 Size 0 Mode ref, Ref Stage 52, run, start, 9848925228911735
1787729859.391122, NoOp Chain Depth 64 Size 0 Mode ref, Ref Stage 52, run, end, 9848925229183047
1787729859.391149, NoOp Chain Depth 64 Size 0 Mode ref, Ref Stage 53, run, start, 9848925229210871
1787729859.391181, NoOp Chain Depth 64 Size 0 Mode ref, Ref Stage 53, run, end, 9848925229241127
1787729859.391205, NoOp Chain Depth 64 Size 0 Mode ref, Ref Stage 54, run, start, 9848925229266055
1787729859.391237, NoOp Chain Depth 64 Size 0 Mode ref, Ref Stage 54, run, end, 9848925229297047
1787729859.391261, NoOp Chain Depth 64 Size 0 Mode ref, Ref Stage 55, run, start, 9848925229322039
1787729859.391291, NoOp Chain Depth 64 Size 0 Mode ref, Ref Stage 55, run, end, 9848925229350599
1787729859.391314, NoOp Chain Depth 64 Size 0 Mode ref, Ref Stage 56, run, start, 9848925229374615
1787729859.391345, NoOp Chain Depth 64 Size 0 Mode ref, Ref Stage 56, run, end, 9848925229404182
1787729859.391367, NoOp Chain Depth 64 Size 0 Mode ref, Ref Stage 57, run, start, 9848925229428246
1787729859.391397, NoOp Chain Depth 64 Size 0 Mode ref, Ref Stage 57, run, end, 9848925229456806
1787729859.391421, NoOp Chain Depth 64 Size 0 Mode ref, Ref Stage 58, run, start, 9848925229482294
1787729859.391454, NoOp Chain Depth 64 Size 0 Mode ref, Ref Stage 58, run, end, 9848925229513318
1787729859.391477, NoOp Chain Depth 64 Size 0 Mode ref, Ref Stage 59, run, start, 9848925229538038
1787729859.391509, NoOp Chain Depth 64 Size 0 Mode ref, Ref Stage 59, run, end, 9848925229568070
1787729859.391531, NoOp Chain Depth 64 Size 0 Mode ref, Ref Stage 60, run, start, 9848925229592182
1787729859.391563, NoOp Chain Depth 64 Size 0 Mode ref, Ref Stage 60, run, end, 9848925229622422
1787729859.391586, NoOp Chain Depth 64 Size 0 Mode ref, Ref Stage 61, run, start, 9848925229646486
1787729859.391616, NoOp Chain Depth 64 Size 0 Mode ref, Ref Stage 61, run, end, 9848925229675686
1787729859.391639, NoOp Chain Depth 64 Size 0 Mode ref, Ref Stage 62, run, start, 9848925229700230
1787729859.391671, NoOp Chain Depth 64 Size 0 Mode ref, Ref Stage 62, run, end, 9848925229730470
1787729859.391694, NoOp Chain Depth 64 Size 0 Mode ref, Ref Stage 63, run, start, 9848925229755622
1787729859.391724, NoOp Chain Depth 64 Size 0 Mode ref, Ref Stage 63, run, end, 9848925229783942
1787729859.391747, NoOp Chain Depth 64 Size 0 Mode ref, pipeline - train, run, end, 154571886403563065829316133470314137691, 1787729859.384631, 4, 1, 9848925229808278
1787729859.392691, NoOp Chain Depth 64 Size 0 Mode ref, pipeline - train, run, start, 97771952738058952107145078470234370864, 1787729859.392638, 5, 1, 9848925230753286
1787729859.392782, NoOp Chain Depth 64 Size 0 Mode ref, Ref Stage 0, run, start, 9848925230843510
1787729859.392815, NoOp Chain Depth 64 Size 0 Mode ref, Ref Stage 0, run, end, 9848925230875062
1787729859.392839, NoOp Chain Depth 64 Size 0 Mode ref, Ref Stage 1, run, start, 9848925230901014
1787729859.392872, NoOp Chain Depth 64 Size 0 Mode ref, Ref Stage 1, run, end, 9848925230931638
1787729859.392895, NoOp Chain Depth 64 Size 0 Mode ref, Ref Stage 2, run, start, 9848925230956582
1787729859.392928, NoOp Chain Depth 64 Size 0 Mode ref, Ref Stage 2, run, end, 9848925230988342
1787729859.392956, NoOp Chain Depth 64 Size 0 Mode ref, Ref Stage 3, run, start, 9848925231017238
1787729859.392988, NoOp Chain Depth 64 Size 0 Mode ref, Ref Stage 3, run, end, 9848925231048054
1787729859.393012, NoOp Chain Depth 64 Size 0 Mode ref, Ref Stage 4, run, start, 9848925231072342
1787729859.393043, NoOp Chain Depth 64 Size 0 Mode ref, Ref Stage 4, run, end, 9848925231102470
1787729859.393065, NoOp Chain Depth 64 Size 0 Mode ref, Ref Stage 5, run, start, 9848925231126598
1787729859.393096, NoOp Chain Depth 64 Size 0 Mode ref, Ref Stage 5, run, end, 9848925231156198
1787729859.393119, NoOp Chain Depth 64 Size 0 Mode ref, Ref Stage 6, run, start, 9848925231180454
1787729859.393152, NoOp Chain Depth 64 Size 0 Mode ref, Ref Stage 6, run, end, 9848925231211142
1787729859.393175, NoOp Chain Depth 64 Size 0 Mode ref, Ref Stage 7, run, start, 9848925231235718
1787729859.393418, NoOp Chain Depth 64 Size 0 Mode ref, Ref Stage 7, run, end, 9848925231477749
1787729859.393432, NoOp Chain Depth 64 Size 0 Mode ref, Ref Stage 8, run, start, 9848925231491269
1787729859.393465, NoOp Chain Depth 64 Size 0 Mode ref, Ref Stage 8, run, end, 9848925231524549
1787729859.393478, NoOp Chain Depth 64 Size 0 Mode ref, Ref Stage 9, run, start, 9848925231537237
1787729859.393509, NoOp Chain Depth 64 Size 0 Mode ref, Ref Stage 9, run, end, 9848925231568725
1787729859.393522, NoOp Chain Depth 64 Size 0 Mode ref, Ref Stage 10, run, start, 9848925231581429
1787729859.393555, NoOp Chain Depth 64 Size 0 Mode ref, Ref Stage 10, run, end, 9848925231614485
1787729859.393572, NoOp Chain Depth 64 Size 0 Mode ref, Ref Stage 11, run, start, 9848925231631365
1787729859.393594, NoOp Chain Depth 64 Size 0 Mode ref, Ref Stage 11, run, end, 9848925231653893
1787729859.393610, NoOp Chain Depth 64 Size 0 Mode ref, Ref Stage 12, run, start, 9848925231669701
1787729859.393633, NoOp Chain Depth 64 Size 0 Mode ref, Ref Stage 12, run, end, 9848925231692133
1787729859.393649, NoOp Chain Depth 64 Size 0 Mode ref, Ref Stage 13, run, start, 9848925231708005
1787729859.393673, NoOp Chain Depth 64 Size 0 Mode ref, Ref Stage 13, run, end, 9848925231732421
1787729859.393689, NoOp Chain Depth 64 Size 0 Mode ref, Ref Stage 14, run, start, 9848925231748453
1787729859.393719, NoOp Chain Depth 64 Size 0 Mode ref, Ref Stage 14, run, end, 9848925231779141
1787729859.393735, NoOp Chain Depth 64 Size 0 Mode ref, Ref Stage 15, run, start, 9848925231794917
1787729859.393759, NoOp Chain Depth 64 Size 0 Mode ref, Ref Stage 15, run, end, 9848925231818741
1787729859.393776, NoOp Chain Depth 64 Size 0 Mode ref, Ref Stage 16, run, start, 9848925231835253
1787729859.393798, NoOp Chain Depth 64 Size 0 Mode ref, Ref Stage 16, run, end, 9848925231857893
1787729859.393814, NoOp Chain Depth 64 Size 0 Mode ref, Ref Stage 17, run, start, 9848925231873397
1787729859.393836, NoOp Chain Depth 64 Size 0 Mode ref, Ref Stage 17, run, end, 9848925231895621
1787729859.393852, NoOp Chain Depth 64 Size 0 Mode ref, Ref Stage 18, run, start, 9848925231911653
1787729859.393874, NoOp Chain Depth 64 Size 0 Mode ref, Ref Stage 18, run, end, 9848925231933925
1787729859.393890, NoOp Chain Depth 64 Size 0 Mode ref, Ref Stage 19, run, start, 9848925231949669
1787729859.393913, NoOp Chain Depth 64 Size 0 Mode ref, Ref Stage 19, run, end, 9848925231972325
1787729859.393929, NoOp Chain Depth 64 Size 0 Mode ref, Ref Stage 20, run, start, 9848925231987861
1787729859.394308, NoOp Chain Depth 64 Size 0 Mode ref, Ref Stage 20, run, end, 9848925232366917
1787729859.394324, NoOp Chain Depth 64 Size 0 Mode ref, Ref Stage 21, run, start, 9848925232384037
1787729859.394347, NoOp Chain Depth 64 Size 0 Mode ref, Ref Stage 21, run, end, 9848925232406981
1787729859.394364, NoOp Chain Depth 64 Size 0 Mode ref, Ref Stage 22, run, start, 9848925232423269
1787729859.394387, NoOp Chain Depth 64 Size 0 Mode ref, Ref Stage 22, run, end, 9848925232445989
1787729859.394402, NoOp Chain Depth 64 Size 0 Mode ref, Ref Stage 23, run, start, 9848925232461749
1787729859.394425, NoOp Chain Depth 64 Size 0 Mode ref, Ref Stage 23, run, end, 9848925232484261
1787729859.394440, NoOp Chain Depth 64 Size 0 Mode ref, Ref Stage 24, run, start, 9848925232499813
1787729859.394462, NoOp Chain Depth 64 Size 0 Mode ref, Ref Stage 24, run, end, 9848925232521861
1787729859.394478, NoOp Chain Depth 64 Size 0 Mode ref, Ref Stage 25, run, start, 9848925232537381
1787729859.394500, NoOp Chain Depth 64 Size 0 Mode ref, Ref Stage 25, run, end, 9848925232559957
1787729859.394516, NoOp Chain Depth 64 Size 0 Mode ref, Ref Stage 26, run, start, 9848925232575461
1787729859.394539, NoOp Chain Depth 64 Size 0 Mode ref, Ref Stage 26, run, end, 9848925232598277
1787729859.395309, NoOp Chain Depth 64 Size 0 Mode ref, Ref Stage 27, run, start, 9848925233371716
1787729859.395361, NoOp Chain Depth 64 Size 0 Mode ref, Ref Stage 27, run, end, 9848925233423028
1787729859.395388, NoOp Chain Depth 64 Size 0 Mode ref, Ref Stage 28, run, start, 9848925233448340
1787729859.395418, NoOp Chain Depth 64 Size 0 Mode ref, Ref Stage 28, run, end, 9848925233477604
1787729859.395481, NoOp Chain Depth 64 Size 0 Mode ref, Ref Stage 29, run, start, 9848925233540084
1787729859.395504, NoOp Chain Depth 64 Size 0 Mode ref, Ref Stage 29, run, end, 9848925233563300
1787729859.395547, NoOp Chain Depth 64 Size 0 Mode ref, Ref Stage 30, run, start, 9848925233606868
1787729859.395571, NoOp Chain Depth 64 Size 0 Mode ref, Ref Stage 30, run, end, 9848925233629972
1787729859.395612, NoOp Chain Depth 64 Size 0 Mode ref, Ref Stage 31, run, start, 9848925233671092
1787729859.395634, NoOp Chain Depth 64 Size 0 Mode ref, Ref Stage 31, run, end, 9848925233693844
1787729859.395688, NoOp Chain Depth 64 Size 0 Mode ref, Ref Stage 32, run, start, 9848925233749572
1787729859.395723, NoOp Chain Depth 64 Size 0 Mode ref, Ref Stage 32, run, end, 9848925233782996
1787729859.395746, NoOp Chain Depth 64 Size 0 Mode ref, Ref Stage 33, run, start, 9848925233806212
1787729859.395780, NoOp Chain Depth 64 Size 0 Mode ref, Ref Stage 33, run, end, 9848925233839732
1787729859.395793, NoOp Chain Depth 64 Size 0 Mode ref, Ref Stage 34, run, start, 9848925233852804
1787729859.395876, NoOp Chain Depth 64 Size 0 Mode ref, Ref Stage 34, run, end, 9848925233935572
1787729859.395920, NoOp Chain Depth 64 Size 0 Mode ref, Ref Stage 35, run, start, 9848925233980180
1787729859.395955, NoOp Chain Depth 64 Size 0 Mode ref, Ref Stage 35, run, end, 9848925234014596
1787729859.395988, NoOp Chain Depth 64 Size 0 Mode ref, Ref Stage 36, run, start, 9848925234047876
1787729859.396041, NoOp Chain Depth 64 Size 0 Mode ref, Ref Stage 36, run, end, 9848925234100356
1787729859.396073, NoOp Chain Depth 64 Size 0 Mode ref, Ref Stage 37, run, start, 9848925234132516
1787729859.396126, NoOp Chain Depth 64 Size 0 Mode ref, Ref Stage 37, run, end, 9848925234185348
1787729859.396158, NoOp Chain Depth 64 Size 0 Mode ref, Ref Stage 38, run, start, 9848925234217284
1787729859.396199, NoOp Chain Depth 64 Size 0 Mode ref, Ref Stage 38, run, end, 9848925234258468
1787729859.396241, NoOp Chain Depth 64 Size 0 Mode ref, Ref Stage 39, run, start, 9848925234300356
1787729859.396264, NoOp Chain Depth 64 Size 0 Mode ref, Ref Stage 39, run, end, 9848925234323140
1787729859.396304, NoOp Chain Depth 64 Size 0 Mode ref, Ref Stage 40, run, start, 9848925234363716
1787729859.396330, NoOp Chain Depth 64 Size 0 Mode ref, Ref Stage 40, run, end, 9848925234389220
1787729859.396343, NoOp Chain Depth 64 Size 0 Mode ref, Ref Stage 41, run, start, 9848925234401892
1787729859.396398, NoOp Chain Depth 64 Size 0 Mode ref, Ref Stage 41, run, end, 9848925234457220
1787729859.396438, NoOp Chain Depth 64 Size 0 Mode ref, Ref Stage 42, run, start, 9848925234497460
1787729859.396461, NoOp Chain Depth 64 Size 0 Mode ref, Ref Stage 42, run, end, 9848925234520260
1787729859.396501, NoOp Chain Depth 64 Size 0 Mode ref, Ref Stage 43, run, start, 9848925234560900
1787729859.396525, NoOp Chain Depth 64 Size 0 Mode ref, Ref Stage 43, run, end, 9848925234584324
1787729859.396567, NoOp Chain Depth 64 Size 0 Mode ref, Ref Stage 44, run, start, 9848925234627060
1787729859.396590, NoOp Chain Depth 64 Size 0 Mode ref, Ref Stage 44, run, end, 9848925234649828
1787729859.396630, NoOp Chain Depth 64 Size 0 Mode ref, Ref Stage 45, run, start, 9848925234689684
1787729859.396653, NoOp Chain Depth 64 Size 0 Mode ref, Ref Stage 45, run, end, 9848925234712740
1787729859.396697, NoOp Chain Depth 64 Size 0 Mode ref, Ref Stage 46, run, start, 9848925234756420
1787729859.396730, NoOp Chain Depth 64 Size 0 Mode ref, Ref Stage 46, run, end, 9848925234789476
1787729859.396746, NoOp Chain Depth 64 Size 0 Mode ref, Ref Stage 47, run, start, 9848925234806132
1787729859.396769, NoOp Chain Depth 64 Size 0 Mode ref, Ref Stage 47, run, end, 9848925234828740
1787729859.396829, NoOp Chain Depth 64 Size 0 Mode ref, Ref Stage 48, run, start, 9848925234888564
1787729859.396852, NoOp Chain Depth 64 Size 0 Mode ref, Ref Stage 48, run, end, 9848925234911636
1787729859.396892, NoOp Chain Depth 64 Size 0 Mode ref, Ref Stage 49, run, start, 9848925234951860
1787729859.396917, NoOp Chain Depth 64 Size 0 Mode ref, Ref Stage 49, run, end, 9848925234976100
1787729859.396973, NoOp Chain Depth 64 Size 0 Mode ref, Ref Stage 50, run, start, 9848925235034676
1787729859.397019, NoOp Chain Depth 64 Size 0 Mode ref, Ref Stage 50, run, end, 9848925235079204
1787729859.397043, NoOp Chain Depth 64 Size 0 Mode ref, Ref Stage 51, run, start, 9848925235103860
1787729859.397072, NoOp Chain Depth 64 Size 0 Mode ref, Ref Stage 51, run, end, 9848925235131348
1787729859.397145, NoOp Chain Depth 64 Size 0 Mode ref, Ref Stage 52, run, start, 9848925235205843
1787729859.397204, NoOp Chain Depth 64 Size 0 Mode ref, Ref Stage 52, run, end, 9848925235263955
1787729859.397227, NoOp Chain Depth 64 Size 0 Mode ref, Ref Stage 53, run, start, 9848925235287555
1787729859.397255, NoOp Chain Depth 64 Size 0 Mode ref, Ref Stage 53, run, end, 9848925235314403
1787729859.397957, NoOp Chain Depth 64 Size 0 Mode ref, Ref Stage 54, run, start, 9848925236018563
1787729859.397992, NoOp Chain Depth 64 Size 0 Mode ref, Ref Stage 54, run, end, 9848925236051843
1787729859.398014, NoOp Chain Depth 64 Size 0 Mode ref, Ref Stage 55, run, start, 9848925236075171
1787729859.398044, NoOp Chain Depth 64 Size 0 Mode ref, Ref Stage 55, run, end, 9848925236103699
1787729859.398068, NoOp Chain Depth 64 Size 0 Mode ref, Ref Stage 56, run, start, 9848925236129795
1787729859.398101, NoOp Chain Depth 64 Size 0 Mode ref, Ref Stage 56, run, end, 9848925236161027
1787729859.398124, NoOp Chain Depth 64 Size 0 Mode ref, Ref Stage 57, run, start, 9848925236185427
1787729859.398157, NoOp Chain Depth 64 Size 0 Mode ref, Ref Stage 57, run, end, 9848925236216371
1787729859.398181, NoOp Chain Depth 64 Size 0 Mode ref, Ref Stage 58, run, start, 9848925236241907
1787729859.398214, NoOp Chain Depth 64 Size 0 Mode ref, Ref Stage 58, run, end, 9848925236273203
1787729859.398236, NoOp Chain Depth 64 Size 0 Mode ref, Ref Stage 59, run, start, 9848925236297235
1787729859.398266, NoOp Chain Depth 64 Size 0 Mode ref, Ref Stage 59, run, end, 9848925236325875
1787729859.398289, NoOp Chain Depth 64 Size 0 Mode ref, Ref Stage 60, run, start, 9848925236350147
1787729859.398319, NoOp Chain Depth 64 Size 0 Mode ref, Ref Stage 60, run, end, 9848925236379347
1787729859.398342, NoOp Chain Depth 64 Size 0 Mode ref, Ref Stage 61, run, start, 9848925236403235
1787729859.398372, NoOp Chain Depth 64 Size 0 Mode ref, Ref Stage 61, run, end, 9848925236431955
1787729859.398396, NoOp Chain Depth 64 Size 0 Mode ref, Ref Stage 62, run, start, 9848925236456883
1787729859.398427, NoOp Chain Depth 64 Size 0 Mode ref, Ref Stage 62, run, end, 9848925236486595
1787729859.398450, NoOp Chain Depth 64 Size 0 Mode ref, Ref Stage 63, run, start, 9848925236510723
1787729859.398479, NoOp Chain Depth 64 Size 0 Mode ref, Ref Stage 63, run, end, 9848925236538995
1787729859.398502, NoOp Chain Depth 64 Size 0 Mode ref, pipeline - train, run, end, 97771952738058952107145078470234370864, 1787729859.392638, 5, 1, 9848925236562771
1787729859.399346, NoOp Chain Depth 64 Size 0 Mode ref, pipeline - train, run, start, 328959512049359480423383132196426471447, 1787729859.399288, 6, 1, 9848925237407826
1787729859.399432, NoOp Chain Depth 64 Size 0 Mode ref, Ref Stage 0, run, start, 9848925237493650
1787729859.399465, NoOp Chain Depth 64 Size 0 Mode ref, Ref Stage 0, run, end, 9848925237524722
1787729859.399488, NoOp Chain Depth 64 Size 0 Mode ref, Ref Stage 1, run, start, 9848925237550002
1787729859.399521, NoOp Chain Depth 64 Size 0 Mode ref, Ref Stage 1, run, end, 9848925237580898
1787729859.399544, NoOp Chain Depth 64 Size 0 Mode ref, Ref Stage 2, run, start, 9848925237605026
1787729859.399575, NoOp Chain Depth 64 Size 0 Mode ref, Ref Stage 2, run, end, 9848925237634978
1787729859.399598, NoOp Chain Depth 64 Size 0 Mode ref, Ref Stage 3, run, start, 9848925237659602
1787729859.399630, NoOp Chain Depth 64 Size 0 Mode ref, Ref Stage 3, run, end, 9848925237689138
1787729859.399653, NoOp Chain Depth 64 Size 0 Mode ref, Ref Stage 4, run, start, 9848925237713506
1787729859.399684, NoOp Chain Depth 64 Size 0 Mode ref, Ref Stage 4, run, end, 9848925237743906
1787729859.400119, NoOp Chain Depth 64 Size 0 Mode ref, Ref Stage 5, run, start, 9848925238180210
1787729859.400151, NoOp Chain Depth 64 Size 0 Mode ref, Ref Stage 5, run, end, 9848925238210658
1787729859.400262, NoOp Chain Depth 64 Size 0 Mode ref, Ref Stage 6, run, start, 9848925238322898
1787729859.400292, NoOp Chain Depth 64 Size 0 Mode ref, Ref Stage 6, run, end, 9848925238351378
1787729859.400315, NoOp Chain Depth 64 Size 0 Mode ref, Ref Stage 7, run, start, 9848925238375730
1787729859.400346, NoOp Chain Depth 64 Size 0 Mode ref, Ref Stage 7, run, end, 9848925238405506
1787729859.400369, NoOp Chain Depth 64 Size 0 Mode ref, Ref Stage 8, run, start, 9848925238430370
1787729859.400401, NoOp Chain Depth 64 Size 0 Mode ref, Ref Stage 8, run, end, 9848925238460610
1787729859.400424, NoOp Chain Depth 64 Size 0 Mode ref, Ref Stage 9, run, start, 9848925238484482
1787729859.400455, NoOp Chain Depth 64 Size 0 Mode ref, Ref Stage 9, run, end, 9848925238514338
1787729859.400477, NoOp Chain Depth 64 Size 0 Mode ref, Ref Stage 10, run, start, 9848925238538482
1787729859.400508, NoOp Chain Depth 64 Size 0 Mode ref, Ref Stage 10, run, end, 9848925238567330
1787729859.400531, NoOp Chain Depth 64 Size 0 Mode ref, Ref Stage 11, run, start, 9848925238591650
1787729859.400561, NoOp Chain Depth 64 Size 0 Mode ref, Ref Stage 11, run, end, 9848925238620162
1787729859.400583, NoOp Chain Depth 64 Size 0 Mode ref, Ref Stage 12, run, start, 9848925238643794
1787729859.400614, NoOp Chain Depth 64 Size 0 Mode ref, Ref Stage 12, run, end, 9848925238673234
1787729859.400636, NoOp Chain Depth 64 Size 0 Mode ref, Ref Stage 13, run, start, 9848925238697490
1787729859.400668, NoOp Chain Depth 64 Size 0 Mode ref, Ref Stage 13, run, end, 9848925238727122
1787729859.400690, NoOp Chain Depth 64 Size 0 Mode ref, Ref Stage 14, run, start, 9848925238751426
1787729859.400721, NoOp Chain Depth 64 Size 0 Mode ref, Ref Stage 14, run, end, 9848925238780770
1787729859.400744, NoOp Chain Depth 64 Size 0 Mode ref, Ref Stage 15, run, start, 9848925238805122
1787729859.400775, NoOp Chain Depth 64 Size 0 Mode ref, Ref Stage 15, run, end, 9848925238834082
1787729859.400797, NoOp Chain Depth 64 Size 0 Mode ref, Ref Stage 16, run, start, 9848925238858194
1787729859.400828, NoOp Chain Depth 64 Size 0 Mode ref, Ref Stage 16, run, end, 9848925238888002
1787729859.400851, NoOp Chain Depth 64 Size 0 Mode ref, Ref Stage 17, run, start, 9848925238911602
1787729859.400881, NoOp Chain Depth 64 Size 0 Mode ref, Ref Stage 17, run, end, 9848925238940786
1787729859.400904, NoOp Chain Depth 64 Size 0 Mode ref, Ref Stage 18, run, start, 9848925238964770
1787729859.400934, NoOp Chain Depth 64 Size 0 Mode ref, Ref Stage 18, run, end, 9848925238993746
1787729859.400959, NoOp Chain Depth 64 Size 0 Mode ref, Ref Stage 19, run, start, 9848925239019970
1787729859.400990, NoOp Chain Depth 64 Size 0 Mode ref, Ref Stage 19, run, end, 9848925239050146
1787729859.401014, NoOp Chain Depth 64 Size 0 Mode ref, Ref Stage 20, run, start, 9848925239074754
1787729859.401045, NoOp Chain Depth 64 Size 0 Mode ref, Ref Stage 20, run, end, 9848925239104609
1787729859.401068, NoOp Chain Depth 64 Size 0 Mode ref, Ref Stage 21, run, start, 9848925239128513
1787729859.401097, NoOp Chain Depth 64 Size 0 Mode ref, Ref Stage 21, run, end, 9848925239156705
1787729859.401120, NoOp Chain Depth 64 Size 0 Mode ref, Ref Stage 22, run, start, 9848925239181137
1787729859.401151, NoOp Chain Depth 64 Size 0 Mode ref, Ref Stage 22, run, end, 9848925239210257
1787729859.401174, NoOp Chain Depth 64 Size 0 Mode ref, Ref Stage 23, run, start, 9848925239234753
1787729859.401204, NoOp Chain Depth 64 Size 0 Mode ref, Ref Stage 23, run, end, 9848925239263649
1787729859.401227, NoOp Chain Depth 64 Size 0 Mode ref, Ref Stage 24, run, start, 9848925239287809
1787729859.401257, NoOp Chain Depth 64 Size 0 Mode ref, Ref Stage 24, run, end, 9848925239316625
1787729859.401279, NoOp Chain Depth 64 Size 0 Mode ref, Ref Stage 25, run, start, 9848925239340433
1787729859.401834, NoOp Chain Depth 64 Size 0 Mode ref, Ref Stage 25, run, end, 9848925239893953
1787729859.401851, NoOp Chain Depth 64 Size 0 Mode ref, Ref Stage 26, run, start, 9848925239910289
1787729859.401876, NoOp Chain Depth 64 Size 0 Mode ref, Ref Stage 26, run, end, 9848925239935713
1787729859.401889, NoOp Chain Depth 64 Size 0 Mode ref, Ref Stage 27, run, start, 9848925239948625
1787729859.401923, NoOp Chain Depth 64 Size 0 Mode ref, Ref Stage 27, run, end, 9848925239982865
1787729859.401939, NoOp Chain Depth 64 Size 0 Mode ref, Ref Stage 28, run, start, 9848925239998977
1787729859.401964, NoOp Chain Depth 64 Size 0 Mode ref, Ref Stage 28, run, end, 9848925240023873
1787729859.401980, NoOp Chain Depth 64 Size 0 Mode ref, Ref Stage 29, run, start, 9848925240039697
1787729859.402003, NoOp Chain Depth 64 Size 0 Mode ref, Ref Stage 29, run, end, 9848925240062337
1787729859.402019, NoOp Chain Depth 64 Size 0 Mode ref, Ref Stage 30, run, start, 9848925240078177
1787729859.402041, NoOp Chain Depth 64 Size 0 Mode ref, Ref Stage 30, run, end, 9848925240100897
1787729859.402057, NoOp Chain Depth 64 Size 0 Mode ref, Ref Stage 31, run, start, 9848925240116289
1787729859.402082, NoOp Chain Depth 64 Size 0 Mode ref, Ref Stage 31, run, end, 9848925240141969
1787729859.402095, NoOp Chain Depth 64 Size 0 Mode ref, Ref Stage 32, run, start, 9848925240154705
1787729859.402128, NoOp Chain Depth 64 Size 0 Mode ref, Ref Stage 32, run, end, 9848925240187601
1787729859.402144, NoOp Chain Depth 64 Size 0 Mode ref, Ref Stage 33, run, start, 9848925240203313
1787729859.402168, NoOp Chain Depth 64 Size 0 Mode ref, Ref Stage 33, run, end, 9848925240227457
1787729859.402181, NoOp Chain Depth 64 Size 0 Mode ref, Ref Stage 34, run, start, 9848925240240801
1787729859.402214, NoOp Chain Depth 64 Size 0 Mode ref, Ref Stage 34, run, end, 9848925240273905
1787729859.402230, NoOp Chain Depth 64 Size 0 Mode ref, Ref Stage 35, run, start, 9848925240289585
1787729859.402253, NoOp Chain Depth 64 Size 0 Mode ref, Ref Stage 35, run, end, 9848925240312161
1787729859.402268, NoOp Chain Depth 64 Size 0 Mode ref, Ref Stage 36, run, start, 9848925240327713
1787729859.402291, NoOp Chain Depth 64 Size 0 Mode ref, Ref Stage 36, run, end, 9848925240350337
1787729859.402307, NoOp Chain Depth 64 Size 0 Mode ref, Ref Stage 37, run, start, 9848925240366625
1787729859.402330, NoOp Chain Depth 64 Size 0 Mode ref, Ref Stage 37, run, end, 9848925240389041
1787729859.402345, NoOp Chain Depth 64 Size 0 Mode ref, Ref Stage 38, run, start, 9848925240404641
1787729859.402368, NoOp Chain Depth 64 Size 0 Mode ref, Ref Stage 38, run, end, 9848925240426881
1787729859.402383, NoOp Chain Depth 64 Size 0 Mode ref, Ref Stage 39, run, start, 9848925240442449
1787729859.402405, NoOp Chain Depth 64 Size 0 Mode ref, Ref Stage 39, run, end, 9848925240464865
1787729859.402421, NoOp Chain Depth 64 Size 0 Mode ref, Ref Stage 40, run, start, 9848925240480561
1787729859.402443, NoOp Chain Depth 64 Size 0 Mode ref, Ref Stage 40, run, end, 9848925240502769
1787729859.402459, NoOp Chain Depth 64 Size 0 Mode ref, Ref Stage 41, run, start, 9848925240518657
1787729859.402482, NoOp Chain Depth 64 Size 0 Mode ref, Ref Stage 41, run, end, 9848925240541121
1787729859.402498, NoOp Chain Depth 64 Size 0 Mode ref, Ref Stage 42, run, start, 9848925240556913
1787729859.402519, NoOp Chain Depth 64 Size 0 Mode ref, Ref Stage 42, run, end, 9848925240578913
1787729859.402535, NoOp Chain Depth 64 Size 0 Mode ref, Ref Stage 43, run, start, 9848925240594545
1787729859.402557, NoOp Chain Depth 64 Size 0 Mode ref, Ref Stage 43, run, end, 9848925240616929
1787729859.402573, NoOp Chain Depth 64 Size 0 Mode ref, Ref Stage 44, run, start, 9848925240632657
1787729859.402596, NoOp Chain Depth 64 Size 0 Mode ref, Ref Stage 44, run, end, 9848925240654929
1787729859.402611, NoOp Chain Depth 64 Size 0 Mode ref, Ref Stage 45, run, start, 9848925240670721
1787729859.402634, NoOp Chain Depth 64 Size 0 Mode ref, Ref Stage 45, run, end, 9848925240693009
1787729859.402653, NoOp Chain Depth 64 Size 0 Mode ref, Ref Stage 46, run, start, 9848925240712017
1787729859.402680, NoOp Chain Depth 64 Size 0 Mode ref, Ref Stage 46, run, end, 9848925240739697
1787729859.402696, NoOp Chain Depth 64 Size 0 Mode ref, Ref Stage 47, run, start, 9848925240755409
1787729859.402718, NoOp Chain Depth 64 Size 0 Mode ref, Ref Stage 47, run, end, 9848925240777521
1787729859.402734, NoOp Chain Depth 64 Size 0 Mode ref, Ref Stage 48, run, start, 9848925240792977
1787729859.402755, NoOp Chain Depth 64 Size 0 Mode ref, Ref Stage 48, run, end, 9848925240814993
1787729859.402772, NoOp Chain Depth 64 Size 0 Mode ref, Ref Stage 49, run, start, 9848925240831857
1787729859.402797, NoOp Chain Depth 64 Size 0 Mode ref, Ref Stage 49, run, end, 9848925240856321
1787729859.402809, NoOp Chain Depth 64 Size 0 Mode ref, Ref Stage 50, run, start, 9848925240868913
1787729859.402843, NoOp Chain Depth 64 Size 0 Mode ref, Ref Stage 50, run, end, 9848925240902641
1787729859.402859, NoOp Chain Depth 64 Size 0 Mode ref, Ref Stage 51, run, start, 9848925240918305
1787729859.402882, NoOp Chain Depth 64 Size 0 Mode ref, Ref Stage 51, run, end, 9848925240941281
1787729859.402897, NoOp Chain Depth 64 Size 0 Mode ref, Ref Stage 52, run, start, 9848925240956641
1787729859.402920, NoOp Chain Depth 64 Size 0 Mode ref, Ref Stage 52, run, end, 9848925240979136
1787729859.402935, NoOp Chain Depth 64 Size 0 Mode ref, Ref Stage 53, run, start, 9848925240994672
1787729859.402962, NoOp Chain Depth 64 Size 0 Mode ref, Ref Stage 53, run, end, 9848925241021952
1787729859.402975, NoOp Chain Depth 64 Size 0 Mode ref, Ref Stage 54, run, start, 9848925241034640
1787729859.403009, NoOp Chain Depth 64 Size 0 Mode ref, Ref Stage 54, run, end, 9848925241068240
1787729859.403024, NoOp Chain Depth 64 Size 0 Mode ref, Ref Stage 55, run, start, 9848925241083696
1787729859.403047, NoOp Chain Depth 64 Size 0 Mode ref, Ref Stage 55, run, end, 9848925241106208
1787729859.403063, NoOp Chain Depth 64 Size 0 Mode ref, Ref Stage 56, run, start, 9848925241122352
1787729859.403085, NoOp Chain Depth 64 Size 0 Mode ref, Ref Stage 56, run, end, 9848925241144768
1787729859.403101, NoOp Chain Depth 64 Size 0 Mode ref, Ref Stage 57, run, start, 9848925241160080
1787729859.403125, NoOp Chain Depth 64 Size 0 Mode ref, Ref Stage 57, run, end, 9848925241184064
1787729859.403141, NoOp Chain Depth 64 Size 0 Mode ref, Ref Stage 58, run, start, 9848925241200944
1787729859.403215, NoOp Chain Depth 64 Size 0 Mode ref, Ref Stage 58, run, end, 9848925241274128
1787729859.403231, NoOp Chain Depth 64 Size 0 Mode ref, Ref Stage 59, run, start, 9848925241290576
1787729859.403254, NoOp Chain Depth 64 Size 0 Mode ref, Ref Stage 59, run, end, 9848925241313392
1787729859.403270, NoOp Chain Depth 64 Size 0 Mode ref, Ref Stage 60, run, start, 9848925241329472
1787729859.403293, NoOp Chain Depth 64 Size 0 Mode ref, Ref Stage 60, run, end, 9848925241352096
1787729859.403318, NoOp Chain Depth 64 Size 0 Mode ref, Ref Stage 61, run, start, 9848925241381120
1787729859.403360, NoOp Chain Depth 64 Size 0 Mode ref, Ref Stage 61, run, end, 9848925241420480
1787729859.403385, NoOp Chain Depth 64 Size 0 Mode ref, Ref Stage 62, run, start, 9848925241445216
1787729859.404385, NoOp Chain Depth 64 Size 0 Mode ref, Ref Stage 62, run, end, 9848925242444848
1787729859.404402, NoOp Chain Depth 64 Size 0 Mode ref, Ref Stage 63, run, start, 9848925242462096
1787729859.404425, NoOp Chain Depth 64 Size 0 Mode ref, Ref Stage 63, run, end, 9848925242484880
1787729859.404442, NoOp Chain Depth 64 Size 0 Mode ref, pipeline - train, run, end, 328959512049359480423383132196426471447, 1787729859.399288, 6, 1, 9848925242501552
1787729859.404485, NoOp Chain Depth 64 Size 0 Mode ref, pipeline - train, run, start, 305287658260291476986355787730959048230, 1787729859.404473, 7, 1, 9848925242544928
1787729859.404510, NoOp Chain Depth 64 Size 0 Mode ref, Ref Stage 0, run, start, 9848925242569616
1787729859.404533, NoOp Chain Depth 64 Size 0 Mode ref, Ref Stage 0, run, end, 9848925242592128
1787729859.404549, NoOp Chain Depth 64 Size 0 Mode ref, Ref Stage 1, run, start, 9848925242607968
1787729859.404572, NoOp Chain Depth 64 Size 0 Mode ref, Ref Stage 1, run, end, 9848925242631024
1787729859.404589, NoOp Chain Depth 64 Size 0 Mode ref, Ref Stage 2, run, start, 9848925242648336
1787729859.404612, NoOp Chain Depth 64 Size 0 Mode ref, Ref Stage 2, run, end, 9848925242671120
1787729859.404628, NoOp Chain Depth 64 Size 0 Mode ref, Ref Stage 3, run, start, 9848925242687728
1787729859.404651, NoOp Chain Depth 64 Size 0 Mode ref, Ref Stage 3, run, end, 9848925242710160
1787729859.404667, NoOp Chain Depth 64 Size 0 Mode ref, Ref Stage 4, run, start, 9848925242726224
1787729859.404690, NoOp Chain Depth 64 Size 0 Mode ref, Ref Stage 4, run, end, 9848925242749392
1787729859.404706, NoOp Chain Depth 64 Size 0 Mode ref, Ref Stage 5, run, start, 9848925242765104
1787729859.404730, NoOp Chain Depth 64 Size 0 Mode ref, Ref Stage 5, run, end, 9848925242789728
1787729859.404743, NoOp Chain Depth 64 Size 0 Mode ref, Ref Stage 6, run, start, 9848925242802528
1787729859.404776, NoOp Chain Depth 64 Size 0 Mode ref, Ref Stage 6, run, end, 9848925242835760
1787729859.404793, NoOp Chain Depth 64 Size 0 Mode ref, Ref Stage 7, run, start, 9848925242852383
1787729859.404816, NoOp Chain Depth 64 Size 0 Mode ref, Ref Stage 7, run, end, 9848925242875135
1787729859.404831, NoOp Chain Depth 64 Size 0 Mode ref, Ref Stage 8, run, start, 9848925242890719
1787729859.404854, NoOp Chain Depth 64 Size 0 Mode ref, Ref Stage 8, run, end, 9848925242913167
1787729859.404869, NoOp Chain Depth 64 Size 0 Mode ref, Ref Stage 9, run, start, 9848925242928687
1787729859.404892, NoOp Chain Depth 64 Size 0 Mode ref, Ref Stage 9, run, end, 9848925242951087
1787729859.404907, NoOp Chain Depth 64 Size 0 Mode ref, Ref Stage 10, run, start, 9848925242966895
1787729859.404930, NoOp Chain Depth 64 Size 0 Mode ref, Ref Stage 10, run, end, 9848925242989151
1787729859.404946, NoOp Chain Depth 64 Size 0 Mode ref, Ref Stage 11, run, start, 9848925243005759
1787729859.404969, NoOp Chain Depth 64 Size 0 Mode ref, Ref Stage 11, run, end, 9848925243028927
1787729859.404985, NoOp Chain Depth 64 Size 0 Mode ref, Ref Stage 12, run, start, 9848925243044815
1787729859.405008, NoOp Chain Depth 64 Size 0 Mode ref, Ref Stage 12, run, end, 9848925243067263
1787729859.405023, NoOp Chain Depth 64 Size 0 Mode ref, Ref Stage 13, run, start, 9848925243082751
1787729859.405046, NoOp Chain Depth 64 Size 0 Mode ref, Ref Stage 13, run, end, 9848925243105439
1787729859.405061, NoOp Chain Depth 64 Size 0 Mode ref, Ref Stage 14, run, start, 9848925243120959
1787729859.405084, NoOp Chain Depth 64 Size 0 Mode ref, Ref Stage 14, run, end, 9848925243143263
1787729859.405100, NoOp Chain Depth 64 Size 0 Mode ref, Ref Stage 15, run, start, 9848925243158975
1787729859.405123, NoOp Chain Depth 64 Size 0 Mode ref, Ref Stage 15, run, end, 9848925243181903
1787729859.405138, NoOp Chain Depth 64 Size 0 Mode ref, Ref Stage 16, run, start, 9848925243197583
1787729859.405161, NoOp Chain Depth 64 Size 0 Mode ref, Ref Stage 16, run, end, 9848925243220175
1787729859.405176, NoOp Chain Depth 64 Size 0 Mode ref, Ref Stage 17, run, start, 9848925243235407
1787729859.405199, NoOp Chain Depth 64 Size 0 Mode ref, Ref Stage 17, run, end, 9848925243258095
1787729859.405214, NoOp Chain Depth 64 Size 0 Mode ref, Ref Stage 18, run, start, 9848925243273695
1787729859.405236, NoOp Chain Depth 64 Size 0 Mode ref, Ref Stage 18, run, end, 9848925243296031
1787729859.405252, NoOp Chain Depth 64 Size 0 Mode ref, Ref Stage 19, run, start, 9848925243311439
1787729859.405274, NoOp Chain Depth 64 Size 0 Mode ref, Ref Stage 19, run, end, 9848925243333791
1787729859.405290, NoOp Chain Depth 64 Size 0 Mode ref, Ref Stage 20, run, start, 9848925243349487
1787729859.405312, NoOp Chain Depth 64 Size 0 Mode ref, Ref Stage 20, run, end, 9848925243371423
1787729859.405328, NoOp Chain Depth 64 Size 0 Mode ref, Ref Stage 21, run, start, 9848925243387295
1787729859.405350, NoOp Chain Depth 64 Size 0 Mode ref, Ref Stage 21, run, end, 9848925243409615
1787729859.405366, NoOp Chain Depth 64 Size 0 Mode ref, Ref Stage 22, run, start, 9848925243425327
1787729859.405388, NoOp Chain Depth 64 Size 0 Mode ref, Ref Stage 22, run, end, 9848925243447295
1787729859.405405, NoOp Chain Depth 64 Size 0 Mode ref, Ref Stage 23, run, start, 9848925243464479
1787729859.405427, NoOp Chain Depth 64 Size 0 Mode ref, Ref Stage 23, run, end, 9848925243486959
1787729859.405443, NoOp Chain Depth 64 Size 0 Mode ref, Ref Stage 24, run, start, 9848925243502799
1787729859.405466, NoOp Chain Depth 64 Size 0 Mode ref, Ref Stage 24, run, end, 9848925243525423
1787729859.405482, NoOp Chain Depth 64 Size 0 Mode ref, Ref Stage 25, run, start, 9848925243540943
1787729859.405504, NoOp Chain Depth 64 Size 0 Mode ref, Ref Stage 25, run, end, 9848925243563231
1787729859.405519, NoOp Chain Depth 64 Size 0 Mode ref, Ref Stage 26, run, start, 9848925243578767
1787729859.405543, NoOp Chain Depth 64 Size 0 Mode ref, Ref Stage 26, run, end, 9848925243602815
1787729859.405556, NoOp Chain Depth 64 Size 0 Mode ref, Ref Stage 27, run, start, 9848925243615343
1787729859.405589, NoOp Chain Depth 64 Size 0 Mode ref, Ref Stage 27, run, end, 9848925243648383
1787729859.405605, NoOp Chain Depth 64 Size 0 Mode ref, Ref Stage 28, run, start, 9848925243664079
1787729859.405627, NoOp Chain Depth 64 Size 0 Mode ref, Ref Stage 28, run, end, 9848925243686319
1787729859.405643, NoOp Chain Depth 64 Size 0 Mode ref, Ref Stage 29, run, start, 9848925243702047
1787729859.405666, NoOp Chain Depth 64 Size 0 Mode ref, Ref Stage 29, run, end, 9848925243725007
1787729859.405681, NoOp Chain Depth 64 Size 0 Mode ref, Ref Stage 30, run, start, 9848925243740719
1787729859.405704, NoOp Chain Depth 64 Size 0 Mode ref, Ref Stage 30, run, end, 9848925243763135
1787729859.405719, NoOp Chain Depth 64 Size 0 Mode ref, Ref Stage 31, run, start, 9848925243778559
1787729859.405743, NoOp Chain Depth 64 Size 0 Mode ref, Ref Stage 31, run, end, 9848925243802271
1787729859.405755, NoOp Chain Depth 64 Size 0 Mode ref, Ref Stage 32, run, start, 9848925243814687
1787729859.405791, NoOp Chain Depth 64 Size 0 Mode ref, Ref Stage 32, run, end, 9848925243849887
1787729859.405808, NoOp Chain Depth 64 Size 0 Mode ref, Ref Stage 33, run, start, 9848925243867215
1787729859.405832, NoOp Chain Depth 64 Size 0 Mode ref, Ref Stage 33, run, end, 9848925243891471
1787729859.405844, NoOp Chain Depth 64 Size 0 Mode ref, Ref Stage 34, run, start, 9848925243903871
1787729859.405879, NoOp Chain Depth 64 Size 0 Mode ref, Ref Stage 34, run, end, 9848925243938431
1787729859.405895, NoOp Chain Depth 64 Size 0 Mode ref, Ref Stage 35, run, start, 9848925243954207
1787729859.405918, NoOp Chain Depth 64 Size 0 Mode ref, Ref Stage 35, run, end, 9848925243977535
1787729859.405934, NoOp Chain Depth 64 Size 0 Mode ref, Ref Stage 36, run, start, 9848925243993839
1787729859.405958, NoOp Chain Depth 64 Size 0 Mode ref, Ref Stage 36, run, end, 9848925244017615
1787729859.405974, NoOp Chain Depth 64 Size 0 Mode ref, Ref Stage 37, run, start, 9848925244033903
1787729859.405997, NoOp Chain Depth 64 Size 0 Mode ref, Ref Stage 37, run, end, 9848925244056239
1787729859.406012, NoOp Chain Depth 64 Size 0 Mode ref, Ref Stage 38, run, start, 9848925244071727
1787729859.406034, NoOp Chain Depth 64 Size 0 Mode ref, Ref Stage 38, run, end, 9848925244093791
1787729859.406050, NoOp Chain Depth 64 Size 0 Mode ref, Ref Stage 39, run, start, 9848925244109583
1787729859.406072, NoOp Chain Depth 64 Size 0 Mode ref, Ref Stage 39, run, end, 9848925244141951
1787729859.406098, NoOp Chain Depth 64 Size 0 Mode ref, Ref Stage 40, run, start, 9848925244157983
1787729859.406121, NoOp Chain Depth 64 Size 0 Mode ref, Ref Stage 40, run, end, 9848925244180511
1787729859.406139, NoOp Chain Depth 64 Size 0 Mode ref, Ref Stage 41, run, start, 9848925244198463
1787729859.406161, NoOp Chain Depth 64 Size 0 Mode ref, Ref Stage 41, run, end, 9848925244220671
1787729859.406177, NoOp Chain Depth 64 Size 0 Mode ref, Ref Stage 42, run, start, 9848925244236111
1787729859.406199, NoOp Chain Depth 64 Size 0 Mode ref, Ref Stage 42, run, end, 9848925244257983
1787729859.406214, NoOp Chain Depth 64 Size 0 Mode ref, Ref Stage 43, run, start, 9848925244273935
1787729859.406239, NoOp Chain Depth 64 Size 0 Mode ref, Ref Stage 43, run, end, 9848925244298767
1787729859.406255, NoOp Chain Depth 64 Size 0 Mode ref, Ref Stage 44, run, start, 9848925244314303
1787729859.406277, NoOp Chain Depth 64 Size 0 Mode ref, Ref Stage 44, run, end, 9848925244336527
1787729859.406293, NoOp Chain Depth 64 Size 0 Mode ref, Ref Stage 45, run, start, 9848925244352287
1787729859.406315, NoOp Chain Depth 64 Size 0 Mode ref, Ref Stage 45, run, end, 9848925244374303
1787729859.406330, NoOp Chain Depth 64 Size 0 Mode ref, Ref Stage 46, run, start, 9848925244389791
1787729859.406354, NoOp Chain Depth 64 Size 0 Mode ref, Ref Stage 46, run, end, 9848925244413215
1787729859.406369, NoOp Chain Depth 64 Size 0 Mode ref, Ref Stage 47, run, start, 9848925244428767
1787729859.406393, NoOp Chain Depth 64 Size 0 Mode ref, Ref Stage 47, run, end, 9848925244452207
1787729859.406408, NoOp Chain Depth 64 Size 0 Mode ref, Ref Stage 48, run, start, 9848925244467743
1787729859.406433, NoOp Chain Depth 64 Size 0 Mode ref, Ref Stage 48, run, end, 9848925244491887
1787729859.406446, NoOp Chain Depth 64 Size 0 Mode ref, Ref Stage 49, run, start, 9848925244505919
1787729859.406482, NoOp Chain Depth 64 Size 0 Mode ref, Ref Stage 49, run, end, 9848925244541407
1787729859.406494, NoOp Chain Depth 64 Size 0 Mode ref, Ref Stage 50, run, start, 9848925244553695
1787729859.406528, NoOp Chain Depth 64 Size 0 Mode ref, Ref Stage 50, run, end, 9848925244587119
1787729859.406543, NoOp Chain Depth 64 Size 0 Mode ref, Ref Stage 51, run, start, 9848925244602847
1787729859.406567, NoOp Chain Depth 64 Size 0 Mode ref, Ref Stage 51, run, end, 9848925244626943
1787729859.406583, NoOp Chain Depth 64 Size 0 Mode ref, Ref Stage 52, run, start, 9848925244642591
1787729859.406607, NoOp Chain Depth 64 Size 0 Mode ref, Ref Stage 52, run, end, 9848925244666351
1787729859.406622, NoOp Chain Depth 64 Size 0 Mode ref, Ref Stage 53, run, start, 9848925244682047
1787729859.406646, NoOp Chain Depth 64 Size 0 Mode ref, Ref Stage 53, run, end, 9848925244705487
1787729859.406658, NoOp Chain Depth 64 Size 0 Mode ref, Ref Stage 54, run, start, 9848925244717919
1787729859.406691, NoOp Chain Depth 64 Size 0 Mode ref, Ref Stage 54, run, end, 9848925244750511
1787729859.406707, NoOp Chain Depth 64 Size 0 Mode ref, Ref Stage 55, run, start, 9848925244766191
1787729859.406729, NoOp Chain Depth 64 Size 0 Mode ref, Ref Stage 55, run, end, 9848925244788223
1787729859.406745, NoOp Chain Depth 64 Size 0 Mode ref, Ref Stage 56, run, start, 9848925244804511
1787729859.406769, NoOp Chain Depth 64 Size 0 Mode ref, Ref Stage 56, run, end, 9848925244827999
1787729859.406784, NoOp Chain Depth 64 Size 0 Mode ref, Ref Stage 57, run, start, 9848925244843199
1787729859.408386, NoOp Chain Depth 64 Size 0 Mode ref, Ref Stage 57, run, end, 9848925246445134
1787729859.408403, NoOp Chain Depth 64 Size 0 Mode ref, Ref Stage 58, run, start, 9848925246462478
1787729859.408426, NoOp Chain Depth 64 Size 0 Mode ref, Ref Stage 58, run, end, 9848925246484878
1787729859.408441, NoOp Chain Depth 64 Size 0 Mode ref, Ref Stage 59, run, start, 9848925246500622
1787729859.408464, NoOp Chain Depth 64 Size 0 Mode ref, Ref Stage 59, run, end, 9848925246523038
1787729859.408479, NoOp Chain Depth 64 Size 0 Mode ref, Ref Stage 60, run, start, 9848925246538686
1787729859.408502, NoOp Chain Depth 64 Size 0 Mode ref, Ref Stage 60, run, end, 9848925246561534
1787729859.412050, NoOp Chain Depth 64 Size 0 Mode ref, Ref Stage 61, run, start, 9848925250112988
1787729859.412108, NoOp Chain Depth 64 Size 0 Mode ref, Ref Stage 61, run, end, 9848925250170188
1787729859.412135, NoOp Chain Depth 64 Size 0 Mode ref, Ref Stage 62, run, start, 9848925250195900
1787729859.412163, NoOp Chain Depth 64 Size 0 Mode ref, Ref Stage 62, run, end, 9848925250222492
1787729859.412227, NoOp Chain Depth 64 Size 0 Mode ref, Ref Stage 63, run, start, 9848925250286284
1787729859.412249, NoOp Chain Depth 64 Size 0 Mode ref, Ref Stage 63, run, end, 9848925250308620
1787729859.412265, NoOp Chain Depth 64 Size 0 Mode ref, pipeline - train, run, end, 305287658260291476986355787730959048230, 1787729859.404473, 7, 1, 9848925250324604
1787729859.412308, NoOp Chain Depth 64 Size 0 Mode ref, pipeline - train, run, start, 68746813171379542648277903261001772497, 1787729859.412297, 8, 1, 9848925250367916
1787729859.412332, NoOp Chain Depth 64 Size 0 Mode ref, Ref Stage 0, run, start, 9848925250391100
1787729859.412354, NoOp Chain Depth 64 Size 0 Mode ref, Ref Stage 0, run, end, 9848925250414156
1787729859.412443, NoOp Chain Depth 64 Size 0 Mode ref, Ref Stage 1, run, start, 9848925250502700
1787729859.412466, NoOp Chain Depth 64 Size 0 Mode ref, Ref Stage 1, run, end, 9848925250525612
1787729859.412506, NoOp Chain Depth 64 Size 0 Mode ref, Ref Stage 2, run, start, 9848925250565612
1787729859.412529, NoOp Chain Depth 64 Size 0 Mode ref, Ref Stage 2, run, end, 9848925250588332
1787729859.412569, NoOp Chain Depth 64 Size 0 Mode ref, Ref Stage 3, run, start, 9848925250628460
1787729859.412591, NoOp Chain Depth 64 Size 0 Mode ref, Ref Stage 3, run, end, 9848925250650732
1787729859.412633, NoOp Chain Depth 64 Size 0 Mode ref, Ref Stage 4, run, start, 9848925250692924
1787729859.412656, NoOp Chain Depth 64 Size 0 Mode ref, Ref Stage 4, run, end, 9848925250715435
1787729859.412696, NoOp Chain Depth 64 Size 0 Mode ref, Ref Stage 5, run, start, 9848925250755611
1787729859.412719, NoOp Chain Depth 64 Size 0 Mode ref, Ref Stage 5, run, end, 9848925250778683
1787729859.412760, NoOp Chain Depth 64 Size 0 Mode ref, Ref Stage 6, run, start, 9848925250819307
1787729859.412783, NoOp Chain Depth 64 Size 0 Mode ref, Ref Stage 6, run, end, 9848925250842379
1787729859.412824, NoOp Chain Depth 64 Size 0 Mode ref, Ref Stage 7, run, start, 9848925250883947
1787729859.412857, NoOp Chain Depth 64 Size 0 Mode ref, Ref Stage 7, run, end, 9848925250916827
1787729859.412905, NoOp Chain Depth 64 Size 0 Mode ref, Ref Stage 8, run, start, 9848925250964683
1787729859.412938, NoOp Chain Depth 64 Size 0 Mode ref, Ref Stage 8, run, end, 9848925250997323
1787729859.412974, NoOp Chain Depth 64 Size 0 Mode ref, Ref Stage 9, run, start, 9848925251033675
1787729859.413027, NoOp Chain Depth 64 Size 0 Mode ref, Ref Stage 9, run, end, 9848925251086571
1787729859.413059, NoOp Chain Depth 64 Size 0 Mode ref, Ref Stage 10, run, start, 9848925251118747
1787729859.413110, NoOp Chain Depth 64 Size 0 Mode ref, Ref Stage 10, run, end, 9848925251169547
1787729859.413142, NoOp Chain Depth 64 Size 0 Mode ref, Ref Stage 11, run, start, 9848925251201963
1787729859.413173, NoOp Chain Depth 64 Size 0 Mode ref, Ref Stage 11, run, end, 9848925251232539
1787729859.413216, NoOp Chain Depth 64 Size 0 Mode ref, Ref Stage 12, run, start, 9848925251275451
1787729859.413239, NoOp Chain Depth 64 Size 0 Mode ref, Ref Stage 12, run, end, 9848925251298187
1787729859.413278, NoOp Chain Depth 64 Size 0 Mode ref, Ref Stage 13, run, start, 9848925251337899
1787729859.413301, NoOp Chain Depth 64 Size 0 Mode ref, Ref Stage 13, run, end, 9848925251360283
1787729859.413340, NoOp Chain Depth 64 Size 0 Mode ref, Ref Stage 14, run, start, 9848925251399483
1787729859.413363, NoOp Chain Depth 64 Size 0 Mode ref, Ref Stage 14, run, end, 9848925251421867
1787729859.413402, NoOp Chain Depth 64 Size 0 Mode ref, Ref Stage 15, run, start, 9848925251461739
1787729859.413425, NoOp Chain Depth 64 Size 0 Mode ref, Ref Stage 15, run, end, 9848925251484315
1787729859.413464, NoOp Chain Depth 64 Size 0 Mode ref, Ref Stage 16, run, start, 9848925251523755
1787729859.413487, NoOp Chain Depth 64 Size 0 Mode ref, Ref Stage 16, run, end, 9848925251546379
1787729859.413527, NoOp Chain Depth 64 Size 0 Mode ref, Ref Stage 17, run, start, 9848925251586379
1787729859.413549, NoOp Chain Depth 64 Size 0 Mode ref, Ref Stage 17, run, end, 9848925251608587
1787729859.413589, NoOp Chain Depth 64 Size 0 Mode ref, Ref Stage 18, run, start, 9848925251648811
1787729859.413612, NoOp Chain Depth 64 Size 0 Mode ref, Ref Stage 18, run, end, 9848925251671387
1787729859.413651, NoOp Chain Depth 64 Size 0 Mode ref, Ref Stage 19, run, start, 9848925251711275
1787729859.413674, NoOp Chain Depth 64 Size 0 Mode ref, Ref Stage 19, run, end, 9848925251733771
1787729859.413715, NoOp Chain Depth 64 Size 0 Mode ref, Ref Stage 20, run, start, 9848925251774891
1787729859.413738, NoOp Chain Depth 64 Size 0 Mode ref, Ref Stage 20, run, end, 9848925251797531
1787729859.413777, NoOp Chain Depth 64 Size 0 Mode ref, Ref Stage 21, run, start, 9848925251836763
1787729859.413800, NoOp Chain Depth 64 Size 0 Mode ref, Ref Stage 21, run, end, 9848925251858939
1787729859.413838, NoOp Chain Depth 64 Size 0 Mode ref, Ref Stage 22, run, start, 9848925251897659
1787729859.413861, NoOp Chain Depth 64 Size 0 Mode ref, Ref Stage 22, run, end, 9848925251920203
1787729859.413900, NoOp Chain Depth 64 Size 0 Mode ref, Ref Stage 23, run, start, 9848925251959483
1787729859.413922, NoOp Chain Depth 64 Size 0 Mode ref, Ref Stage 23, run, end, 9848925251981467
1787729859.413966, NoOp Chain Depth 64 Size 0 Mode ref, Ref Stage 24, run, start, 9848925252025915
1787729859.413989, NoOp Chain Depth 64 Size 0 Mode ref, Ref Stage 24, run, end, 9848925252048619
1787729859.414028, NoOp Chain Depth 64 Size 0 Mode ref, Ref Stage 25, run, start, 9848925252087835
1787729859.414051, NoOp Chain Depth 64 Size 0 Mode ref, Ref Stage 25, run, end, 9848925252110411
1787729859.414089, NoOp Chain Depth 64 Size 0 Mode ref, Ref Stage 26, run, start, 9848925252149179
1787729859.414115, NoOp Chain Depth 64 Size 0 Mode ref, Ref Stage 26, run, end, 9848925252174219
1787729859.414129, NoOp Chain Depth 64 Size 0 Mode ref, Ref Stage 27, run, start, 9848925252188075
1787729859.414187, NoOp Chain Depth 64 Size 0 Mode ref, Ref Stage 27, run, end, 9848925252246891
1787729859.414203, NoOp Chain Depth 64 Size 0 Mode ref, Ref Stage 28, run, start, 9848925252262587
1787729859.414225, NoOp Chain Depth 64 Size 0 Mode ref, Ref Stage 28, run, end, 9848925252284827
1787729859.414241, NoOp Chain Depth 64 Size 0 Mode ref, Ref Stage 29, run, start, 9848925252300267
1787729859.414263, NoOp Chain Depth 64 Size 0 Mode ref, Ref Stage 29, run, end, 9848925252322731
1787729859.414344, NoOp Chain Depth 64 Size 0 Mode ref, Ref Stage 30, run, start, 9848925252403691
1787729859.414367, NoOp Chain Depth 64 Size 0 Mode ref, Ref Stage 30, run, end, 9848925252426187
1787729859.414406, NoOp Chain Depth 64 Size 0 Mode ref, Ref Stage 31, run, start, 9848925252465739
1787729859.414429, NoOp Chain Depth 64 Size 0 Mode ref, Ref Stage 31, run, end, 9848925252488219
1787729859.414469, NoOp Chain Depth 64 Size 0 Mode ref, Ref Stage 32, run, start, 9848925252527979
1787729859.414491, NoOp Chain Depth 64 Size 0 Mode ref, Ref Stage 32, run, end, 9848925252550586
1787729859.414532, NoOp Chain Depth 64 Size 0 Mode ref, Ref Stage 33, run, start, 9848925252591274
1787729859.414554, NoOp Chain Depth 64 Size 0 Mode ref, Ref Stage 33, run, end, 9848925252613498
1787729859.414593, NoOp Chain Depth 64 Size 0 Mode ref, Ref Stage 34, run, start, 9848925252652874
1787729859.414616, NoOp Chain Depth 64 Size 0 Mode ref, Ref Stage 34, run, end, 9848925252675610
1787729859.414656, NoOp Chain Depth 64 Size 0 Mode ref, Ref Stage 35, run, start, 9848925252715402
1787729859.414679, NoOp Chain Depth 64 Size 0 Mode ref, Ref Stage 35, run, end, 9848925252738058
1787729859.414718, NoOp Chain Depth 64 Size 0 Mode ref, Ref Stage 36, run, start, 9848925252777770
1787729859.414741, NoOp Chain Depth 64 Size 0 Mode ref, Ref Stage 36, run, end, 9848925252800346
1787729859.414781, NoOp Chain Depth 64 Size 0 Mode ref, Ref Stage 37, run, start, 9848925252840810
1787729859.414804, NoOp Chain Depth 64 Size 0 Mode ref, Ref Stage 37, run, end, 9848925252863578
1787729859.414844, NoOp Chain Depth 64 Size 0 Mode ref, Ref Stage 38, run, start, 9848925252903898
1787729859.414866, NoOp Chain Depth 64 Size 0 Mode ref, Ref Stage 38, run, end, 9848925252925914
1787729859.414906, NoOp Chain Depth 64 Size 0 Mode ref, Ref Stage 39, run, start, 9848925252965018
1787729859.414928, NoOp Chain Depth 64 Size 0 Mode ref, Ref Stage 39, run, end, 9848925252987450
1787729859.414972, NoOp Chain Depth 64 Size 0 Mode ref, Ref Stage 40, run, start, 9848925253031226
1787729859.414995, NoOp Chain Depth 64 Size 0 Mode ref, Ref Stage 40, run, end, 9848925253054122
1787729859.415035, NoOp Chain Depth 64 Size 0 Mode ref, Ref Stage 41, run, start, 9848925253094762
1787729859.415058, NoOp Chain Depth 64 Size 0 Mode ref, Ref Stage 41, run, end, 9848925253117178
1787729859.415097, NoOp Chain Depth 64 Size 0 Mode ref, Ref Stage 42, run, start, 9848925253156938
1787729859.415120, NoOp Chain Depth 64 Size 0 Mode ref, Ref Stage 42, run, end, 9848925253179338
1787729859.415159, NoOp Chain Depth 64 Size 0 Mode ref, Ref Stage 43, run, start, 9848925253218986
1787729859.415182, NoOp Chain Depth 64 Size 0 Mode ref, Ref Stage 43, run, end, 9848925253241578
1787729859.415221, NoOp Chain Depth 64 Size 0 Mode ref, Ref Stage 44, run, start, 9848925253280890
1787729859.415244, NoOp Chain Depth 64 Size 0 Mode ref, Ref Stage 44, run, end, 9848925253303594
1787729859.415283, NoOp Chain Depth 64 Size 0 Mode ref, Ref Stage 45, run, start, 9848925253343098
1787729859.415306, NoOp Chain Depth 64 Size 0 Mode ref, Ref Stage 45, run, end, 9848925253365466
1787729859.415345, NoOp Chain Depth 64 Size 0 Mode ref, Ref Stage 46, run, start, 9848925253404538
1787729859.415368, NoOp Chain Depth 64 Size 0 Mode ref, Ref Stage 46, run, end, 9848925253427242
1787729859.415407, NoOp Chain Depth 64 Size 0 Mode ref, Ref Stage 47, run, start, 9848925253466730
1787729859.415430, NoOp Chain Depth 64 Size 0 Mode ref, Ref Stage 47, run, end, 9848925253488970
1787729859.415445, NoOp Chain Depth 64 Size 0 Mode ref, Ref Stage 48, run, start, 9848925253504746
1787729859.415468, NoOp Chain Depth 64 Size 0 Mode ref, Ref Stage 48, run, end, 9848925253527178
1787729859.415527, NoOp Chain Depth 64 Size 0 Mode ref, Ref Stage 49, run, start, 9848925253586618
1787729859.415551, NoOp Chain Depth 64 Size 0 Mode ref, Ref Stage 49, run, end, 9848925253610938
1787729859.415564, NoOp Chain Depth 64 Size 0 Mode ref, Ref Stage 50, run, start, 9848925253623578
1787729859.415598, NoOp Chain Depth 64 Size 0 Mode ref, Ref Stage 50, run, end, 9848925253657514
1787729859.415614, NoOp Chain Depth 64 Size 0 Mode ref, Ref Stage 51, run, start, 9848925253673002
1787729859.415637, NoOp Chain Depth 64 Size 0 Mode ref, Ref Stage 51, run, end, 9848925253695706
1787729859.415652, NoOp Chain Depth 64 Size 0 Mode ref, Ref Stage 52, run, start, 9848925253711050
1787729859.415674, NoOp Chain Depth 64 Size 0 Mode ref, Ref Stage 52, run, end, 9848925253733402
1787729859.415689, NoOp Chain Depth 64 Size 0 Mode ref, Ref Stage 53, run, start, 9848925253748922
1787729859.415713, NoOp Chain Depth 64 Size 0 Mode ref, Ref Stage 53, run, end, 9848925253772858
1787729859.415740, NoOp Chain Depth 64 Size 0 Mode ref, Ref Stage 54, run, start, 9848925253800010
1787729859.415763, NoOp Chain Depth 64 Size 0 Mode ref, Ref Stage 54, run, end, 9848925253822922
1787729859.415781, NoOp Chain Depth 64 Size 0 Mode ref, Ref Stage 55, run, start, 9848925253841850
1787729859.415811, NoOp Chain Depth 64 Size 0 Mode ref, Ref Stage 55, run, end, 9848925253870602
1787729859.415828, NoOp Chain Depth 64 Size 0 Mode ref, Ref Stage 56, run, start, 9848925253887738
1787729859.415851, NoOp Chain Depth 64 Size 0 Mode ref, Ref Stage 56, run, end, 9848925253910026
1787729859.416031, NoOp Chain Depth 64 Size 0 Mode ref, Ref Stage 57, run, start, 9848925254090810
1787729859.416055, NoOp Chain Depth 64 Size 0 Mode ref, Ref Stage 57, run, end, 9848925254114186
1787729859.416070, NoOp Chain Depth 64 Size 0 Mode ref, Ref Stage 58, run, start, 9848925254129722
1787729859.416092, NoOp Chain Depth 64 Size 0 Mode ref, Ref Stage 58, run, end, 9848925254151658
1787729859.416155, NoOp Chain Depth 64 Size 0 Mode ref, Ref Stage 59, run, start, 9848925254213994
1787729859.416177, NoOp Chain Depth 64 Size 0 Mode ref, Ref Stage 59, run, end, 9848925254235994
1787729859.416192, NoOp Chain Depth 64 Size 0 Mode ref, Ref Stage 60, run, start, 9848925254251530
1787729859.416215, NoOp Chain Depth 64 Size 0 Mode ref, Ref Stage 60, run, end, 9848925254274666
1787729859.416299, NoOp Chain Depth 64 Size 0 Mode ref, Ref Stage 61, run, start, 9848925254362682
1787729859.416351, NoOp Chain Depth 64 Size 0 Mode ref, Ref Stage 61, run, end, 9848925254412730
1787729859.416378, NoOp Chain Depth 64 Size 0 Mode ref, Ref Stage 62, run, start, 9848925254438762
1787729859.416406, NoOp Chain Depth 64 Size 0 Mode ref, Ref Stage 62, run, end, 9848925254465658
1787729859.416464, NoOp Chain Depth 64 Size 0 Mode ref, Ref Stage 63, run, start, 9848925254523961
1787729859.416487, NoOp Chain Depth 64 Size 0 Mode ref, Ref Stage 63, run, end, 9848925254545993
1787729859.416503, NoOp Chain Depth 64 Size 0 Mode ref, pipeline - train, run, end, 68746813171379542648277903261001772497, 1787729859.412297, 8, 1, 9848925254562233
1787729859.416543, NoOp Chain Depth 64 Size 0 Mode ref, pipeline - train, run, start, 6847244364985849808185862064550490011, 1787729859.416533, 9, 1, 9848925254602889
1787729859.416567, NoOp Chain Depth 64 Size 0 Mode ref, Ref Stage 0, run, start, 9848925254626009
1787729859.416589, NoOp Chain Depth 64 Size 0 Mode ref, Ref Stage 0, run, end, 9848925254648041
1787729859.416604, NoOp Chain Depth 64 Size 0 Mode ref, Ref Stage 1, run, start, 9848925254663497
1787729859.416626, NoOp Chain Depth 64 Size 0 Mode ref, Ref Stage 1, run, end, 9848925254685769
1787729859.416734, NoOp Chain Depth 64 Size 0 Mode ref, Ref Stage 2, run, start, 9848925254793257
1787729859.416756, NoOp Chain Depth 64 Size 0 Mode ref, Ref Stage 2, run, end, 9848925254815593
1787729859.416796, NoOp Chain Depth 64 Size 0 Mode ref, Ref Stage 3, run, start, 9848925254855369
1787729859.416818, NoOp Chain Depth 64 Size 0 Mode ref, Ref Stage 3, run, end, 9848925254877385
1787729859.416858, NoOp Chain Depth 64 Size 0 Mode ref, Ref Stage 4, run, start, 9848925254917449
1787729859.416880, NoOp Chain Depth 64 Size 0 Mode ref, Ref Stage 4, run, end, 9848925254939385
1787729859.416919, NoOp Chain Depth 64 Size 0 Mode ref, Ref Stage 5, run, start, 9848925254978745
1787729859.416942, NoOp Chain Depth 64 Size 0 Mode ref, Ref Stage 5, run, end, 9848925255003017
1787729859.416984, NoOp Chain Depth 64 Size 0 Mode ref, Ref Stage 6, run, start, 9848925255043785
1787729859.417007, NoOp Chain Depth 64 Size 0 Mode ref, Ref Stage 6, run, end, 9848925255066249
1787729859.417047, NoOp Chain Depth 64 Size 0 Mode ref, Ref Stage 7, run, start, 9848925255106297
1787729859.417069, NoOp Chain Depth 64 Size 0 Mode ref, Ref Stage 7, run, end, 9848925255128521
1787729859.417109, NoOp Chain Depth 64 Size 0 Mode ref, Ref Stage 8, run, start, 9848925255168649
1787729859.417132, NoOp Chain Depth 64 Size 0 Mode ref, Ref Stage 8, run, end, 9848925255191145
1787729859.417172, NoOp Chain Depth 64 Size 0 Mode ref, Ref Stage 9, run, start, 9848925255231273
1787729859.417195, NoOp Chain Depth 64 Size 0 Mode ref, Ref Stage 9, run, end, 9848925255253769
1787729859.417235, NoOp Chain Depth 64 Size 0 Mode ref, Ref Stage 10, run, start, 9848925255294393
1787729859.417258, NoOp Chain Depth 64 Size 0 Mode ref, Ref Stage 10, run, end, 9848925255316713
1787729859.417297, NoOp Chain Depth 64 Size 0 Mode ref, Ref Stage 11, run, start, 9848925255356185
1787729859.417319, NoOp Chain Depth 64 Size 0 Mode ref, Ref Stage 11, run, end, 9848925255378393
1787729859.417358, NoOp Chain Depth 64 Size 0 Mode ref, Ref Stage 12, run, start, 9848925255417193
1787729859.417380, NoOp Chain Depth 64 Size 0 Mode ref, Ref Stage 12, run, end, 9848925255439385
1787729859.417419, NoOp Chain Depth 64 Size 0 Mode ref, Ref Stage 13, run, start, 9848925255478553
1787729859.417441, NoOp Chain Depth 64 Size 0 Mode ref, Ref Stage 13, run, end, 9848925255500521
1787729859.417480, NoOp Chain Depth 64 Size 0 Mode ref, Ref Stage 14, run, start, 9848925255538921
1787729859.417501, NoOp Chain Depth 64 Size 0 Mode ref, Ref Stage 14, run, end, 9848925255560793
1787729859.417540, NoOp Chain Depth 64 Size 0 Mode ref, Ref Stage 15, run, start, 9848925255599769
1787729859.417564, NoOp Chain Depth 64 Size 0 Mode ref, Ref Stage 15, run, end, 9848925255623097
1787729859.417603, NoOp Chain Depth 64 Size 0 Mode ref, Ref Stage 16, run, start, 9848925255662441
1787729859.417625, NoOp Chain Depth 64 Size 0 Mode ref, Ref Stage 16, run, end, 9848925255684617
1787729859.417666, NoOp Chain Depth 64 Size 0 Mode ref, Ref Stage 17, run, start, 9848925255725225
1787729859.417688, NoOp Chain Depth 64 Size 0 Mode ref, Ref Stage 17, run, end, 9848925255747273
1787729859.417728, NoOp Chain Depth 64 Size 0 Mode ref, Ref Stage 18, run, start, 9848925255787353
1787729859.417750, NoOp Chain Depth 64 Size 0 Mode ref, Ref Stage 18, run, end, 9848925255809497
1787729859.417789, NoOp Chain Depth 64 Size 0 Mode ref, Ref Stage 19, run, start, 9848925255848745
1787729859.417812, NoOp Chain Depth 64 Size 0 Mode ref, Ref Stage 19, run, end, 9848925255870969
1787729859.417850, NoOp Chain Depth 64 Size 0 Mode ref, Ref Stage 20, run, start, 9848925255909705
1787729859.417872, NoOp Chain Depth 64 Size 0 Mode ref, Ref Stage 20, run, end, 9848925255931737
1787729859.417911, NoOp Chain Depth 64 Size 0 Mode ref, Ref Stage 21, run, start, 9848925255970441
1787729859.417933, NoOp Chain Depth 64 Size 0 Mode ref, Ref Stage 21, run, end, 9848925255992425
1787729859.417974, NoOp Chain Depth 64 Size 0 Mode ref, Ref Stage 22, run, start, 9848925256033241
1787729859.417996, NoOp Chain Depth 64 Size 0 Mode ref, Ref Stage 22, run, end, 9848925256055625
1787729859.418035, NoOp Chain Depth 64 Size 0 Mode ref, Ref Stage 23, run, start, 9848925256094201
1787729859.418057, NoOp Chain Depth 64 Size 0 Mode ref, Ref Stage 23, run, end, 9848925256115945
1787729859.418095, NoOp Chain Depth 64 Size 0 Mode ref, Ref Stage 24, run, start, 9848925256154665
1787729859.418117, NoOp Chain Depth 64 Size 0 Mode ref, Ref Stage 24, run, end, 9848925256176265
1787729859.418155, NoOp Chain Depth 64 Size 0 Mode ref, Ref Stage 25, run, start, 9848925256214569
1787729859.418177, NoOp Chain Depth 64 Size 0 Mode ref, Ref Stage 25, run, end, 9848925256236665
1787729859.418216, NoOp Chain Depth 64 Size 0 Mode ref, Ref Stage 26, run, start, 9848925256275321
1787729859.418240, NoOp Chain Depth 64 Size 0 Mode ref, Ref Stage 26, run, end, 9848925256299721
1787729859.418254, NoOp Chain Depth 64 Size 0 Mode ref, Ref Stage 27, run, start, 9848925256312953
1787729859.418314, NoOp Chain Depth 64 Size 0 Mode ref, Ref Stage 27, run, end, 9848925256372729
1787729859.418341, NoOp Chain Depth 64 Size 0 Mode ref, Ref Stage 28, run, start, 9848925256399913
1787729859.418363, NoOp Chain Depth 64 Size 0 Mode ref, Ref Stage 28, run, end, 9848925256421737
1787729859.418377, NoOp Chain Depth 64 Size 0 Mode ref, Ref Stage 29, run, start, 9848925256436761
1787729859.418399, NoOp Chain Depth 64 Size 0 Mode ref, Ref Stage 29, run, end, 9848925256458537
1787729859.418414, NoOp Chain Depth 64 Size 0 Mode ref, Ref Stage 30, run, start, 9848925256473561
1787729859.418436, NoOp Chain Depth 64 Size 0 Mode ref, Ref Stage 30, run, end, 9848925256495512
1787729859.418452, NoOp Chain Depth 64 Size 0 Mode ref, Ref Stage 31, run, start, 9848925256510616
1787729859.418473, NoOp Chain Depth 64 Size 0 Mode ref, Ref Stage 31, run, end, 9848925256532296
1787729859.418591, NoOp Chain Depth 64 Size 0 Mode ref, Ref Stage 32, run, start, 9848925256650168
1787729859.418613, NoOp Chain Depth 64 Size 0 Mode ref, Ref Stage 32, run, end, 9848925256672056
1787729859.418628, NoOp Chain Depth 64 Size 0 Mode ref, Ref Stage 33, run, start, 9848925256687224
1787729859.418650, NoOp Chain Depth 64 Size 0 Mode ref, Ref Stage 33, run, end, 9848925256709032
1787729859.418665, NoOp Chain Depth 64 Size 0 Mode ref, Ref Stage 34, run, start, 9848925256724296
1787729859.418687, NoOp Chain Depth 64 Size 0 Mode ref, Ref Stage 34, run, end, 9848925256746408
1787729859.418767, NoOp Chain Depth 64 Size 0 Mode ref, Ref Stage 35, run, start, 9848925256826280
1787729859.418789, NoOp Chain Depth 64 Size 0 Mode ref, Ref Stage 35, run, end, 9848925256848472
1787729859.418804, NoOp Chain Depth 64 Size 0 Mode ref, Ref Stage 36, run, start, 9848925256863560
1787729859.418826, NoOp Chain Depth 64 Size 0 Mode ref, Ref Stage 36, run, end, 9848925256885464
1787729859.418886, NoOp Chain Depth 64 Size 0 Mode ref, Ref Stage 37, run, start, 9848925256945288
1787729859.418908, NoOp Chain Depth 64 Size 0 Mode ref, Ref Stage 37, run, end, 9848925256967032
1787729859.418925, NoOp Chain Depth 64 Size 0 Mode ref, Ref Stage 38, run, start, 9848925256983800
1787729859.418948, NoOp Chain Depth 64 Size 0 Mode ref, Ref Stage 38, run, end, 9848925257007368
1787729859.419008, NoOp Chain Depth 64 Size 0 Mode ref, Ref Stage 39, run, start, 9848925257067656
1787729859.419030, NoOp Chain Depth 64 Size 0 Mode ref, Ref Stage 39, run, end, 9848925257089688
1787729859.419046, NoOp Chain Depth 64 Size 0 Mode ref, Ref Stage 40, run, start, 9848925257104968
1787729859.419068, NoOp Chain Depth 64 Size 0 Mode ref, Ref Stage 40, run, end, 9848925257126808
1787729859.419127, NoOp Chain Depth 64 Size 0 Mode ref, Ref Stage 41, run, start, 9848925257186344
1787729859.419149, NoOp Chain Depth 64 Size 0 Mode ref, Ref Stage 41, run, end, 9848925257208232
1787729859.419164, NoOp Chain Depth 64 Size 0 Mode ref, Ref Stage 42, run, start, 9848925257223432
1787729859.419186, NoOp Chain Depth 64 Size 0 Mode ref, Ref Stage 42, run, end, 9848925257245112
1787729859.419246, NoOp Chain Depth 64 Size 0 Mode ref, Ref Stage 43, run, start, 9848925257305256
1787729859.419268, NoOp Chain Depth 64 Size 0 Mode ref, Ref Stage 43, run, end, 9848925257327128
1787729859.419283, NoOp Chain Depth 64 Size 0 Mode ref, Ref Stage 44, run, start, 9848925257342520
1787729859.419305, NoOp Chain Depth 64 Size 0 Mode ref, Ref Stage 44, run, end, 9848925257364344
1787729859.419363, NoOp Chain Depth 64 Size 0 Mode ref, Ref Stage 45, run, start, 9848925257423064
1787729859.419386, NoOp Chain Depth 64 Size 0 Mode ref, Ref Stage 45, run, end, 9848925257445016
1787729859.419401, NoOp Chain Depth 64 Size 0 Mode ref, Ref Stage 46, run, start, 9848925257460392
1787729859.419422, NoOp Chain Depth 64 Size 0 Mode ref, Ref Stage 46, run, end, 9848925257481752
1787729859.419481, NoOp Chain Depth 64 Size 0 Mode ref, Ref Stage 47, run, start, 9848925257541016
1787729859.419504, NoOp Chain Depth 64 Size 0 Mode ref, Ref Stage 47, run, end, 9848925257562760
1787729859.419518, NoOp Chain Depth 64 Size 0 Mode ref, Ref Stage 48, run, start, 9848925257577768
1787729859.419540, NoOp Chain Depth 64 Size 0 Mode ref, Ref Stage 48, run, end, 9848925257599032
1787729859.419599, NoOp Chain Depth 64 Size 0 Mode ref, Ref Stage 49, run, start, 9848925257658488
1787729859.419623, NoOp Chain Depth 64 Size 0 Mode ref, Ref Stage 49, run, end, 9848925257682760
1787729859.419636, NoOp Chain Depth 64 Size 0 Mode ref, Ref Stage 50, run, start, 9848925257694984
1787729859.419668, NoOp Chain Depth 64 Size 0 Mode ref, Ref Stage 50, run, end, 9848925257727736
1787729859.419684, NoOp Chain Depth 64 Size 0 Mode ref, Ref Stage 51, run, start, 9848925257743048
1787729859.419705, NoOp Chain Depth 64 Size 0 Mode ref, Ref Stage 51, run, end, 9848925257764392
1787729859.419720, NoOp Chain Depth 64 Size 0 Mode ref, Ref Stage 52, run, start, 9848925257778936
1787729859.419741, NoOp Chain Depth 64 Size 0 Mode ref, Ref Stage 52, run, end, 9848925257800456
1787729859.419756, NoOp Chain Depth 64 Size 0 Mode ref, Ref Stage 53, run, start, 9848925257815560
1787729859.419778, NoOp Chain Depth 64 Size 0 Mode ref, Ref Stage 53, run, end, 9848925257836760
1787729859.419792, NoOp Chain Depth 64 Size 0 Mode ref, Ref Stage 54, run, start, 9848925257851576
1787729859.419814, NoOp Chain Depth 64 Size 0 Mode ref, Ref Stage 54, run, end, 9848925257873096
1787729859.419828, NoOp Chain Depth 64 Size 0 Mode ref, Ref Stage 55, run, start, 9848925257887880
1787729859.419851, NoOp Chain Depth 64 Size 0 Mode ref, Ref Stage 55, run, end, 9848925257909704
1787729859.419865, NoOp Chain Depth 64 Size 0 Mode ref, Ref Stage 56, run, start, 9848925257924264
1787729859.419887, NoOp Chain Depth 64 Size 0 Mode ref, Ref Stage 56, run, end, 9848925257945800
1787729859.419901, NoOp Chain Depth 64 Size 0 Mode ref, Ref Stage 57, run, start, 9848925257960888
1787729859.419923, NoOp Chain Depth 64 Size 0 Mode ref, Ref Stage 57, run, end, 9848925257982392
1787729859.419938, NoOp Chain Depth 64 Size 0 Mode ref, Ref Stage 58, run, start, 9848925257997448
1787729859.419962, NoOp Chain Depth 64 Size 0 Mode ref, Ref Stage 58, run, end, 9848925258021304
1787729859.420184, NoOp Chain Depth 64 Size 0 Mode ref, Ref Stage 59, run, start, 9848925258243160
1787729859.420206, NoOp Chain Depth 64 Size 0 Mode ref, Ref Stage 59, run, end, 9848925258265656
1787729859.420222, NoOp Chain Depth 64 Size 0 Mode ref, Ref Stage 60, run, start, 9848925258280984
1787729859.420244, NoOp Chain Depth 64 Size 0 Mode ref, Ref Stage 60, run, end, 9848925258303816
1787729859.420331, NoOp Chain Depth 64 Size 0 Mode ref, Ref Stage 61, run, start, 9848925258393479
1787729859.420372, NoOp Chain Depth 64 Size 0 Mode ref, Ref Stage 61, run, end, 9848925258432503
1787729859.420397, NoOp Chain Depth 64 Size 0 Mode ref, Ref Stage 62, run, start, 9848925258457271
1787729859.420424, NoOp Chain Depth 64 Size 0 Mode ref, Ref Stage 62, run, end, 9848925258483303
1787729859.420485, NoOp Chain Depth 64 Size 0 Mode ref, Ref Stage 63, run, start, 9848925258544295
1787729859.420507, NoOp Chain Depth 64 Size 0 Mode ref, Ref Stage 63, run, end, 9848925258565975
1787729859.420522, NoOp Chain Depth 64 Size 0 Mode ref, pipeline - train, run, end, 6847244364985849808185862064550490011, 1787729859.416533, 9, 1, 9848925258581751
1787729859.420562, NoOp Chain Depth 64 Size 0 Mode ref, pipeline - train, run, start, 120240229094444877429683944697517672252, 1787729859.420552, 10, 1, 9848925258621575
1787729859.420585, NoOp Chain Depth 64 Size 0 Mode ref, Ref Stage 0, run, start, 9848925258644519
1787729859.420608, NoOp Chain Depth 64 Size 0 Mode ref, Ref Stage 0, run, end, 9848925258666951
1787729859.420623, NoOp Chain Depth 64 Size 0 Mode ref, Ref Stage 1, run, start, 9848925258682247
1787729859.420645, NoOp Chain Depth 64 Size 0 Mode ref, Ref Stage 1, run, end, 9848925258704023
1787729859.420660, NoOp Chain Depth 64 Size 0 Mode ref, Ref Stage 2, run, start, 9848925258719303
1787729859.420682, NoOp Chain Depth 64 Size 0 Mode ref, Ref Stage 2, run, end, 9848925258741591
1787729859.420810, NoOp Chain Depth 64 Size 0 Mode ref, Ref Stage 3, run, start, 9848925258869063
1787729859.420832, NoOp Chain Depth 64 Size 0 Mode ref, Ref Stage 3, run, end, 9848925258891623
1787729859.420872, NoOp Chain Depth 64 Size 0 Mode ref, Ref Stage 4, run, start, 9848925258930983
1787729859.420894, NoOp Chain Depth 64 Size 0 Mode ref, Ref Stage 4, run, end, 9848925258953015
1787729859.420933, NoOp Chain Depth 64 Size 0 Mode ref, Ref Stage 5, run, start, 9848925258992071
1787729859.420957, NoOp Chain Depth 64 Size 0 Mode ref, Ref Stage 5, run, end, 9848925259016087
1787729859.420998, NoOp Chain Depth 64 Size 0 Mode ref, Ref Stage 6, run, start, 9848925259057031
1787729859.421020, NoOp Chain Depth 64 Size 0 Mode ref, Ref Stage 6, run, end, 9848925259079511
1787729859.421060, NoOp Chain Depth 64 Size 0 Mode ref, Ref Stage 7, run, start, 9848925259118887
1787729859.421082, NoOp Chain Depth 64 Size 0 Mode ref, Ref Stage 7, run, end, 9848925259140855
1787729859.421121, NoOp Chain Depth 64 Size 0 Mode ref, Ref Stage 8, run, start, 9848925259180119
1787729859.421143, NoOp Chain Depth 64 Size 0 Mode ref, Ref Stage 8, run, end, 9848925259202311
1787729859.421182, NoOp Chain Depth 64 Size 0 Mode ref, Ref Stage 9, run, start, 9848925259241479
1787729859.421205, NoOp Chain Depth 64 Size 0 Mode ref, Ref Stage 9, run, end, 9848925259263719
1787729859.421244, NoOp Chain Depth 64 Size 0 Mode ref, Ref Stage 10, run, start, 9848925259303095
1787729859.421266, NoOp Chain Depth 64 Size 0 Mode ref, Ref Stage 10, run, end, 9848925259325191
1787729859.421305, NoOp Chain Depth 64 Size 0 Mode ref, Ref Stage 11, run, start, 9848925259364567
1787729859.421327, NoOp Chain Depth 64 Size 0 Mode ref, Ref Stage 11, run, end, 9848925259386519
1787729859.421366, NoOp Chain Depth 64 Size 0 Mode ref, Ref Stage 12, run, start, 9848925259425783
1787729859.421389, NoOp Chain Depth 64 Size 0 Mode ref, Ref Stage 12, run, end, 9848925259448055
1787729859.421428, NoOp Chain Depth 64 Size 0 Mode ref, Ref Stage 13, run, start, 9848925259487751
1787729859.421451, NoOp Chain Depth 64 Size 0 Mode ref, Ref Stage 13, run, end, 9848925259509863
1787729859.421492, NoOp Chain Depth 64 Size 0 Mode ref, Ref Stage 14, run, start, 9848925259551015
1787729859.421514, NoOp Chain Depth 64 Size 0 Mode ref, Ref Stage 14, run, end, 9848925259572759
1787729859.421552, NoOp Chain Depth 64 Size 0 Mode ref, Ref Stage 15, run, start, 9848925259611671
1787729859.421574, NoOp Chain Depth 64 Size 0 Mode ref, Ref Stage 15, run, end, 9848925259633511
1787729859.421613, NoOp Chain Depth 64 Size 0 Mode ref, Ref Stage 16, run, start, 9848925259672327
1787729859.421635, NoOp Chain Depth 64 Size 0 Mode ref, Ref Stage 16, run, end, 9848925259694343
1787729859.421674, NoOp Chain Depth 64 Size 0 Mode ref, Ref Stage 17, run, start, 9848925259733191
1787729859.421696, NoOp Chain Depth 64 Size 0 Mode ref, Ref Stage 17, run, end, 9848925259755111
1787729859.421735, NoOp Chain Depth 64 Size 0 Mode ref, Ref Stage 18, run, start, 9848925259794247
1787729859.421757, NoOp Chain Depth 64 Size 0 Mode ref, Ref Stage 18, run, end, 9848925259816439
1787729859.421796, NoOp Chain Depth 64 Size 0 Mode ref, Ref Stage 19, run, start, 9848925259855255
1787729859.421818, NoOp Chain Depth 64 Size 0 Mode ref, Ref Stage 19, run, end, 9848925259877223
1787729859.421857, NoOp Chain Depth 64 Size 0 Mode ref, Ref Stage 20, run, start, 9848925259916759
1787729859.421879, NoOp Chain Depth 64 Size 0 Mode ref, Ref Stage 20, run, end, 9848925259938679
1787729859.421918, NoOp Chain Depth 64 Size 0 Mode ref, Ref Stage 21, run, start, 9848925259977719
1787729859.421941, NoOp Chain Depth 64 Size 0 Mode ref, Ref Stage 21, run, end, 9848925259999815
1787729859.421981, NoOp Chain Depth 64 Size 0 Mode ref, Ref Stage 22, run, start, 9848925260040951
1787729859.422004, NoOp Chain Depth 64 Size 0 Mode ref, Ref Stage 22, run, end, 9848925260062839
1787729859.422043, NoOp Chain Depth 64 Size 0 Mode ref, Ref Stage 23, run, start, 9848925260102071
1787729859.422065, NoOp Chain Depth 64 Size 0 Mode ref, Ref Stage 23, run, end, 9848925260123975
1787729859.422104, NoOp Chain Depth 64 Size 0 Mode ref, Ref Stage 24, run, start, 9848925260163063
1787729859.422126, NoOp Chain Depth 64 Size 0 Mode ref, Ref Stage 24, run, end, 9848925260184807
1787729859.422164, NoOp Chain Depth 64 Size 0 Mode ref, Ref Stage 25, run, start, 9848925260223959
1787729859.422187, NoOp Chain Depth 64 Size 0 Mode ref, Ref Stage 25, run, end, 9848925260245783
1787729859.422202, NoOp Chain Depth 64 Size 0 Mode ref, Ref Stage 26, run, start, 9848925260261319
1787729859.422224, NoOp Chain Depth 64 Size 0 Mode ref, Ref Stage 26, run, end, 9848925260283303
1787729859.422284, NoOp Chain Depth 64 Size 0 Mode ref, Ref Stage 27, run, start, 9848925260343079
1787729859.422307, NoOp Chain Depth 64 Size 0 Mode ref, Ref Stage 27, run, end, 9848925260367046
1787729859.422320, NoOp Chain Depth 64 Size 0 Mode ref, Ref Stage 28, run, start, 9848925260379510
1787729859.422353, NoOp Chain Depth 64 Size 0 Mode ref, Ref Stage 28, run, end, 9848925260411910
1787729859.422367, NoOp Chain Depth 64 Size 0 Mode ref, Ref Stage 29, run, start, 9848925260426534
1787729859.422389, NoOp Chain Depth 64 Size 0 Mode ref, Ref Stage 29, run, end, 9848925260448278
1787729859.422404, NoOp Chain Depth 64 Size 0 Mode ref, Ref Stage 30, run, start, 9848925260463670
1787729859.422426, NoOp Chain Depth 64 Size 0 Mode ref, Ref Stage 30, run, end, 9848925260485510
1787729859.422441, NoOp Chain Depth 64 Size 0 Mode ref, Ref Stage 31, run, start, 9848925260500726
1787729859.422466, NoOp Chain Depth 64 Size 0 Mode ref, Ref Stage 31, run, end, 9848925260525366
1787729859.422478, NoOp Chain Depth 64 Size 0 Mode ref, Ref Stage 32, run, start, 9848925260537638
1787729859.422614, NoOp Chain Depth 64 Size 0 Mode ref, Ref Stage 32, run, end, 9848925260673190
1787729859.422629, NoOp Chain Depth 64 Size 0 Mode ref, Ref Stage 33, run, start, 9848925260688310
1787729859.422650, NoOp Chain Depth 64 Size 0 Mode ref, Ref Stage 33, run, end, 9848925260709734
1787729859.422710, NoOp Chain Depth 64 Size 0 Mode ref, Ref Stage 34, run, start, 9848925260770006
1787729859.422733, NoOp Chain Depth 64 Size 0 Mode ref, Ref Stage 34, run, end, 9848925260792262
1787729859.422753, NoOp Chain Depth 64 Size 0 Mode ref, Ref Stage 35, run, start, 9848925260812358
1787729859.422775, NoOp Chain Depth 64 Size 0 Mode ref, Ref Stage 35, run, end, 9848925260834102
1787729859.422834, NoOp Chain Depth 64 Size 0 Mode ref, Ref Stage 36, run, start, 9848925260893734
1787729859.422856, NoOp Chain Depth 64 Size 0 Mode ref, Ref Stage 36, run, end, 9848925260915702
1787729859.422872, NoOp Chain Depth 64 Size 0 Mode ref, Ref Stage 37, run, start, 9848925260930918
1787729859.422893, NoOp Chain Depth 64 Size 0 Mode ref, Ref Stage 37, run, end, 9848925260952646
1787729859.422955, NoOp Chain Depth 64 Size 0 Mode ref, Ref Stage 38, run, start, 9848925261014342
1787729859.422977, NoOp Chain Depth 64 Size 0 Mode ref, Ref Stage 38, run, end, 9848925261037046
1787729859.422993, NoOp Chain Depth 64 Size 0 Mode ref, Ref Stage 39, run, start, 9848925261052038
1787729859.423014, NoOp Chain Depth 64 Size 0 Mode ref, Ref Stage 39, run, end, 9848925261073830
1787729859.423073, NoOp Chain Depth 64 Size 0 Mode ref, Ref Stage 40, run, start, 9848925261132646
1787729859.423096, NoOp Chain Depth 64 Size 0 Mode ref, Ref Stage 40, run, end, 9848925261155174
1787729859.423111, NoOp Chain Depth 64 Size 0 Mode ref, Ref Stage 41, run, start, 9848925261170310
1787729859.423133, NoOp Chain Depth 64 Size 0 Mode ref, Ref Stage 41, run, end, 9848925261192198
1787729859.423192, NoOp Chain Depth 64 Size 0 Mode ref, Ref Stage 42, run, start, 9848925261251526
1787729859.423214, NoOp Chain Depth 64 Size 0 Mode ref, Ref Stage 42, run, end, 9848925261273574
1787729859.423230, NoOp Chain Depth 64 Size 0 Mode ref, Ref Stage 43, run, start, 9848925261289078
1787729859.423251, NoOp Chain Depth 64 Size 0 Mode ref, Ref Stage 43, run, end, 9848925261310710
1787729859.423311, NoOp Chain Depth 64 Size 0 Mode ref, Ref Stage 44, run, start, 9848925261370182
1787729859.423333, NoOp Chain Depth 64 Size 0 Mode ref, Ref Stage 44, run, end, 9848925261392422
1787729859.423348, NoOp Chain Depth 64 Size 0 Mode ref, Ref Stage 45, run, start, 9848925261407494
1787729859.423370, NoOp Chain Depth 64 Size 0 Mode ref, Ref Stage 45, run, end, 9848925261429238
1787729859.423429, NoOp Chain Depth 64 Size 0 Mode ref, Ref Stage 46, run, start, 9848925261488166
1787729859.423451, NoOp Chain Depth 64 Size 0 Mode ref, Ref Stage 46, run, end, 9848925261510150
1787729859.423466, NoOp Chain Depth 64 Size 0 Mode ref, Ref Stage 47, run, start, 9848925261525046
1787729859.423487, NoOp Chain Depth 64 Size 0 Mode ref, Ref Stage 47, run, end, 9848925261546662
1787729859.423546, NoOp Chain Depth 64 Size 0 Mode ref, Ref Stage 48, run, start, 9848925261605062
1787729859.423571, NoOp Chain Depth 64 Size 0 Mode ref, Ref Stage 48, run, end, 9848925261630502
1787729859.423584, NoOp Chain Depth 64 Size 0 Mode ref, Ref Stage 49, run, start, 9848925261642774
1787729859.423617, NoOp Chain Depth 64 Size 0 Mode ref, Ref Stage 49, run, end, 9848925261676054
1787729859.423632, NoOp Chain Depth 64 Size 0 Mode ref, Ref Stage 50, run, start, 9848925261691510
1787729859.423654, NoOp Chain Depth 64 Size 0 Mode ref, Ref Stage 50, run, end, 9848925261712998
1787729859.423669, NoOp Chain Depth 64 Size 0 Mode ref, Ref Stage 51, run, start, 9848925261728006
1787729859.423690, NoOp Chain Depth 64 Size 0 Mode ref, Ref Stage 51, run, end, 9848925261749414
1787729859.423705, NoOp Chain Depth 64 Size 0 Mode ref, Ref Stage 52, run, start, 9848925261764342
1787729859.423727, NoOp Chain Depth 64 Size 0 Mode ref, Ref Stage 52, run, end, 9848925261786166
1787729859.423742, NoOp Chain Depth 64 Size 0 Mode ref, Ref Stage 53, run, start, 9848925261801030
1787729859.423765, NoOp Chain Depth 64 Size 0 Mode ref, Ref Stage 53, run, end, 9848925261824438
1787729859.423777, NoOp Chain Depth 64 Size 0 Mode ref, Ref Stage 54, run, start, 9848925261836758
1787729859.423810, NoOp Chain Depth 64 Size 0 Mode ref, Ref Stage 54, run, end, 9848925261868902
1787729859.423825, NoOp Chain Depth 64 Size 0 Mode ref, Ref Stage 55, run, start, 9848925261884294
1787729859.423847, NoOp Chain Depth 64 Size 0 Mode ref, Ref Stage 55, run, end, 9848925261906230
1787729859.423864, NoOp Chain Depth 64 Size 0 Mode ref, Ref Stage 56, run, start, 9848925261922854
1787729859.423885, NoOp Chain Depth 64 Size 0 Mode ref, Ref Stage 56, run, end, 9848925261944630
1787729859.423900, NoOp Chain Depth 64 Size 0 Mode ref, Ref Stage 57, run, start, 9848925261959526
1787729859.423922, NoOp Chain Depth 64 Size 0 Mode ref, Ref Stage 57, run, end, 9848925261981238
1787729859.423938, NoOp Chain Depth 64 Size 0 Mode ref, Ref Stage 58, run, start, 9848925261997398
1787729859.423964, NoOp Chain Depth 64 Size 0 Mode ref, Ref Stage 58, run, end, 9848925262023334
1787729859.423977, NoOp Chain Depth 64 Size 0 Mode ref, Ref Stage 59, run, start, 9848925262036982
1787729859.424234, NoOp Chain Depth 64 Size 0 Mode ref, Ref Stage 59, run, end, 9848925262293861
1787729859.424250, NoOp Chain Depth 64 Size 0 Mode ref, Ref Stage 60, run, start, 9848925262309301
1787729859.424273, NoOp Chain Depth 64 Size 0 Mode ref, Ref Stage 60, run, end, 9848925262332037
1787729859.424355, NoOp Chain Depth 64 Size 0 Mode ref, Ref Stage 61, run, start, 9848925262416709
1787729859.424391, NoOp Chain Depth 64 Size 0 Mode ref, Ref Stage 61, run, end, 9848925262451605
1787729859.424416, NoOp Chain Depth 64 Size 0 Mode ref, Ref Stage 62, run, start, 9848925262475877
1787729859.424443, NoOp Chain Depth 64 Size 0 Mode ref, Ref Stage 62, run, end, 9848925262502325
1787729859.424503, NoOp Chain Depth 64 Size 0 Mode ref, Ref Stage 63, run, start, 9848925262562469
1787729859.424525, NoOp Chain Depth 64 Size 0 Mode ref, Ref Stage 63, run, end, 9848925262584213
1787729859.424540, NoOp Chain Depth 64 Size 0 Mode ref, pipeline - train, run, end, 120240229094444877429683944697517672252, 1787729859.420552, 10, 1, 9848925262599493
1787729859.424581, NoOp Chain Depth 64 Size 0 Mode ref, pipeline - train, run, start, 83922784528007863769569281123982534871, 1787729859.424570, 11, 1, 9848925262640037
1787729859.424605, NoOp Chain Depth 64 Size 0 Mode ref, Ref Stage 0, run, start, 9848925262664501
1787729859.424627, NoOp Chain Depth 64 Size 0 Mode ref, Ref Stage 0, run, end, 9848925262686389
1787729859.424643, NoOp Chain Depth 64 Size 0 Mode ref, Ref Stage 1, run, start, 9848925262701749
1787729859.424665, NoOp Chain Depth 64 Size 0 Mode ref, Ref Stage 1, run, end, 9848925262724021
1787729859.424680, NoOp Chain Depth 64 Size 0 Mode ref, Ref Stage 2, run, start, 9848925262739237
1787729859.424702, NoOp Chain Depth 64 Size 0 Mode ref, Ref Stage 2, run, end, 9848925262761317
1787729859.424717, NoOp Chain Depth 64 Size 0 Mode ref, Ref Stage 3, run, start, 9848925262776629
1787729859.424740, NoOp Chain Depth 64 Size 0 Mode ref, Ref Stage 3, run, end, 9848925262799125
1787729859.424888, NoOp Chain Depth 64 Size 0 Mode ref, Ref Stage 4, run, start, 9848925262947093
1787729859.424910, NoOp Chain Depth 64 Size 0 Mode ref, Ref Stage 4, run, end, 9848925262969557
1787729859.424927, NoOp Chain Depth 64 Size 0 Mode ref, Ref Stage 5, run, start, 9848925262986437
1787729859.424951, NoOp Chain Depth 64 Size 0 Mode ref, Ref Stage 5, run, end, 9848925263010613
1787729859.425012, NoOp Chain Depth 64 Size 0 Mode ref, Ref Stage 6, run, start, 9848925263071077
1787729859.425035, NoOp Chain Depth 64 Size 0 Mode ref, Ref Stage 6, run, end, 9848925263093749
1787729859.425050, NoOp Chain Depth 64 Size 0 Mode ref, Ref Stage 7, run, start, 9848925263109013
1787729859.425072, NoOp Chain Depth 64 Size 0 Mode ref, Ref Stage 7, run, end, 9848925263130965
1787729859.425132, NoOp Chain Depth 64 Size 0 Mode ref, Ref Stage 8, run, start, 9848925263191077
1787729859.425154, NoOp Chain Depth 64 Size 0 Mode ref, Ref Stage 8, run, end, 9848925263213205
1787729859.425169, NoOp Chain Depth 64 Size 0 Mode ref, Ref Stage 9, run, start, 9848925263228501
1787729859.425191, NoOp Chain Depth 64 Size 0 Mode ref, Ref Stage 9, run, end, 9848925263250053
1787729859.425250, NoOp Chain Depth 64 Size 0 Mode ref, Ref Stage 10, run, start, 9848925263309653
1787729859.425273, NoOp Chain Depth 64 Size 0 Mode ref, Ref Stage 10, run, end, 9848925263332149
1787729859.425290, NoOp Chain Depth 64 Size 0 Mode ref, Ref Stage 11, run, start, 9848925263349605
1787729859.425312, NoOp Chain Depth 64 Size 0 Mode ref, Ref Stage 11, run, end, 9848925263371509
1787729859.425372, NoOp Chain Depth 64 Size 0 Mode ref, Ref Stage 12, run, start, 9848925263431541
1787729859.425395, NoOp Chain Depth 64 Size 0 Mode ref, Ref Stage 12, run, end, 9848925263453765
1787729859.425410, NoOp Chain Depth 64 Size 0 Mode ref, Ref Stage 13, run, start, 9848925263468965
1787729859.425432, NoOp Chain Depth 64 Size 0 Mode ref, Ref Stage 13, run, end, 9848925263491045
1787729859.425492, NoOp Chain Depth 64 Size 0 Mode ref, Ref Stage 14, run, start, 9848925263551157
1787729859.425514, NoOp Chain Depth 64 Size 0 Mode ref, Ref Stage 14, run, end, 9848925263573365
1787729859.425530, NoOp Chain Depth 64 Size 0 Mode ref, Ref Stage 15, run, start, 9848925263589045
1787729859.425552, NoOp Chain Depth 64 Size 0 Mode ref, Ref Stage 15, run, end, 9848925263611173
1787729859.425611, NoOp Chain Depth 64 Size 0 Mode ref, Ref Stage 16, run, start, 9848925263670453
1787729859.425633, NoOp Chain Depth 64 Size 0 Mode ref, Ref Stage 16, run, end, 9848925263692533
1787729859.425649, NoOp Chain Depth 64 Size 0 Mode ref, Ref Stage 17, run, start, 9848925263707909
1787729859.425670, NoOp Chain Depth 64 Size 0 Mode ref, Ref Stage 17, run, end, 9848925263729477
1787729859.425730, NoOp Chain Depth 64 Size 0 Mode ref, Ref Stage 18, run, start, 9848925263790133
1787729859.425753, NoOp Chain Depth 64 Size 0 Mode ref, Ref Stage 18, run, end, 9848925263812277
1787729859.425768, NoOp Chain Depth 64 Size 0 Mode ref, Ref Stage 19, run, start, 9848925263827413
1787729859.425790, NoOp Chain Depth 64 Size 0 Mode ref, Ref Stage 19, run, end, 9848925263848837
1787729859.425848, NoOp Chain Depth 64 Size 0 Mode ref, Ref Stage 20, run, start, 9848925263907653
1787729859.425870, NoOp Chain Depth 64 Size 0 Mode ref, Ref Stage 20, run, end, 9848925263929749
1787729859.425885, NoOp Chain Depth 64 Size 0 Mode ref, Ref Stage 21, run, start, 9848925263944869
1787729859.425907, NoOp Chain Depth 64 Size 0 Mode ref, Ref Stage 21, run, end, 9848925263966517
1787729859.425968, NoOp Chain Depth 64 Size 0 Mode ref, Ref Stage 22, run, start, 9848925264027205
1787729859.425990, NoOp Chain Depth 64 Size 0 Mode ref, Ref Stage 22, run, end, 9848925264049621
1787729859.426006, NoOp Chain Depth 64 Size 0 Mode ref, Ref Stage 23, run, start, 9848925264064805
1787729859.426028, NoOp Chain Depth 64 Size 0 Mode ref, Ref Stage 23, run, end, 9848925264086693
1787729859.426087, NoOp Chain Depth 64 Size 0 Mode ref, Ref Stage 24, run, start, 9848925264146644
1787729859.426110, NoOp Chain Depth 64 Size 0 Mode ref, Ref Stage 24, run, end, 9848925264168916
1787729859.426125, NoOp Chain Depth 64 Size 0 Mode ref, Ref Stage 25, run, start, 9848925264184228
1787729859.426147, NoOp Chain Depth 64 Size 0 Mode ref, Ref Stage 25, run, end, 9848925264205764
1787729859.426206, NoOp Chain Depth 64 Size 0 Mode ref, Ref Stage 26, run, start, 9848925264265204
1787729859.426228, NoOp Chain Depth 64 Size 0 Mode ref, Ref Stage 26, run, end, 9848925264287300
1787729859.426243, NoOp Chain Depth 64 Size 0 Mode ref, Ref Stage 27, run, start, 9848925264302500
1787729859.426265, NoOp Chain Depth 64 Size 0 Mode ref, Ref Stage 27, run, end, 9848925264324340
1787729859.426325, NoOp Chain Depth 64 Size 0 Mode ref, Ref Stage 28, run, start, 9848925264384532
1787729859.426349, NoOp Chain Depth 64 Size 0 Mode ref, Ref Stage 28, run, end, 9848925264408228
1787729859.426362, NoOp Chain Depth 64 Size 0 Mode ref, Ref Stage 29, run, start, 9848925264420756
1787729859.426396, NoOp Chain Depth 64 Size 0 Mode ref, Ref Stage 29, run, end, 9848925264454916
1787729859.426409, NoOp Chain Depth 64 Size 0 Mode ref, Ref Stage 30, run, start, 9848925264468804
1787729859.426485, NoOp Chain Depth 64 Size 0 Mode ref, Ref Stage 30, run, end, 9848925264544228
1787729859.426497, NoOp Chain Depth 64 Size 0 Mode ref, Ref Stage 31, run, start, 9848925264556180
1787729859.426531, NoOp Chain Depth 64 Size 0 Mode ref, Ref Stage 31, run, end, 9848925264589924
1787729859.426548, NoOp Chain Depth 64 Size 0 Mode ref, Ref Stage 32, run, start, 9848925264606724
1787729859.426569, NoOp Chain Depth 64 Size 0 Mode ref, Ref Stage 32, run, end, 9848925264628564
1787729859.426650, NoOp Chain Depth 64 Size 0 Mode ref, Ref Stage 33, run, start, 9848925264709844
1787729859.426673, NoOp Chain Depth 64 Size 0 Mode ref, Ref Stage 33, run, end, 9848925264731812
1787729859.426688, NoOp Chain Depth 64 Size 0 Mode ref, Ref Stage 34, run, start, 9848925264747124
1787729859.426709, NoOp Chain Depth 64 Size 0 Mode ref, Ref Stage 34, run, end, 9848925264768724
1787729859.426769, NoOp Chain Depth 64 Size 0 Mode ref, Ref Stage 35, run, start, 9848925264828388
1787729859.426791, NoOp Chain Depth 64 Size 0 Mode ref, Ref Stage 35, run, end, 9848925264850708
1787729859.426806, NoOp Chain Depth 64 Size 0 Mode ref, Ref Stage 36, run, start, 9848925264865908
1787729859.426828, NoOp Chain Depth 64 Size 0 Mode ref, Ref Stage 36, run, end, 9848925264887668
1787729859.426888, NoOp Chain Depth 64 Size 0 Mode ref, Ref Stage 37, run, start, 9848925264947252
1787729859.426910, NoOp Chain Depth 64 Size 0 Mode ref, Ref Stage 37, run, end, 9848925264969700
1787729859.426926, NoOp Chain Depth 64 Size 0 Mode ref, Ref Stage 38, run, start, 9848925264985188
1787729859.426949, NoOp Chain Depth 64 Size 0 Mode ref, Ref Stage 38, run, end, 9848925265008132
1787729859.427010, NoOp Chain Depth 64 Size 0 Mode ref, Ref Stage 39, run, start, 9848925265068980
1787729859.427032, NoOp Chain Depth 64 Size 0 Mode ref, Ref Stage 39, run, end, 9848925265091252
1787729859.427047, NoOp Chain Depth 64 Size 0 Mode ref, Ref Stage 40, run, start, 9848925265106468
1787729859.427069, NoOp Chain Depth 64 Size 0 Mode ref, Ref Stage 40, run, end, 9848925265127956
1787729859.427128, NoOp Chain Depth 64 Size 0 Mode ref, Ref Stage 41, run, start, 9848925265187300
1787729859.427150, NoOp Chain Depth 64 Size 0 Mode ref, Ref Stage 41, run, end, 9848925265209460
1787729859.427166, NoOp Chain Depth 64 Size 0 Mode ref, Ref Stage 42, run, start, 9848925265224676
1787729859.427187, NoOp Chain Depth 64 Size 0 Mode ref, Ref Stage 42, run, end, 9848925265246580
1787729859.427247, NoOp Chain Depth 64 Size 0 Mode ref, Ref Stage 43, run, start, 9848925265306244
1787729859.427269, NoOp Chain Depth 64 Size 0 Mode ref, Ref Stage 43, run, end, 9848925265328452
1787729859.427284, NoOp Chain Depth 64 Size 0 Mode ref, Ref Stage 44, run, start, 9848925265343540
1787729859.427306, NoOp Chain Depth 64 Size 0 Mode ref, Ref Stage 44, run, end, 9848925265365140
1787729859.427365, NoOp Chain Depth 64 Size 0 Mode ref, Ref Stage 45, run, start, 9848925265424340
1787729859.427387, NoOp Chain Depth 64 Size 0 Mode ref, Ref Stage 45, run, end, 9848925265446484
1787729859.427402, NoOp Chain Depth 64 Size 0 Mode ref, Ref Stage 46, run, start, 9848925265461716
1787729859.427424, NoOp Chain Depth 64 Size 0 Mode ref, Ref Stage 46, run, end, 9848925265483332
1787729859.427483, NoOp Chain Depth 64 Size 0 Mode ref, Ref Stage 47, run, start, 9848925265542356
1787729859.427507, NoOp Chain Depth 64 Size 0 Mode ref, Ref Stage 47, run, end, 9848925265565940
1787729859.427519, NoOp Chain Depth 64 Size 0 Mode ref, Ref Stage 48, run, start, 9848925265578372
1787729859.427552, NoOp Chain Depth 64 Size 0 Mode ref, Ref Stage 48, run, end, 9848925265611636
1787729859.427567, NoOp Chain Depth 64 Size 0 Mode ref, Ref Stage 49, run, start, 9848925265626756
1787729859.427589, NoOp Chain Depth 64 Size 0 Mode ref, Ref Stage 49, run, end, 9848925265648436
1787729859.427669, NoOp Chain Depth 64 Size 0 Mode ref, Ref Stage 50, run, start, 9848925265728116
1787729859.427691, NoOp Chain Depth 64 Size 0 Mode ref, Ref Stage 50, run, end, 9848925265750196
1787729859.427706, NoOp Chain Depth 64 Size 0 Mode ref, Ref Stage 51, run, start, 9848925265765284
1787729859.427729, NoOp Chain Depth 64 Size 0 Mode ref, Ref Stage 51, run, end, 9848925265788516
1787729859.427741, NoOp Chain Depth 64 Size 0 Mode ref, Ref Stage 52, run, start, 9848925265800420
1787729859.427773, NoOp Chain Depth 64 Size 0 Mode ref, Ref Stage 52, run, end, 9848925265832804
1787729859.427790, NoOp Chain Depth 64 Size 0 Mode ref, Ref Stage 53, run, start, 9848925265849572
1787729859.427812, NoOp Chain Depth 64 Size 0 Mode ref, Ref Stage 53, run, end, 9848925265870964
1787729859.427827, NoOp Chain Depth 64 Size 0 Mode ref, Ref Stage 54, run, start, 9848925265885988
1787729859.427850, NoOp Chain Depth 64 Size 0 Mode ref, Ref Stage 54, run, end, 9848925265909284
1787729859.427862, NoOp Chain Depth 64 Size 0 Mode ref, Ref Stage 55, run, start, 9848925265921620
1787729859.427895, NoOp Chain Depth 64 Size 0 Mode ref, Ref Stage 55, run, end, 9848925265954260
1787729859.427910, NoOp Chain Depth 64 Size 0 Mode ref, Ref Stage 56, run, start, 9848925265969492
1787729859.427933, NoOp Chain Depth 64 Size 0 Mode ref, Ref Stage 56, run, end, 9848925265991732
1787729859.427949, NoOp Chain Depth 64 Size 0 Mode ref, Ref Stage 57, run, start, 9848925266008500
1787729859.427972, NoOp Chain Depth 64 Size 0 Mode ref, Ref Stage 57, run, end, 9848925266031076
1787729859.427988, NoOp Chain Depth 64 Size 0 Mode ref, Ref Stage 58, run, start, 9848925266047156
1787729859.428010, NoOp Chain Depth 64 Size 0 Mode ref, Ref Stage 58, run, end, 9848925266069268
1787729859.428025, NoOp Chain Depth 64 Size 0 Mode ref, Ref Stage 59, run, start, 9848925266084196
1787729859.428047, NoOp Chain Depth 64 Size 0 Mode ref, Ref Stage 59, run, end, 9848925266106164
1787729859.428062, NoOp Chain Depth 64 Size 0 Mode ref, Ref Stage 60, run, start, 9848925266121124
1787729859.428085, NoOp Chain Depth 64 Size 0 Mode ref, Ref Stage 60, run, end, 9848925266144116
1787729859.428108, NoOp Chain Depth 64 Size 0 Mode ref, Ref Stage 61, run, start, 9848925266170644
1787729859.428146, NoOp Chain Depth 64 Size 0 Mode ref, Ref Stage 61, run, end, 9848925266206035
1787729859.428169, NoOp Chain Depth 64 Size 0 Mode ref, Ref Stage 62, run, start, 9848925266229123
1787729859.428196, NoOp Chain Depth 64 Size 0 Mode ref, Ref Stage 62, run, end, 9848925266255331
1787729859.428481, NoOp Chain Depth 64 Size 0 Mode ref, Ref Stage 63, run, start, 9848925266540499
1787729859.428503, NoOp Chain Depth 64 Size 0 Mode ref, Ref Stage 63, run, end, 9848925266562547
1787729859.428519, NoOp Chain Depth 64 Size 0 Mode ref, pipeline - train, run, end, 83922784528007863769569281123982534871, 1787729859.424570, 11, 1, 9848925266577971
1787729859.428556, NoOp Chain Depth 64 Size 0 Mode ref, pipeline - train, run, start, 201242846068087481689369836231973204405, 1787729859.428543, 12, 1, 9848925266616051
1787729859.428579, NoOp Chain Depth 64 Size 0 Mode ref, Ref Stage 0, run, start, 9848925266638659
1787729859.428601, NoOp Chain Depth 64 Size 0 Mode ref, Ref Stage 0, run, end, 9848925266660659
1787729859.428617, NoOp Chain Depth 64 Size 0 Mode ref, Ref Stage 1, run, start, 9848925266676179
1787729859.428639, NoOp Chain Depth 64 Size 0 Mode ref, Ref Stage 1, run, end, 9848925266698115
1787729859.428654, NoOp Chain Depth 64 Size 0 Mode ref, Ref Stage 2, run, start, 9848925266713139
1787729859.428676, NoOp Chain Depth 64 Size 0 Mode ref, Ref Stage 2, run, end, 9848925266734995
1787729859.428691, NoOp Chain Depth 64 Size 0 Mode ref, Ref Stage 3, run, start, 9848925266750035
1787729859.428712, NoOp Chain Depth 64 Size 0 Mode ref, Ref Stage 3, run, end, 9848925266771859
1787729859.428728, NoOp Chain Depth 64 Size 0 Mode ref, Ref Stage 4, run, start, 9848925266787795
1787729859.428750, NoOp Chain Depth 64 Size 0 Mode ref, Ref Stage 4, run, end, 9848925266809507
1787729859.428766, NoOp Chain Depth 64 Size 0 Mode ref, Ref Stage 5, run, start, 9848925266824819
1787729859.428788, NoOp Chain Depth 64 Size 0 Mode ref, Ref Stage 5, run, end, 9848925266846947
1787729859.428977, NoOp Chain Depth 64 Size 0 Mode ref, Ref Stage 6, run, start, 9848925267036307
1787729859.429000, NoOp Chain Depth 64 Size 0 Mode ref, Ref Stage 6, run, end, 9848925267059635
1787729859.429016, NoOp Chain Depth 64 Size 0 Mode ref, Ref Stage 7, run, start, 9848925267075171
1787729859.429038, NoOp Chain Depth 64 Size 0 Mode ref, Ref Stage 7, run, end, 9848925267096963
1787729859.429054, NoOp Chain Depth 64 Size 0 Mode ref, Ref Stage 8, run, start, 9848925267113667
1787729859.429076, NoOp Chain Depth 64 Size 0 Mode ref, Ref Stage 8, run, end, 9848925267135539
1787729859.429156, NoOp Chain Depth 64 Size 0 Mode ref, Ref Stage 9, run, start, 9848925267215939
1787729859.429178, NoOp Chain Depth 64 Size 0 Mode ref, Ref Stage 9, run, end, 9848925267237539
1787729859.429193, NoOp Chain Depth 64 Size 0 Mode ref, Ref Stage 10, run, start, 9848925267252451
1787729859.429215, NoOp Chain Depth 64 Size 0 Mode ref, Ref Stage 10, run, end, 9848925267274195
1787729859.429274, NoOp Chain Depth 64 Size 0 Mode ref, Ref Stage 11, run, start, 9848925267333347
1787729859.429296, NoOp Chain Depth 64 Size 0 Mode ref, Ref Stage 11, run, end, 9848925267355235
1787729859.429313, NoOp Chain Depth 64 Size 0 Mode ref, Ref Stage 12, run, start, 9848925267372323
1787729859.429335, NoOp Chain Depth 64 Size 0 Mode ref, Ref Stage 12, run, end, 9848925267394291
1787729859.429395, NoOp Chain Depth 64 Size 0 Mode ref, Ref Stage 13, run, start, 9848925267454179
1787729859.429417, NoOp Chain Depth 64 Size 0 Mode ref, Ref Stage 13, run, end, 9848925267476547
1787729859.429433, NoOp Chain Depth 64 Size 0 Mode ref, Ref Stage 14, run, start, 9848925267492163
1787729859.429455, NoOp Chain Depth 64 Size 0 Mode ref, Ref Stage 14, run, end, 9848925267514307
1787729859.429515, NoOp Chain Depth 64 Size 0 Mode ref, Ref Stage 15, run, start, 9848925267574115
1787729859.429537, NoOp Chain Depth 64 Size 0 Mode ref, Ref Stage 15, run, end, 9848925267596323
1787729859.429552, NoOp Chain Depth 64 Size 0 Mode ref, Ref Stage 16, run, start, 9848925267611539
1787729859.429574, NoOp Chain Depth 64 Size 0 Mode ref, Ref Stage 16, run, end, 9848925267632947
1787729859.429633, NoOp Chain Depth 64 Size 0 Mode ref, Ref Stage 17, run, start, 9848925267692355
1787729859.429655, NoOp Chain Depth 64 Size 0 Mode ref, Ref Stage 17, run, end, 9848925267714227
1787729859.429670, NoOp Chain Depth 64 Size 0 Mode ref, Ref Stage 18, run, start, 9848925267729443
1787729859.429692, NoOp Chain Depth 64 Size 0 Mode ref, Ref Stage 18, run, end, 9848925267751123
1787729859.429751, NoOp Chain Depth 64 Size 0 Mode ref, Ref Stage 19, run, start, 9848925267810131
1787729859.429773, NoOp Chain Depth 64 Size 0 Mode ref, Ref Stage 19, run, end, 9848925267832035
1787729859.429788, NoOp Chain Depth 64 Size 0 Mode ref, Ref Stage 20, run, start, 9848925267847059
1787729859.429809, NoOp Chain Depth 64 Size 0 Mode ref, Ref Stage 20, run, end, 9848925267868419
1787729859.429868, NoOp Chain Depth 64 Size 0 Mode ref, Ref Stage 21, run, start, 9848925267927171
1787729859.429890, NoOp Chain Depth 64 Size 0 Mode ref, Ref Stage 21, run, end, 9848925267949283
1787729859.429905, NoOp Chain Depth 64 Size 0 Mode ref, Ref Stage 22, run, start, 9848925267964131
1787729859.429927, NoOp Chain Depth 64 Size 0 Mode ref, Ref Stage 22, run, end, 9848925267985779
1787729859.429988, NoOp Chain Depth 64 Size 0 Mode ref, Ref Stage 23, run, start, 9848925268047107
1787729859.430011, NoOp Chain Depth 64 Size 0 Mode ref, Ref Stage 23, run, end, 9848925268069891
1787729859.430026, NoOp Chain Depth 64 Size 0 Mode ref, Ref Stage 24, run, start, 9848925268085330
1787729859.430048, NoOp Chain Depth 64 Size 0 Mode ref, Ref Stage 24, run, end, 9848925268106786
1787729859.430107, NoOp Chain Depth 64 Size 0 Mode ref, Ref Stage 25, run, start, 9848925268166098
1787729859.430129, NoOp Chain Depth 64 Size 0 Mode ref, Ref Stage 25, run, end, 9848925268188066
1787729859.430144, NoOp Chain Depth 64 Size 0 Mode ref, Ref Stage 26, run, start, 9848925268203250
1787729859.430166, NoOp Chain Depth 64 Size 0 Mode ref, Ref Stage 26, run, end, 9848925268224978
1787729859.430225, NoOp Chain Depth 64 Size 0 Mode ref, Ref Stage 27, run, start, 9848925268284514
1787729859.430247, NoOp Chain Depth 64 Size 0 Mode ref, Ref Stage 27, run, end, 9848925268306114
1787729859.430262, NoOp Chain Depth 64 Size 0 Mode ref, Ref Stage 28, run, start, 9848925268321506
1787729859.430284, NoOp Chain Depth 64 Size 0 Mode ref, Ref Stage 28, run, end, 9848925268343122
1787729859.430345, NoOp Chain Depth 64 Size 0 Mode ref, Ref Stage 29, run, start, 9848925268404194
1787729859.430367, NoOp Chain Depth 64 Size 0 Mode ref, Ref Stage 29, run, end, 9848925268426066
1787729859.430382, NoOp Chain Depth 64 Size 0 Mode ref, Ref Stage 30, run, start, 9848925268441666
1787729859.430404, NoOp Chain Depth 64 Size 0 Mode ref, Ref Stage 30, run, end, 9848925268463458
1787729859.430464, NoOp Chain Depth 64 Size 0 Mode ref, Ref Stage 31, run, start, 9848925268523602
1787729859.430486, NoOp Chain Depth 64 Size 0 Mode ref, Ref Stage 31, run, end, 9848925268545186
1787729859.430501, NoOp Chain Depth 64 Size 0 Mode ref, Ref Stage 32, run, start, 9848925268560466
1787729859.430523, NoOp Chain Depth 64 Size 0 Mode ref, Ref Stage 32, run, end, 9848925268582178
1787729859.430583, NoOp Chain Depth 64 Size 0 Mode ref, Ref Stage 33, run, start, 9848925268642018
1787729859.430605, NoOp Chain Depth 64 Size 0 Mode ref, Ref Stage 33, run, end, 9848925268664082
1787729859.430620, NoOp Chain Depth 64 Size 0 Mode ref, Ref Stage 34, run, start, 9848925268679522
1787729859.430642, NoOp Chain Depth 64 Size 0 Mode ref, Ref Stage 34, run, end, 9848925268701346
1787729859.430701, NoOp Chain Depth 64 Size 0 Mode ref, Ref Stage 35, run, start, 9848925268760818
1787729859.430724, NoOp Chain Depth 64 Size 0 Mode ref, Ref Stage 35, run, end, 9848925268783154
1787729859.430739, NoOp Chain Depth 64 Size 0 Mode ref, Ref Stage 36, run, start, 9848925268798274
1787729859.430761, NoOp Chain Depth 64 Size 0 Mode ref, Ref Stage 36, run, end, 9848925268819938
1787729859.430820, NoOp Chain Depth 64 Size 0 Mode ref, Ref Stage 37, run, start, 9848925268879394
1787729859.430842, NoOp Chain Depth 64 Size 0 Mode ref, Ref Stage 37, run, end, 9848925268901746
1787729859.430858, NoOp Chain Depth 64 Size 0 Mode ref, Ref Stage 38, run, start, 9848925268917122
1787729859.430879, NoOp Chain Depth 64 Size 0 Mode ref, Ref Stage 38, run, end, 9848925268938514
1787729859.430939, NoOp Chain Depth 64 Size 0 Mode ref, Ref Stage 39, run, start, 9848925268997970
1787729859.430963, NoOp Chain Depth 64 Size 0 Mode ref, Ref Stage 39, run, end, 9848925269021874
1787729859.430978, NoOp Chain Depth 64 Size 0 Mode ref, Ref Stage 40, run, start, 9848925269037218
1787729859.431000, NoOp Chain Depth 64 Size 0 Mode ref, Ref Stage 40, run, end, 9848925269058866
1787729859.431059, NoOp Chain Depth 64 Size 0 Mode ref, Ref Stage 41, run, start, 9848925269118594
1787729859.431082, NoOp Chain Depth 64 Size 0 Mode ref, Ref Stage 41, run, end, 9848925269140722
1787729859.431097, NoOp Chain Depth 64 Size 0 Mode ref, Ref Stage 42, run, start, 9848925269156194
1787729859.431118, NoOp Chain Depth 64 Size 0 Mode ref, Ref Stage 42, run, end, 9848925269177842
1787729859.431177, NoOp Chain Depth 64 Size 0 Mode ref, Ref Stage 43, run, start, 9848925269236770
1787729859.431200, NoOp Chain Depth 64 Size 0 Mode ref, Ref Stage 43, run, end, 9848925269258946
1787729859.431215, NoOp Chain Depth 64 Size 0 Mode ref, Ref Stage 44, run, start, 9848925269274146
1787729859.431236, NoOp Chain Depth 64 Size 0 Mode ref, Ref Stage 44, run, end, 9848925269295586
1787729859.431295, NoOp Chain Depth 64 Size 0 Mode ref, Ref Stage 45, run, start, 9848925269354946
1787729859.431318, NoOp Chain Depth 64 Size 0 Mode ref, Ref Stage 45, run, end, 9848925269377042
1787729859.431333, NoOp Chain Depth 64 Size 0 Mode ref, Ref Stage 46, run, start, 9848925269391986
1787729859.431357, NoOp Chain Depth 64 Size 0 Mode ref, Ref Stage 46, run, end, 9848925269415858
1787729859.431369, NoOp Chain Depth 64 Size 0 Mode ref, Ref Stage 47, run, start, 9848925269428322
1787729859.431444, NoOp Chain Depth 64 Size 0 Mode ref, Ref Stage 47, run, end, 9848925269503346
1787729859.431459, NoOp Chain Depth 64 Size 0 Mode ref, Ref Stage 48, run, start, 9848925269518578
1787729859.431481, NoOp Chain Depth 64 Size 0 Mode ref, Ref Stage 48, run, end, 9848925269540322
1787729859.431541, NoOp Chain Depth 64 Size 0 Mode ref, Ref Stage 49, run, start, 9848925269600274
1787729859.431563, NoOp Chain Depth 64 Size 0 Mode ref, Ref Stage 49, run, end, 9848925269622210
1787729859.431580, NoOp Chain Depth 64 Size 0 Mode ref, Ref Stage 50, run, start, 9848925269639138
1787729859.431602, NoOp Chain Depth 64 Size 0 Mode ref, Ref Stage 50, run, end, 9848925269660946
1787729859.431661, NoOp Chain Depth 64 Size 0 Mode ref, Ref Stage 51, run, start, 9848925269720066
1787729859.431685, NoOp Chain Depth 64 Size 0 Mode ref, Ref Stage 51, run, end, 9848925269744114
1787729859.431697, NoOp Chain Depth 64 Size 0 Mode ref, Ref Stage 52, run, start, 9848925269756050
1787729859.431729, NoOp Chain Depth 64 Size 0 Mode ref, Ref Stage 52, run, end, 9848925269788482
1787729859.431745, NoOp Chain Depth 64 Size 0 Mode ref, Ref Stage 53, run, start, 9848925269803762
1787729859.431766, NoOp Chain Depth 64 Size 0 Mode ref, Ref Stage 53, run, end, 9848925269825490
1787729859.431846, NoOp Chain Depth 64 Size 0 Mode ref, Ref Stage 54, run, start, 9848925269905154
1787729859.431868, NoOp Chain Depth 64 Size 0 Mode ref, Ref Stage 54, run, end, 9848925269927170
1787729859.431883, NoOp Chain Depth 64 Size 0 Mode ref, Ref Stage 55, run, start, 9848925269942337
1787729859.431905, NoOp Chain Depth 64 Size 0 Mode ref, Ref Stage 55, run, end, 9848925269963937
1787729859.431920, NoOp Chain Depth 64 Size 0 Mode ref, Ref Stage 56, run, start, 9848925269979057
1787729859.431941, NoOp Chain Depth 64 Size 0 Mode ref, Ref Stage 56, run, end, 9848925270002241
1787729859.431959, NoOp Chain Depth 64 Size 0 Mode ref, Ref Stage 57, run, start, 9848925270018033
1787729859.431980, NoOp Chain Depth 64 Size 0 Mode ref, Ref Stage 57, run, end, 9848925270039633
1787729859.431995, NoOp Chain Depth 64 Size 0 Mode ref, Ref Stage 58, run, start, 9848925270054449
1787729859.432019, NoOp Chain Depth 64 Size 0 Mode ref, Ref Stage 58, run, end, 9848925270078849
1787729859.432031, NoOp Chain Depth 64 Size 0 Mode ref, Ref Stage 59, run, start, 9848925270090865
1787729859.432168, NoOp Chain Depth 64 Size 0 Mode ref, Ref Stage 59, run, end, 9848925270226833
1787729859.432183, NoOp Chain Depth 64 Size 0 Mode ref, Ref Stage 60, run, start, 9848925270242145
1787729859.432206, NoOp Chain Depth 64 Size 0 Mode ref, Ref Stage 60, run, end, 9848925270264833
1787729859.432292, NoOp Chain Depth 64 Size 0 Mode ref, Ref Stage 61, run, start, 9848925270353937
1787729859.432331, NoOp Chain Depth 64 Size 0 Mode ref, Ref Stage 61, run, end, 9848925270391281
1787729859.432355, NoOp Chain Depth 64 Size 0 Mode ref, Ref Stage 62, run, start, 9848925270415809
1787729859.432385, NoOp Chain Depth 64 Size 0 Mode ref, Ref Stage 62, run, end, 9848925270444865
1787729859.432398, NoOp Chain Depth 64 Size 0 Mode ref, Ref Stage 63, run, start, 9848925270457841
1787729859.432478, NoOp Chain Depth 64 Size 0 Mode ref, Ref Stage 63, run, end, 9848925270537345
1787729859.432493, NoOp Chain Depth 64 Size 0 Mode ref, pipeline - train, run, end, 201242846068087481689369836231973204405, 1787729859.428543, 12, 1, 9848925270552529
1787729859.432565, NoOp Chain Depth 64 Size 0 Mode ref, pipeline - train, run, start, 229226621256602413133141021254362576260, 1787729859.432555, 13, 1, 9848925270624913
1787729859.432589, NoOp Chain Depth 64 Size 0 Mode ref, Ref Stage 0, run, start, 9848925270647937
1787729859.432611, NoOp Chain Depth 64 Size 0 Mode ref, Ref Stage 0, run, end, 9848925270670529
1787729859.432626, NoOp Chain Depth 64 Size 0 Mode ref, Ref Stage 1, run, start, 9848925270685745
1787729859.432649, NoOp Chain Depth 64 Size 0 Mode ref, Ref Stage 1, run, end, 9848925270708065
1787729859.432664, NoOp Chain Depth 64 Size 0 Mode ref, Ref Stage 2, run, start, 9848925270723473
1787729859.432686, NoOp Chain Depth 64 Size 0 Mode ref, Ref Stage 2, run, end, 9848925270745649
1787729859.432779, NoOp Chain Depth 64 Size 0 Mode ref, Ref Stage 3, run, start, 9848925270838273
1787729859.432801, NoOp Chain Depth 64 Size 0 Mode ref, Ref Stage 3, run, end, 9848925270860769
1787729859.432817, NoOp Chain Depth 64 Size 0 Mode ref, Ref Stage 4, run, start, 9848925270876033
1787729859.432839, NoOp Chain Depth 64 Size 0 Mode ref, Ref Stage 4, run, end, 9848925270897921
1787729859.432900, NoOp Chain Depth 64 Size 0 Mode ref, Ref Stage 5, run, start, 9848925270959297
1787729859.432926, NoOp Chain Depth 64 Size 0 Mode ref, Ref Stage 5, run, end, 9848925270985137
1787729859.432938, NoOp Chain Depth 64 Size 0 Mode ref, Ref Stage 6, run, start, 9848925270997105
1787729859.432975, NoOp Chain Depth 64 Size 0 Mode ref, Ref Stage 6, run, end, 9848925271034257
1787729859.432990, NoOp Chain Depth 64 Size 0 Mode ref, Ref Stage 7, run, start, 9848925271049393
1787729859.433012, NoOp Chain Depth 64 Size 0 Mode ref, Ref Stage 7, run, end, 9848925271071633
1787729859.433094, NoOp Chain Depth 64 Size 0 Mode ref, Ref Stage 8, run, start, 9848925271153377
1787729859.433117, NoOp Chain Depth 64 Size 0 Mode ref, Ref Stage 8, run, end, 9848925271175905
1787729859.433132, NoOp Chain Depth 64 Size 0 Mode ref, Ref Stage 9, run, start, 9848925271191201
1787729859.433154, NoOp Chain Depth 64 Size 0 Mode ref, Ref Stage 9, run, end, 9848925271213057
1787729859.433214, NoOp Chain Depth 64 Size 0 Mode ref, Ref Stage 10, run, start, 9848925271273953
1787729859.433237, NoOp Chain Depth 64 Size 0 Mode ref, Ref Stage 10, run, end, 9848925271296417
1787729859.433253, NoOp Chain Depth 64 Size 0 Mode ref, Ref Stage 11, run, start, 9848925271312049
1787729859.433275, NoOp Chain Depth 64 Size 0 Mode ref, Ref Stage 11, run, end, 9848925271333953
1787729859.433334, NoOp Chain Depth 64 Size 0 Mode ref, Ref Stage 12, run, start, 9848925271393185
1787729859.433356, NoOp Chain Depth 64 Size 0 Mode ref, Ref Stage 12, run, end, 9848925271415377
1787729859.433371, NoOp Chain Depth 64 Size 0 Mode ref, Ref Stage 13, run, start, 9848925271430641
1787729859.433393, NoOp Chain Depth 64 Size 0 Mode ref, Ref Stage 13, run, end, 9848925271452161
1787729859.433452, NoOp Chain Depth 64 Size 0 Mode ref, Ref Stage 14, run, start, 9848925271511649
1787729859.433475, NoOp Chain Depth 64 Size 0 Mode ref, Ref Stage 14, run, end, 9848925271533825
1787729859.433490, NoOp Chain Depth 64 Size 0 Mode ref, Ref Stage 15, run, start, 9848925271549521
1787729859.433512, NoOp Chain Depth 64 Size 0 Mode ref, Ref Stage 15, run, end, 9848925271571361
1787729859.433572, NoOp Chain Depth 64 Size 0 Mode ref, Ref Stage 16, run, start, 9848925271630929
1787729859.433594, NoOp Chain Depth 64 Size 0 Mode ref, Ref Stage 16, run, end, 9848925271652929
1787729859.433609, NoOp Chain Depth 64 Size 0 Mode ref, Ref Stage 17, run, start, 9848925271668321
1787729859.433631, NoOp Chain Depth 64 Size 0 Mode ref, Ref Stage 17, run, end, 9848925271690209
1787729859.433691, NoOp Chain Depth 64 Size 0 Mode ref, Ref Stage 18, run, start, 9848925271750097
1787729859.433713, NoOp Chain Depth 64 Size 0 Mode ref, Ref Stage 18, run, end, 9848925271772161
1787729859.433728, NoOp Chain Depth 64 Size 0 Mode ref, Ref Stage 19, run, start, 9848925271787345
1787729859.433750, NoOp Chain Depth 64 Size 0 Mode ref, Ref Stage 19, run, end, 9848925271809297
1787729859.433809, NoOp Chain Depth 64 Size 0 Mode ref, Ref Stage 20, run, start, 9848925271868193
1787729859.433831, NoOp Chain Depth 64 Size 0 Mode ref, Ref Stage 20, run, end, 9848925271890433
1787729859.433846, NoOp Chain Depth 64 Size 0 Mode ref, Ref Stage 21, run, start, 9848925271905409
1787729859.433868, NoOp Chain Depth 64 Size 0 Mode ref, Ref Stage 21, run, end, 9848925271927073
1787729859.433927, NoOp Chain Depth 64 Size 0 Mode ref, Ref Stage 22, run, start, 9848925271986129
1787729859.433950, NoOp Chain Depth 64 Size 0 Mode ref, Ref Stage 22, run, end, 9848925272009361
1787729859.433966, NoOp Chain Depth 64 Size 0 Mode ref, Ref Stage 23, run, start, 9848925272024928
1787729859.433987, NoOp Chain Depth 64 Size 0 Mode ref, Ref Stage 23, run, end, 9848925272046400
1787729859.434047, NoOp Chain Depth 64 Size 0 Mode ref, Ref Stage 24, run, start, 9848925272106016
1787729859.434068, NoOp Chain Depth 64 Size 0 Mode ref, Ref Stage 24, run, end, 9848925272127648
1787729859.434083, NoOp Chain Depth 64 Size 0 Mode ref, Ref Stage 25, run, start, 9848925272142672
1787729859.434105, NoOp Chain Depth 64 Size 0 Mode ref, Ref Stage 25, run, end, 9848925272164112
1787729859.434166, NoOp Chain Depth 64 Size 0 Mode ref, Ref Stage 26, run, start, 9848925272225424
1787729859.434188, NoOp Chain Depth 64 Size 0 Mode ref, Ref Stage 26, run, end, 9848925272247376
1787729859.434203, NoOp Chain Depth 64 Size 0 Mode ref, Ref Stage 27, run, start, 9848925272262368
1787729859.434225, NoOp Chain Depth 64 Size 0 Mode ref, Ref Stage 27, run, end, 9848925272283856
1787729859.434284, NoOp Chain Depth 64 Size 0 Mode ref, Ref Stage 28, run, start, 9848925272343264
1787729859.434306, NoOp Chain Depth 64 Size 0 Mode ref, Ref Stage 28, run, end, 9848925272365424
1787729859.434321, NoOp Chain Depth 64 Size 0 Mode ref, Ref Stage 29, run, start, 9848925272380496
1787729859.434343, NoOp Chain Depth 64 Size 0 Mode ref, Ref Stage 29, run, end, 9848925272402336
1787729859.434402, NoOp Chain Depth 64 Size 0 Mode ref, Ref Stage 30, run, start, 9848925272461648
1787729859.434425, NoOp Chain Depth 64 Size 0 Mode ref, Ref Stage 30, run, end, 9848925272483792
1787729859.434440, NoOp Chain Depth 64 Size 0 Mode ref, Ref Stage 31, run, start, 9848925272499440
1787729859.434462, NoOp Chain Depth 64 Size 0 Mode ref, Ref Stage 31, run, end, 9848925272520960
1787729859.434520, NoOp Chain Depth 64 Size 0 Mode ref, Ref Stage 32, run, start, 9848925272580000
1787729859.434543, NoOp Chain Depth 64 Size 0 Mode ref, Ref Stage 32, run, end, 9848925272601872
1787729859.434558, NoOp Chain Depth 64 Size 0 Mode ref, Ref Stage 33, run, start, 9848925272617312
1787729859.434579, NoOp Chain Depth 64 Size 0 Mode ref, Ref Stage 33, run, end, 9848925272638816
1787729859.434639, NoOp Chain Depth 64 Size 0 Mode ref, Ref Stage 34, run, start, 9848925272698448
1787729859.434661, NoOp Chain Depth 64 Size 0 Mode ref, Ref Stage 34, run, end, 9848925272720528
1787729859.434676, NoOp Chain Depth 64 Size 0 Mode ref, Ref Stage 35, run, start, 9848925272735408
1787729859.434698, NoOp Chain Depth 64 Size 0 Mode ref, Ref Stage 35, run, end, 9848925272757232
1787729859.434757, NoOp Chain Depth 64 Size 0 Mode ref, Ref Stage 36, run, start, 9848925272816400
1787729859.434779, NoOp Chain Depth 64 Size 0 Mode ref, Ref Stage 36, run, end, 9848925272838240
1787729859.434794, NoOp Chain Depth 64 Size 0 Mode ref, Ref Stage 37, run, start, 9848925272853328
1787729859.434816, NoOp Chain Depth 64 Size 0 Mode ref, Ref Stage 37, run, end, 9848925272875120
1787729859.434875, NoOp Chain Depth 64 Size 0 Mode ref, Ref Stage 38, run, start, 9848925272933968
1787729859.434897, NoOp Chain Depth 64 Size 0 Mode ref, Ref Stage 38, run, end, 9848925272956032
1787729859.434911, NoOp Chain Depth 64 Size 0 Mode ref, Ref Stage 39, run, start, 9848925272970880
1787729859.434934, NoOp Chain Depth 64 Size 0 Mode ref, Ref Stage 39, run, end, 9848925272992944
1787729859.434995, NoOp Chain Depth 64 Size 0 Mode ref, Ref Stage 40, run, start, 9848925273054752
1787729859.435019, NoOp Chain Depth 64 Size 0 Mode ref, Ref Stage 40, run, end, 9848925273078368
1787729859.435034, NoOp Chain Depth 64 Size 0 Mode ref, Ref Stage 41, run, start, 9848925273093696
1787729859.435056, NoOp Chain Depth 64 Size 0 Mode ref, Ref Stage 41, run, end, 9848925273115472
1787729859.435116, NoOp Chain Depth 64 Size 0 Mode ref, Ref Stage 42, run, start, 9848925273174864
1787729859.435138, NoOp Chain Depth 64 Size 0 Mode ref, Ref Stage 42, run, end, 9848925273197104
1787729859.435153, NoOp Chain Depth 64 Size 0 Mode ref, Ref Stage 43, run, start, 9848925273212048
1787729859.435175, NoOp Chain Depth 64 Size 0 Mode ref, Ref Stage 43, run, end, 9848925273233920
1787729859.435234, NoOp Chain Depth 64 Size 0 Mode ref, Ref Stage 44, run, start, 9848925273293056
1787729859.435256, NoOp Chain Depth 64 Size 0 Mode ref, Ref Stage 44, run, end, 9848925273315584
1787729859.435272, NoOp Chain Depth 64 Size 0 Mode ref, Ref Stage 45, run, start, 9848925273330896
1787729859.435293, NoOp Chain Depth 64 Size 0 Mode ref, Ref Stage 45, run, end, 9848925273352624
1787729859.435353, NoOp Chain Depth 64 Size 0 Mode ref, Ref Stage 46, run, start, 9848925273412720
1787729859.435376, NoOp Chain Depth 64 Size 0 Mode ref, Ref Stage 46, run, end, 9848925273434976
1787729859.435393, NoOp Chain Depth 64 Size 0 Mode ref, Ref Stage 47, run, start, 9848925273451984
1787729859.435415, NoOp Chain Depth 64 Size 0 Mode ref, Ref Stage 47, run, end, 9848925273473920
1787729859.435474, NoOp Chain Depth 64 Size 0 Mode ref, Ref Stage 48, run, start, 9848925273533840
1787729859.435496, NoOp Chain Depth 64 Size 0 Mode ref, Ref Stage 48, run, end, 9848925273555856
1787729859.435512, NoOp Chain Depth 64 Size 0 Mode ref, Ref Stage 49, run, start, 9848925273571136
1787729859.435534, NoOp Chain Depth 64 Size 0 Mode ref, Ref Stage 49, run, end, 9848925273592784
1787729859.435593, NoOp Chain Depth 64 Size 0 Mode ref, Ref Stage 50, run, start, 9848925273652576
1787729859.435615, NoOp Chain Depth 64 Size 0 Mode ref, Ref Stage 50, run, end, 9848925273674416
1787729859.435631, NoOp Chain Depth 64 Size 0 Mode ref, Ref Stage 51, run, start, 9848925273689792
1787729859.435654, NoOp Chain Depth 64 Size 0 Mode ref, Ref Stage 51, run, end, 9848925273713424
1787729859.435667, NoOp Chain Depth 64 Size 0 Mode ref, Ref Stage 52, run, start, 9848925273725920
1787729859.435702, NoOp Chain Depth 64 Size 0 Mode ref, Ref Stage 52, run, end, 9848925273760704
1787729859.435782, NoOp Chain Depth 64 Size 0 Mode ref, Ref Stage 53, run, start, 9848925273841424
1787729859.435804, NoOp Chain Depth 64 Size 0 Mode ref, Ref Stage 53, run, end, 9848925273863471
1787729859.435820, NoOp Chain Depth 64 Size 0 Mode ref, Ref Stage 54, run, start, 9848925273878943
1787729859.435844, NoOp Chain Depth 64 Size 0 Mode ref, Ref Stage 54, run, end, 9848925273903071
1787729859.435856, NoOp Chain Depth 64 Size 0 Mode ref, Ref Stage 55, run, start, 9848925273915023
1787729859.435930, NoOp Chain Depth 64 Size 0 Mode ref, Ref Stage 55, run, end, 9848925273989823
1787729859.435947, NoOp Chain Depth 64 Size 0 Mode ref, Ref Stage 56, run, start, 9848925274006431
1787729859.435970, NoOp Chain Depth 64 Size 0 Mode ref, Ref Stage 56, run, end, 9848925274028815
1787729859.436030, NoOp Chain Depth 64 Size 0 Mode ref, Ref Stage 57, run, start, 9848925274089647
1787729859.436054, NoOp Chain Depth 64 Size 0 Mode ref, Ref Stage 57, run, end, 9848925274113423
1787729859.436068, NoOp Chain Depth 64 Size 0 Mode ref, Ref Stage 58, run, start, 9848925274127823
1787729859.436102, NoOp Chain Depth 64 Size 0 Mode ref, Ref Stage 58, run, end, 9848925274161423
1787729859.436117, NoOp Chain Depth 64 Size 0 Mode ref, Ref Stage 59, run, start, 9848925274176591
1787729859.436139, NoOp Chain Depth 64 Size 0 Mode ref, Ref Stage 59, run, end, 9848925274198655
1787729859.436221, NoOp Chain Depth 64 Size 0 Mode ref, Ref Stage 60, run, start, 9848925274280079
1787729859.436244, NoOp Chain Depth 64 Size 0 Mode ref, Ref Stage 60, run, end, 9848925274303295
1787729859.436301, NoOp Chain Depth 64 Size 0 Mode ref, Ref Stage 61, run, start, 9848925274363551
1787729859.436340, NoOp Chain Depth 64 Size 0 Mode ref, Ref Stage 61, run, end, 9848925274399711
1787729859.436363, NoOp Chain Depth 64 Size 0 Mode ref, Ref Stage 62, run, start, 9848925274423535
1787729859.436393, NoOp Chain Depth 64 Size 0 Mode ref, Ref Stage 62, run, end, 9848925274452927
1787729859.436406, NoOp Chain Depth 64 Size 0 Mode ref, Ref Stage 63, run, start, 9848925274465215
1787729859.436486, NoOp Chain Depth 64 Size 0 Mode ref, Ref Stage 63, run, end, 9848925274545311
1787729859.436501, NoOp Chain Depth 64 Size 0 Mode ref, pipeline - train, run, end, 229226621256602413133141021254362576260, 1787729859.432555, 13, 1, 9848925274560607
1787729859.436536, NoOp Chain Depth 64 Size 0 Mode ref, pipeline - train, run, start, 8827577079002383807720579086867949777, 1787729859.436526, 14, 1, 9848925274595695
1787729859.436559, NoOp Chain Depth 64 Size 0 Mode ref, Ref Stage 0, run, start, 9848925274618463
1787729859.436582, NoOp Chain Depth 64 Size 0 Mode ref, Ref Stage 0, run, end, 9848925274640815
1787729859.436597, NoOp Chain Depth 64 Size 0 Mode ref, Ref Stage 1, run, start, 9848925274656079
1787729859.436619, NoOp Chain Depth 64 Size 0 Mode ref, Ref Stage 1, run, end, 9848925274678063
1787729859.436634, NoOp Chain Depth 64 Size 0 Mode ref, Ref Stage 2, run, start, 9848925274693375
1787729859.436658, NoOp Chain Depth 64 Size 0 Mode ref, Ref Stage 2, run, end, 9848925274717487
1787729859.436674, NoOp Chain Depth 64 Size 0 Mode ref, Ref Stage 3, run, start, 9848925274733023
1787729859.436696, NoOp Chain Depth 64 Size 0 Mode ref, Ref Stage 3, run, end, 9848925274755423
1787729859.436844, NoOp Chain Depth 64 Size 0 Mode ref, Ref Stage 4, run, start, 9848925274903359
1787729859.436867, NoOp Chain Depth 64 Size 0 Mode ref, Ref Stage 4, run, end, 9848925274925935
1787729859.436882, NoOp Chain Depth 64 Size 0 Mode ref, Ref Stage 5, run, start, 9848925274941071
1787729859.436904, NoOp Chain Depth 64 Size 0 Mode ref, Ref Stage 5, run, end, 9848925274963103
1787729859.436919, NoOp Chain Depth 64 Size 0 Mode ref, Ref Stage 6, run, start, 9848925274978175
1787729859.436940, NoOp Chain Depth 64 Size 0 Mode ref, Ref Stage 6, run, end, 9848925274999791
1787729859.436958, NoOp Chain Depth 64 Size 0 Mode ref, Ref Stage 7, run, start, 9848925275017663
1787729859.436980, NoOp Chain Depth 64 Size 0 Mode ref, Ref Stage 7, run, end, 9848925275039551
1787729859.437081, NoOp Chain Depth 64 Size 0 Mode ref, Ref Stage 8, run, start, 9848925275140799
1787729859.437104, NoOp Chain Depth 64 Size 0 Mode ref, Ref Stage 8, run, end, 9848925275163407
1787729859.437119, NoOp Chain Depth 64 Size 0 Mode ref, Ref Stage 9, run, start, 9848925275178527
1787729859.437141, NoOp Chain Depth 64 Size 0 Mode ref, Ref Stage 9, run, end, 9848925275200399
1787729859.437156, NoOp Chain Depth 64 Size 0 Mode ref, Ref Stage 10, run, start, 9848925275215727
1787729859.437179, NoOp Chain Depth 64 Size 0 Mode ref, Ref Stage 10, run, end, 9848925275237807
1787729859.437258, NoOp Chain Depth 64 Size 0 Mode ref, Ref Stage 11, run, start, 9848925275316991
1787729859.437280, NoOp Chain Depth 64 Size 0 Mode ref, Ref Stage 11, run, end, 9848925275338991
1787729859.437295, NoOp Chain Depth 64 Size 0 Mode ref, Ref Stage 12, run, start, 9848925275354431
1787729859.437317, NoOp Chain Depth 64 Size 0 Mode ref, Ref Stage 12, run, end, 9848925275376271
1787729859.437377, NoOp Chain Depth 64 Size 0 Mode ref, Ref Stage 13, run, start, 9848925275436143
1787729859.437399, NoOp Chain Depth 64 Size 0 Mode ref, Ref Stage 13, run, end, 9848925275458319
1787729859.437414, NoOp Chain Depth 64 Size 0 Mode ref, Ref Stage 14, run, start, 9848925275473727
1787729859.437436, NoOp Chain Depth 64 Size 0 Mode ref, Ref Stage 14, run, end, 9848925275495439
1787729859.437495, NoOp Chain Depth 64 Size 0 Mode ref, Ref Stage 15, run, start, 9848925275555071
1787729859.437518, NoOp Chain Depth 64 Size 0 Mode ref, Ref Stage 15, run, end, 9848925275577535
1787729859.437533, NoOp Chain Depth 64 Size 0 Mode ref, Ref Stage 16, run, start, 9848925275592815
1787729859.437556, NoOp Chain Depth 64 Size 0 Mode ref, Ref Stage 16, run, end, 9848925275614991
1787729859.437616, NoOp Chain Depth 64 Size 0 Mode ref, Ref Stage 17, run, start, 9848925275674879
1787729859.437638, NoOp Chain Depth 64 Size 0 Mode ref, Ref Stage 17, run, end, 9848925275697087
1787729859.437653, NoOp Chain Depth 64 Size 0 Mode ref, Ref Stage 18, run, start, 9848925275712639
1787729859.437675, NoOp Chain Depth 64 Size 0 Mode ref, Ref Stage 18, run, end, 9848925275734319
1787729859.437734, NoOp Chain Depth 64 Size 0 Mode ref, Ref Stage 19, run, start, 9848925275793870
1787729859.437756, NoOp Chain Depth 64 Size 0 Mode ref, Ref Stage 19, run, end, 9848925275815646
1787729859.437772, NoOp Chain Depth 64 Size 0 Mode ref, Ref Stage 20, run, start, 9848925275831198
1787729859.437794, NoOp Chain Depth 64 Size 0 Mode ref, Ref Stage 20, run, end, 9848925275853278
1787729859.437854, NoOp Chain Depth 64 Size 0 Mode ref, Ref Stage 21, run, start, 9848925275913182
1787729859.437876, NoOp Chain Depth 64 Size 0 Mode ref, Ref Stage 21, run, end, 9848925275935166
1787729859.437891, NoOp Chain Depth 64 Size 0 Mode ref, Ref Stage 22, run, start, 9848925275950798
1787729859.437913, NoOp Chain Depth 64 Size 0 Mode ref, Ref Stage 22, run, end, 9848925275972366
1787729859.437974, NoOp Chain Depth 64 Size 0 Mode ref, Ref Stage 23, run, start, 9848925276033982
1787729859.437999, NoOp Chain Depth 64 Size 0 Mode ref, Ref Stage 23, run, end, 9848925276058158
1787729859.438014, NoOp Chain Depth 64 Size 0 Mode ref, Ref Stage 24, run, start, 9848925276073614
1787729859.438036, NoOp Chain Depth 64 Size 0 Mode ref, Ref Stage 24, run, end, 9848925276095310
1787729859.438096, NoOp Chain Depth 64 Size 0 Mode ref, Ref Stage 25, run, start, 9848925276155054
1787729859.438118, NoOp Chain Depth 64 Size 0 Mode ref, Ref Stage 25, run, end, 9848925276176862
1787729859.438133, NoOp Chain Depth 64 Size 0 Mode ref, Ref Stage 26, run, start, 9848925276192254
1787729859.438154, NoOp Chain Depth 64 Size 0 Mode ref, Ref Stage 26, run, end, 9848925276213518
1787729859.438213, NoOp Chain Depth 64 Size 0 Mode ref, Ref Stage 27, run, start, 9848925276272542
1787729859.438235, NoOp Chain Depth 64 Size 0 Mode ref, Ref Stage 27, run, end, 9848925276294686
1787729859.438251, NoOp Chain Depth 64 Size 0 Mode ref, Ref Stage 28, run, start, 9848925276310094
1787729859.438273, NoOp Chain Depth 64 Size 0 Mode ref, Ref Stage 28, run, end, 9848925276331982
1787729859.438332, NoOp Chain Depth 64 Size 0 Mode ref, Ref Stage 29, run, start, 9848925276391774
1787729859.438354, NoOp Chain Depth 64 Size 0 Mode ref, Ref Stage 29, run, end, 9848925276413662
1787729859.438370, NoOp Chain Depth 64 Size 0 Mode ref, Ref Stage 30, run, start, 9848925276429150
1787729859.438391, NoOp Chain Depth 64 Size 0 Mode ref, Ref Stage 30, run, end, 9848925276450942
1787729859.438451, NoOp Chain Depth 64 Size 0 Mode ref, Ref Stage 31, run, start, 9848925276510334
1787729859.438473, NoOp Chain Depth 64 Size 0 Mode ref, Ref Stage 31, run, end, 9848925276532542
1787729859.438488, NoOp Chain Depth 64 Size 0 Mode ref, Ref Stage 32, run, start, 9848925276547982
1787729859.438510, NoOp Chain Depth 64 Size 0 Mode ref, Ref Stage 32, run, end, 9848925276569630
1787729859.438570, NoOp Chain Depth 64 Size 0 Mode ref, Ref Stage 33, run, start, 9848925276629550
1787729859.438592, NoOp Chain Depth 64 Size 0 Mode ref, Ref Stage 33, run, end, 9848925276651806
1787729859.438608, NoOp Chain Depth 64 Size 0 Mode ref, Ref Stage 34, run, start, 9848925276667198
1787729859.438630, NoOp Chain Depth 64 Size 0 Mode ref, Ref Stage 34, run, end, 9848925276689054
1787729859.438689, NoOp Chain Depth 64 Size 0 Mode ref, Ref Stage 35, run, start, 9848925276748846
1787729859.438712, NoOp Chain Depth 64 Size 0 Mode ref, Ref Stage 35, run, end, 9848925276770990
1787729859.438727, NoOp Chain Depth 64 Size 0 Mode ref, Ref Stage 36, run, start, 9848925276786366
1787729859.438749, NoOp Chain Depth 64 Size 0 Mode ref, Ref Stage 36, run, end, 9848925276808174
1787729859.438808, NoOp Chain Depth 64 Size 0 Mode ref, Ref Stage 37, run, start, 9848925276867278
1787729859.438830, NoOp Chain Depth 64 Size 0 Mode ref, Ref Stage 37, run, end, 9848925276889566
1787729859.438845, NoOp Chain Depth 64 Size 0 Mode ref, Ref Stage 38, run, start, 9848925276904814
1787729859.438867, NoOp Chain Depth 64 Size 0 Mode ref, Ref Stage 38, run, end, 9848925276926238
1787729859.438926, NoOp Chain Depth 64 Size 0 Mode ref, Ref Stage 39, run, start, 9848925276985614
1787729859.438950, NoOp Chain Depth 64 Size 0 Mode ref, Ref Stage 39, run, end, 9848925277009198
1787729859.438966, NoOp Chain Depth 64 Size 0 Mode ref, Ref Stage 40, run, start, 9848925277025118
1787729859.438987, NoOp Chain Depth 64 Size 0 Mode ref, Ref Stage 40, run, end, 9848925277046958
1787729859.439048, NoOp Chain Depth 64 Size 0 Mode ref, Ref Stage 41, run, start, 9848925277107518
1787729859.439070, NoOp Chain Depth 64 Size 0 Mode ref, Ref Stage 41, run, end, 9848925277129742
1787729859.439085, NoOp Chain Depth 64 Size 0 Mode ref, Ref Stage 42, run, start, 9848925277145006
1787729859.439107, NoOp Chain Depth 64 Size 0 Mode ref, Ref Stage 42, run, end, 9848925277166702
1787729859.439167, NoOp Chain Depth 64 Size 0 Mode ref, Ref Stage 43, run, start, 9848925277226750
1787729859.439189, NoOp Chain Depth 64 Size 0 Mode ref, Ref Stage 43, run, end, 9848925277248798
1787729859.439206, NoOp Chain Depth 64 Size 0 Mode ref, Ref Stage 44, run, start, 9848925277265694
1787729859.439229, NoOp Chain Depth 64 Size 0 Mode ref, Ref Stage 44, run, end, 9848925277287806
1787729859.439287, NoOp Chain Depth 64 Size 0 Mode ref, Ref Stage 45, run, start, 9848925277346862
1787729859.439310, NoOp Chain Depth 64 Size 0 Mode ref, Ref Stage 45, run, end, 9848925277368894
1787729859.439325, NoOp Chain Depth 64 Size 0 Mode ref, Ref Stage 46, run, start, 9848925277384222
1787729859.439347, NoOp Chain Depth 64 Size 0 Mode ref, Ref Stage 46, run, end, 9848925277405998
1787729859.439406, NoOp Chain Depth 64 Size 0 Mode ref, Ref Stage 47, run, start, 9848925277465278
1787729859.439428, NoOp Chain Depth 64 Size 0 Mode ref, Ref Stage 47, run, end, 9848925277487358
1787729859.439443, NoOp Chain Depth 64 Size 0 Mode ref, Ref Stage 48, run, start, 9848925277502766
1787729859.439465, NoOp Chain Depth 64 Size 0 Mode ref, Ref Stage 48, run, end, 9848925277524414
1787729859.439524, NoOp Chain Depth 64 Size 0 Mode ref, Ref Stage 49, run, start, 9848925277582910
1787729859.439546, NoOp Chain Depth 64 Size 0 Mode ref, Ref Stage 49, run, end, 9848925277604942
1787729859.439561, NoOp Chain Depth 64 Size 0 Mode ref, Ref Stage 50, run, start, 9848925277620606
1787729859.439583, NoOp Chain Depth 64 Size 0 Mode ref, Ref Stage 50, run, end, 9848925277642126
1787729859.439643, NoOp Chain Depth 64 Size 0 Mode ref, Ref Stage 51, run, start, 9848925277702062
1787729859.439665, NoOp Chain Depth 64 Size 0 Mode ref, Ref Stage 51, run, end, 9848925277724462
1787729859.439680, NoOp Chain Depth 64 Size 0 Mode ref, Ref Stage 52, run, start, 9848925277739742
1787729859.439702, NoOp Chain Depth 64 Size 0 Mode ref, Ref Stage 52, run, end, 9848925277761454
1787729859.439762, NoOp Chain Depth 64 Size 0 Mode ref, Ref Stage 53, run, start, 9848925277821789
1787729859.439785, NoOp Chain Depth 64 Size 0 Mode ref, Ref Stage 53, run, end, 9848925277843773
1787729859.439800, NoOp Chain Depth 64 Size 0 Mode ref, Ref Stage 54, run, start, 9848925277859357
1787729859.439822, NoOp Chain Depth 64 Size 0 Mode ref, Ref Stage 54, run, end, 9848925277881117
1787729859.439881, NoOp Chain Depth 64 Size 0 Mode ref, Ref Stage 55, run, start, 9848925277940429
1787729859.439903, NoOp Chain Depth 64 Size 0 Mode ref, Ref Stage 55, run, end, 9848925277962509
1787729859.439918, NoOp Chain Depth 64 Size 0 Mode ref, Ref Stage 56, run, start, 9848925277977677
1787729859.439942, NoOp Chain Depth 64 Size 0 Mode ref, Ref Stage 56, run, end, 9848925278002941
1787729859.439956, NoOp Chain Depth 64 Size 0 Mode ref, Ref Stage 57, run, start, 9848925278015693
1787729859.440032, NoOp Chain Depth 64 Size 0 Mode ref, Ref Stage 57, run, end, 9848925278090749
1787729859.440070, NoOp Chain Depth 64 Size 0 Mode ref, Ref Stage 58, run, start, 9848925278129821
1787729859.440093, NoOp Chain Depth 64 Size 0 Mode ref, Ref Stage 58, run, end, 9848925278152445
1787729859.440133, NoOp Chain Depth 64 Size 0 Mode ref, Ref Stage 59, run, start, 9848925278192029
1787729859.440155, NoOp Chain Depth 64 Size 0 Mode ref, Ref Stage 59, run, end, 9848925278214189
1787729859.440194, NoOp Chain Depth 64 Size 0 Mode ref, Ref Stage 60, run, start, 9848925278252989
1787729859.440217, NoOp Chain Depth 64 Size 0 Mode ref, Ref Stage 60, run, end, 9848925278276093
1787729859.440271, NoOp Chain Depth 64 Size 0 Mode ref, Ref Stage 61, run, start, 9848925278333261
1787729859.440309, NoOp Chain Depth 64 Size 0 Mode ref, Ref Stage 61, run, end, 9848925278369229
1787729859.440332, NoOp Chain Depth 64 Size 0 Mode ref, Ref Stage 62, run, start, 9848925278392557
1787729859.440359, NoOp Chain Depth 64 Size 0 Mode ref, Ref Stage 62, run, end, 9848925278418781
1787729859.440420, NoOp Chain Depth 64 Size 0 Mode ref, Ref Stage 63, run, start, 9848925278479597
1787729859.440444, NoOp Chain Depth 64 Size 0 Mode ref, Ref Stage 63, run, end, 9848925278503149
1787729859.440456, NoOp Chain Depth 64 Size 0 Mode ref, pipeline - train, run, end, 8827577079002383807720579086867949777, 1787729859.436526, 14, 1, 9848925278515325
1787729859.440542, NoOp Chain Depth 64 Size 0 Mode ref, pipeline - train, run, start, 221283807949756704306063701212813933122, 1787729859.440532, 15, 1, 9848925278601405
1787729859.440569, NoOp Chain Depth 64 Size 0 Mode ref, Ref Stage 0, run, start, 9848925278628221
1787729859.440593, NoOp Chain Depth 64 Size 0 Mode ref, Ref Stage 0, run, end, 9848925278652765
1787729859.440618, NoOp Chain Depth 64 Size 0 Mode ref, Ref Stage 1, run, start, 9848925278677581
1787729859.440687, NoOp Chain Depth 64 Size 0 Mode ref, Ref Stage 1, run, end, 9848925278746621
1787729859.440703, NoOp Chain Depth 64 Size 0 Mode ref, Ref Stage 2, run, start, 9848925278762013
1787729859.440725, NoOp Chain Depth 64 Size 0 Mode ref, Ref Stage 2, run, end, 9848925278784029
1787729859.440741, NoOp Chain Depth 64 Size 0 Mode ref, Ref Stage 3, run, start, 9848925278800141
1787729859.440766, NoOp Chain Depth 64 Size 0 Mode ref, Ref Stage 3, run, end, 9848925278825021
1787729859.440778, NoOp Chain Depth 64 Size 0 Mode ref, Ref Stage 4, run, start, 9848925278837213
1787729859.440876, NoOp Chain Depth 64 Size 0 Mode ref, Ref Stage 4, run, end, 9848925278935837
1787729859.440892, NoOp Chain Depth 64 Size 0 Mode ref, Ref Stage 5, run, start, 9848925278951821
1787729859.440917, NoOp Chain Depth 64 Size 0 Mode ref, Ref Stage 5, run, end, 9848925278976093
1787729859.440929, NoOp Chain Depth 64 Size 0 Mode ref, Ref Stage 6, run, start, 9848925278988301
1787729859.440990, NoOp Chain Depth 64 Size 0 Mode ref, Ref Stage 6, run, end, 9848925279049629
1787729859.441061, NoOp Chain Depth 64 Size 0 Mode ref, Ref Stage 7, run, start, 9848925279120333
1787729859.441083, NoOp Chain Depth 64 Size 0 Mode ref, Ref Stage 7, run, end, 9848925279142557
1787729859.441098, NoOp Chain Depth 64 Size 0 Mode ref, Ref Stage 8, run, start, 9848925279157773
1787729859.441120, NoOp Chain Depth 64 Size 0 Mode ref, Ref Stage 8, run, end, 9848925279179757
1787729859.441136, NoOp Chain Depth 64 Size 0 Mode ref, Ref Stage 9, run, start, 9848925279195037
1787729859.441158, NoOp Chain Depth 64 Size 0 Mode ref, Ref Stage 9, run, end, 9848925279216893
1787729859.441237, NoOp Chain Depth 64 Size 0 Mode ref, Ref Stage 10, run, start, 9848925279296829
1787729859.441260, NoOp Chain Depth 64 Size 0 Mode ref, Ref Stage 10, run, end, 9848925279319021
1787729859.441275, NoOp Chain Depth 64 Size 0 Mode ref, Ref Stage 11, run, start, 9848925279334349
1787729859.441297, NoOp Chain Depth 64 Size 0 Mode ref, Ref Stage 11, run, end, 9848925279356365
1787729859.441357, NoOp Chain Depth 64 Size 0 Mode ref, Ref Stage 12, run, start, 9848925279416605
1787729859.441379, NoOp Chain Depth 64 Size 0 Mode ref, Ref Stage 12, run, end, 9848925279438413
1787729859.441394, NoOp Chain Depth 64 Size 0 Mode ref, Ref Stage 13, run, start, 9848925279453725
1787729859.441416, NoOp Chain Depth 64 Size 0 Mode ref, Ref Stage 13, run, end, 9848925279475565
1787729859.441477, NoOp Chain Depth 64 Size 0 Mode ref, Ref Stage 14, run, start, 9848925279536093
1787729859.441499, NoOp Chain Depth 64 Size 0 Mode ref, Ref Stage 14, run, end, 9848925279558029
1787729859.441514, NoOp Chain Depth 64 Size 0 Mode ref, Ref Stage 15, run, start, 9848925279573453
1787729859.441536, NoOp Chain Depth 64 Size 0 Mode ref, Ref Stage 15, run, end, 9848925279595357
1787729859.441596, NoOp Chain Depth 64 Size 0 Mode ref, Ref Stage 16, run, start, 9848925279655388
1787729859.441618, NoOp Chain Depth 64 Size 0 Mode ref, Ref Stage 16, run, end, 9848925279677628
1787729859.441633, NoOp Chain Depth 64 Size 0 Mode ref, Ref Stage 17, run, start, 9848925279693004
1787729859.441655, NoOp Chain Depth 64 Size 0 Mode ref, Ref Stage 17, run, end, 9848925279714716
1787729859.441715, NoOp Chain Depth 64 Size 0 Mode ref, Ref Stage 18, run, start, 9848925279774140
1787729859.441737, NoOp Chain Depth 64 Size 0 Mode ref, Ref Stage 18, run, end, 9848925279796444
1787729859.441753, NoOp Chain Depth 64 Size 0 Mode ref, Ref Stage 19, run, start, 9848925279811868
1787729859.441774, NoOp Chain Depth 64 Size 0 Mode ref, Ref Stage 19, run, end, 9848925279833356
1787729859.441834, NoOp Chain Depth 64 Size 0 Mode ref, Ref Stage 20, run, start, 9848925279893036
1787729859.441858, NoOp Chain Depth 64 Size 0 Mode ref, Ref Stage 20, run, end, 9848925279917068
1787729859.441874, NoOp Chain Depth 64 Size 0 Mode ref, Ref Stage 21, run, start, 9848925279932876
1787729859.441896, NoOp Chain Depth 64 Size 0 Mode ref, Ref Stage 21, run, end, 9848925279954924
1787729859.441958, NoOp Chain Depth 64 Size 0 Mode ref, Ref Stage 22, run, start, 9848925280017132
1787729859.441980, NoOp Chain Depth 64 Size 0 Mode ref, Ref Stage 22, run, end, 9848925280039660
1787729859.441996, NoOp Chain Depth 64 Size 0 Mode ref, Ref Stage 23, run, start, 9848925280055020
1787729859.442017, NoOp Chain Depth 64 Size 0 Mode ref, Ref Stage 23, run, end, 9848925280076524
1787729859.442077, NoOp Chain Depth 64 Size 0 Mode ref, Ref Stage 24, run, start, 9848925280136236
1787729859.442099, NoOp Chain Depth 64 Size 0 Mode ref, Ref Stage 24, run, end, 9848925280158044
1787729859.442114, NoOp Chain Depth 64 Size 0 Mode ref, Ref Stage 25, run, start, 9848925280173116
1787729859.442135, NoOp Chain Depth 64 Size 0 Mode ref, Ref Stage 25, run, end, 9848925280194540
1787729859.442195, NoOp Chain Depth 64 Size 0 Mode ref, Ref Stage 26, run, start, 9848925280254540
1787729859.442217, NoOp Chain Depth 64 Size 0 Mode ref, Ref Stage 26, run, end, 9848925280276412
1787729859.442232, NoOp Chain Depth 64 Size 0 Mode ref, Ref Stage 27, run, start, 9848925280291436
1787729859.442254, NoOp Chain Depth 64 Size 0 Mode ref, Ref Stage 27, run, end, 9848925280312924
1787729859.442313, NoOp Chain Depth 64 Size 0 Mode ref, Ref Stage 28, run, start, 9848925280372060
1787729859.442335, NoOp Chain Depth 64 Size 0 Mode ref, Ref Stage 28, run, end, 9848925280394172
1787729859.442350, NoOp Chain Depth 64 Size 0 Mode ref, Ref Stage 29, run, start, 9848925280409532
1787729859.442372, NoOp Chain Depth 64 Size 0 Mode ref, Ref Stage 29, run, end, 9848925280431196
1787729859.442431, NoOp Chain Depth 64 Size 0 Mode ref, Ref Stage 30, run, start, 9848925280490188
1787729859.442453, NoOp Chain Depth 64 Size 0 Mode ref, Ref Stage 30, run, end, 9848925280512012
1787729859.442468, NoOp Chain Depth 64 Size 0 Mode ref, Ref Stage 31, run, start, 9848925280527212
1787729859.442489, NoOp Chain Depth 64 Size 0 Mode ref, Ref Stage 31, run, end, 9848925280548604
1787729859.442549, NoOp Chain Depth 64 Size 0 Mode ref, Ref Stage 32, run, start, 9848925280608140
1787729859.442571, NoOp Chain Depth 64 Size 0 Mode ref, Ref Stage 32, run, end, 9848925280630124
1787729859.442586, NoOp Chain Depth 64 Size 0 Mode ref, Ref Stage 33, run, start, 9848925280645532
1787729859.442608, NoOp Chain Depth 64 Size 0 Mode ref, Ref Stage 33, run, end, 9848925280667340
1787729859.442667, NoOp Chain Depth 64 Size 0 Mode ref, Ref Stage 34, run, start, 9848925280727004
1787729859.442690, NoOp Chain Depth 64 Size 0 Mode ref, Ref Stage 34, run, end, 9848925280749036
1787729859.442705, NoOp Chain Depth 64 Size 0 Mode ref, Ref Stage 35, run, start, 9848925280764316
1787729859.442727, NoOp Chain Depth 64 Size 0 Mode ref, Ref Stage 35, run, end, 9848925280786156
1787729859.442786, NoOp Chain Depth 64 Size 0 Mode ref, Ref Stage 36, run, start, 9848925280845708
1787729859.442808, NoOp Chain Depth 64 Size 0 Mode ref, Ref Stage 36, run, end, 9848925280867644
1787729859.442824, NoOp Chain Depth 64 Size 0 Mode ref, Ref Stage 37, run, start, 9848925280882860
1787729859.442845, NoOp Chain Depth 64 Size 0 Mode ref, Ref Stage 37, run, end, 9848925280904540
1787729859.442904, NoOp Chain Depth 64 Size 0 Mode ref, Ref Stage 38, run, start, 9848925280963580
1787729859.442926, NoOp Chain Depth 64 Size 0 Mode ref, Ref Stage 38, run, end, 9848925280985564
1787729859.442942, NoOp Chain Depth 64 Size 0 Mode ref, Ref Stage 39, run, start, 9848925281003020
1787729859.442966, NoOp Chain Depth 64 Size 0 Mode ref, Ref Stage 39, run, end, 9848925281025916
1787729859.443027, NoOp Chain Depth 64 Size 0 Mode ref, Ref Stage 40, run, start, 9848925281085852
1787729859.443049, NoOp Chain Depth 64 Size 0 Mode ref, Ref Stage 40, run, end, 9848925281108476
1787729859.443064, NoOp Chain Depth 64 Size 0 Mode ref, Ref Stage 41, run, start, 9848925281123660
1787729859.443090, NoOp Chain Depth 64 Size 0 Mode ref, Ref Stage 41, run, end, 9848925281148908
1787729859.443149, NoOp Chain Depth 64 Size 0 Mode ref, Ref Stage 42, run, start, 9848925281208732
1787729859.443172, NoOp Chain Depth 64 Size 0 Mode ref, Ref Stage 42, run, end, 9848925281230956
1787729859.443187, NoOp Chain Depth 64 Size 0 Mode ref, Ref Stage 43, run, start, 9848925281246156
1787729859.443208, NoOp Chain Depth 64 Size 0 Mode ref, Ref Stage 43, run, end, 9848925281267820
1787729859.443268, NoOp Chain Depth 64 Size 0 Mode ref, Ref Stage 44, run, start, 9848925281327932
1787729859.443291, NoOp Chain Depth 64 Size 0 Mode ref, Ref Stage 44, run, end, 9848925281350092
1787729859.443306, NoOp Chain Depth 64 Size 0 Mode ref, Ref Stage 45, run, start, 9848925281365500
1787729859.443328, NoOp Chain Depth 64 Size 0 Mode ref, Ref Stage 45, run, end, 9848925281387164
1787729859.443388, NoOp Chain Depth 64 Size 0 Mode ref, Ref Stage 46, run, start, 9848925281446860
1787729859.443410, NoOp Chain Depth 64 Size 0 Mode ref, Ref Stage 46, run, end, 9848925281469148
1787729859.443425, NoOp Chain Depth 64 Size 0 Mode ref, Ref Stage 47, run, start, 9848925281484460
1787729859.443447, NoOp Chain Depth 64 Size 0 Mode ref, Ref Stage 47, run, end, 9848925281506028
1787729859.443505, NoOp Chain Depth 64 Size 0 Mode ref, Ref Stage 48, run, start, 9848925281564604
1787729859.443527, NoOp Chain Depth 64 Size 0 Mode ref, Ref Stage 48, run, end, 9848925281586412
1787729859.443542, NoOp Chain Depth 64 Size 0 Mode ref, Ref Stage 49, run, start, 9848925281601532
1787729859.443564, NoOp Chain Depth 64 Size 0 Mode ref, Ref Stage 49, run, end, 9848925281623371
1787729859.443623, NoOp Chain Depth 64 Size 0 Mode ref, Ref Stage 50, run, start, 9848925281682091
1787729859.443645, NoOp Chain Depth 64 Size 0 Mode ref, Ref Stage 50, run, end, 9848925281703787
1787729859.443660, NoOp Chain Depth 64 Size 0 Mode ref, Ref Stage 51, run, start, 9848925281719051
1787729859.443681, NoOp Chain Depth 64 Size 0 Mode ref, Ref Stage 51, run, end, 9848925281740635
1787729859.443741, NoOp Chain Depth 64 Size 0 Mode ref, Ref Stage 52, run, start, 9848925281800059
1787729859.443763, NoOp Chain Depth 64 Size 0 Mode ref, Ref Stage 52, run, end, 9848925281822123
1787729859.443778, NoOp Chain Depth 64 Size 0 Mode ref, Ref Stage 53, run, start, 9848925281837115
1787729859.443799, NoOp Chain Depth 64 Size 0 Mode ref, Ref Stage 53, run, end, 9848925281858651
1787729859.443858, NoOp Chain Depth 64 Size 0 Mode ref, Ref Stage 54, run, start, 9848925281917867
1787729859.443881, NoOp Chain Depth 64 Size 0 Mode ref, Ref Stage 54, run, end, 9848925281939755
1787729859.443896, NoOp Chain Depth 64 Size 0 Mode ref, Ref Stage 55, run, start, 9848925281955355
1787729859.443918, NoOp Chain Depth 64 Size 0 Mode ref, Ref Stage 55, run, end, 9848925281977003
1787729859.443979, NoOp Chain Depth 64 Size 0 Mode ref, Ref Stage 56, run, start, 9848925282038587
1787729859.444002, NoOp Chain Depth 64 Size 0 Mode ref, Ref Stage 56, run, end, 9848925282061579
1787729859.444018, NoOp Chain Depth 64 Size 0 Mode ref, Ref Stage 57, run, start, 9848925282077099
1787729859.444039, NoOp Chain Depth 64 Size 0 Mode ref, Ref Stage 57, run, end, 9848925282098843
1787729859.444099, NoOp Chain Depth 64 Size 0 Mode ref, Ref Stage 58, run, start, 9848925282158395
1787729859.444121, NoOp Chain Depth 64 Size 0 Mode ref, Ref Stage 58, run, end, 9848925282180699
1787729859.444137, NoOp Chain Depth 64 Size 0 Mode ref, Ref Stage 59, run, start, 9848925282196171
1787729859.444159, NoOp Chain Depth 64 Size 0 Mode ref, Ref Stage 59, run, end, 9848925282217739
1787729859.444218, NoOp Chain Depth 64 Size 0 Mode ref, Ref Stage 60, run, start, 9848925282277531
1787729859.444241, NoOp Chain Depth 64 Size 0 Mode ref, Ref Stage 60, run, end, 9848925282300523
1787729859.444299, NoOp Chain Depth 64 Size 0 Mode ref, Ref Stage 61, run, start, 9848925282361499
1787729859.444338, NoOp Chain Depth 64 Size 0 Mode ref, Ref Stage 61, run, end, 9848925282398171
1787729859.444368, NoOp Chain Depth 64 Size 0 Mode ref, Ref Stage 62, run, start, 9848925282428859
1787729859.444431, NoOp Chain Depth 64 Size 0 Mode ref, Ref Stage 62, run, end, 9848925282490891
1787729859.444473, NoOp Chain Depth 64 Size 0 Mode ref, Ref Stage 63, run, start, 9848925282532027
1787729859.444494, NoOp Chain Depth 64 Size 0 Mode ref, Ref Stage 63, run, end, 9848925282553723
1787729859.444535, NoOp Chain Depth 64 Size 0 Mode ref, pipeline - train, run, end, 221283807949756704306063701212813933122, 1787729859.440532, 15, 1, 9848925282594091
1787729859.444598, NoOp Chain Depth 64 Size 0 Mode ref, pipeline - train, run, start, 123460107131308589442485091080775465087, 1787729859.444565, 16, 1, 9848925282657867
1787729859.444634, NoOp Chain Depth 64 Size 0 Mode ref, Ref Stage 0, run, start, 9848925282693419
1787729859.444657, NoOp Chain Depth 64 Size 0 Mode ref, Ref Stage 0, run, end, 9848925282716283
1787729859.444697, NoOp Chain Depth 64 Size 0 Mode ref, Ref Stage 1, run, start, 9848925282756667
1787729859.444720, NoOp Chain Depth 64 Size 0 Mode ref, Ref Stage 1, run, end, 9848925282779307
1787729859.444736, NoOp Chain Depth 64 Size 0 Mode ref, Ref Stage 2, run, start, 9848925282794667
1787729859.444757, NoOp Chain Depth 64 Size 0 Mode ref, Ref Stage 2, run, end, 9848925282816651
1787729859.444818, NoOp Chain Depth 64 Size 0 Mode ref, Ref Stage 3, run, start, 9848925282878027
1787729859.444841, NoOp Chain Depth 64 Size 0 Mode ref, Ref Stage 3, run, end, 9848925282900763
1787729859.444857, NoOp Chain Depth 64 Size 0 Mode ref, Ref Stage 4, run, start, 9848925282915979
1787729859.444880, NoOp Chain Depth 64 Size 0 Mode ref, Ref Stage 4, run, end, 9848925282939307
1787729859.444940, NoOp Chain Depth 64 Size 0 Mode ref, Ref Stage 5, run, start, 9848925282999643
1787729859.444966, NoOp Chain Depth 64 Size 0 Mode ref, Ref Stage 5, run, end, 9848925283025003
1787729859.444981, NoOp Chain Depth 64 Size 0 Mode ref, Ref Stage 6, run, start, 9848925283040443
1787729859.445003, NoOp Chain Depth 64 Size 0 Mode ref, Ref Stage 6, run, end, 9848925283062043
1787729859.445062, NoOp Chain Depth 64 Size 0 Mode ref, Ref Stage 7, run, start, 9848925283121867
1787729859.445085, NoOp Chain Depth 64 Size 0 Mode ref, Ref Stage 7, run, end, 9848925283144091
1787729859.445100, NoOp Chain Depth 64 Size 0 Mode ref, Ref Stage 8, run, start, 9848925283159259
1787729859.445122, NoOp Chain Depth 64 Size 0 Mode ref, Ref Stage 8, run, end, 9848925283181211
1787729859.445181, NoOp Chain Depth 64 Size 0 Mode ref, Ref Stage 9, run, start, 9848925283240699
1787729859.445204, NoOp Chain Depth 64 Size 0 Mode ref, Ref Stage 9, run, end, 9848925283263083
1787729859.445219, NoOp Chain Depth 64 Size 0 Mode ref, Ref Stage 10, run, start, 9848925283278283
1787729859.445240, NoOp Chain Depth 64 Size 0 Mode ref, Ref Stage 10, run, end, 9848925283299995
1787729859.445300, NoOp Chain Depth 64 Size 0 Mode ref, Ref Stage 11, run, start, 9848925283359563
1787729859.445323, NoOp Chain Depth 64 Size 0 Mode ref, Ref Stage 11, run, end, 9848925283381947
1787729859.445338, NoOp Chain Depth 64 Size 0 Mode ref, Ref Stage 12, run, start, 9848925283397099
1787729859.445359, NoOp Chain Depth 64 Size 0 Mode ref, Ref Stage 12, run, end, 9848925283418683
1787729859.445419, NoOp Chain Depth 64 Size 0 Mode ref, Ref Stage 13, run, start, 9848925283477787
1787729859.445441, NoOp Chain Depth 64 Size 0 Mode ref, Ref Stage 13, run, end, 9848925283500042
1787729859.445456, NoOp Chain Depth 64 Size 0 Mode ref, Ref Stage 14, run, start, 9848925283515322
1787729859.445478, NoOp Chain Depth 64 Size 0 Mode ref, Ref Stage 14, run, end, 9848925283537066
1787729859.445537, NoOp Chain Depth 64 Size 0 Mode ref, Ref Stage 15, run, start, 9848925283596394
1787729859.445559, NoOp Chain Depth 64 Size 0 Mode ref, Ref Stage 15, run, end, 9848925283618490
1787729859.445574, NoOp Chain Depth 64 Size 0 Mode ref, Ref Stage 16, run, start, 9848925283633546
1787729859.445596, NoOp Chain Depth 64 Size 0 Mode ref, Ref Stage 16, run, end, 9848925283655370
1787729859.445655, NoOp Chain Depth 64 Size 0 Mode ref, Ref Stage 17, run, start, 9848925283714042
1787729859.445678, NoOp Chain Depth 64 Size 0 Mode ref, Ref Stage 17, run, end, 9848925283737690
1787729859.445694, NoOp Chain Depth 64 Size 0 Mode ref, Ref Stage 18, run, start, 9848925283753066
1787729859.445716, NoOp Chain Depth 64 Size 0 Mode ref, Ref Stage 18, run, end, 9848925283775290
1787729859.445775, NoOp Chain Depth 64 Size 0 Mode ref, Ref Stage 19, run, start, 9848925283834346
1787729859.445797, NoOp Chain Depth 64 Size 0 Mode ref, Ref Stage 19, run, end, 9848925283856474
1787729859.445812, NoOp Chain Depth 64 Size 0 Mode ref, Ref Stage 20, run, start, 9848925283871738
1787729859.445835, NoOp Chain Depth 64 Size 0 Mode ref, Ref Stage 20, run, end, 9848925283893930
1787729859.445893, NoOp Chain Depth 64 Size 0 Mode ref, Ref Stage 21, run, start, 9848925283952682
1787729859.445915, NoOp Chain Depth 64 Size 0 Mode ref, Ref Stage 21, run, end, 9848925283974602
1787729859.445930, NoOp Chain Depth 64 Size 0 Mode ref, Ref Stage 22, run, start, 9848925283989930
1787729859.445954, NoOp Chain Depth 64 Size 0 Mode ref, Ref Stage 22, run, end, 9848925284013642
1787729859.446015, NoOp Chain Depth 64 Size 0 Mode ref, Ref Stage 23, run, start, 9848925284074186
1787729859.446037, NoOp Chain Depth 64 Size 0 Mode ref, Ref Stage 23, run, end, 9848925284096282
1787729859.446052, NoOp Chain Depth 64 Size 0 Mode ref, Ref Stage 24, run, start, 9848925284111658
1787729859.446074, NoOp Chain Depth 64 Size 0 Mode ref, Ref Stage 24, run, end, 9848925284133274
1787729859.446133, NoOp Chain Depth 64 Size 0 Mode ref, Ref Stage 25, run, start, 9848925284192426
1787729859.446155, NoOp Chain Depth 64 Size 0 Mode ref, Ref Stage 25, run, end, 9848925284214234
1787729859.446170, NoOp Chain Depth 64 Size 0 Mode ref, Ref Stage 26, run, start, 9848925284229450
1787729859.446192, NoOp Chain Depth 64 Size 0 Mode ref, Ref Stage 26, run, end, 9848925284251050
1787729859.446251, NoOp Chain Depth 64 Size 0 Mode ref, Ref Stage 27, run, start, 9848925284310506
1787729859.446273, NoOp Chain Depth 64 Size 0 Mode ref, Ref Stage 27, run, end, 9848925284332394
1787729859.446288, NoOp Chain Depth 64 Size 0 Mode ref, Ref Stage 28, run, start, 9848925284347690
1787729859.446310, NoOp Chain Depth 64 Size 0 Mode ref, Ref Stage 28, run, end, 9848925284369418
1787729859.446370, NoOp Chain Depth 64 Size 0 Mode ref, Ref Stage 29, run, start, 9848925284429066
1787729859.446392, NoOp Chain Depth 64 Size 0 Mode ref, Ref Stage 29, run, end, 9848925284450794
1787729859.446407, NoOp Chain Depth 64 Size 0 Mode ref, Ref Stage 30, run, start, 9848925284466186
1787729859.446428, NoOp Chain Depth 64 Size 0 Mode ref, Ref Stage 30, run, end, 9848925284487738
1787729859.446487, NoOp Chain Depth 64 Size 0 Mode ref, Ref Stage 31, run, start, 9848925284546746
1787729859.446509, NoOp Chain Depth 64 Size 0 Mode ref, Ref Stage 31, run, end, 9848925284568634
1787729859.446524, NoOp Chain Depth 64 Size 0 Mode ref, Ref Stage 32, run, start, 9848925284583818
1787729859.446546, NoOp Chain Depth 64 Size 0 Mode ref, Ref Stage 32, run, end, 9848925284605386
1787729859.446605, NoOp Chain Depth 64 Size 0 Mode ref, Ref Stage 33, run, start, 9848925284664186
1787729859.446627, NoOp Chain Depth 64 Size 0 Mode ref, Ref Stage 33, run, end, 9848925284685946
1787729859.446642, NoOp Chain Depth 64 Size 0 Mode ref, Ref Stage 34, run, start, 9848925284701498
1787729859.446664, NoOp Chain Depth 64 Size 0 Mode ref, Ref Stage 34, run, end, 9848925284723178
1787729859.446723, NoOp Chain Depth 64 Size 0 Mode ref, Ref Stage 35, run, start, 9848925284782234
1787729859.446745, NoOp Chain Depth 64 Size 0 Mode ref, Ref Stage 35, run, end, 9848925284804474
1787729859.446760, NoOp Chain Depth 64 Size 0 Mode ref, Ref Stage 36, run, start, 9848925284819738
1787729859.446782, NoOp Chain Depth 64 Size 0 Mode ref, Ref Stage 36, run, end, 9848925284841082
1787729859.446841, NoOp Chain Depth 64 Size 0 Mode ref, Ref Stage 37, run, start, 9848925284900186
1787729859.446863, NoOp Chain Depth 64 Size 0 Mode ref, Ref Stage 37, run, end, 9848925284922218
1787729859.446878, NoOp Chain Depth 64 Size 0 Mode ref, Ref Stage 38, run, start, 9848925284937594
1787729859.446902, NoOp Chain Depth 64 Size 0 Mode ref, Ref Stage 38, run, end, 9848925284960794
1787729859.446963, NoOp Chain Depth 64 Size 0 Mode ref, Ref Stage 39, run, start, 9848925285022106
1787729859.446985, NoOp Chain Depth 64 Size 0 Mode ref, Ref Stage 39, run, end, 9848925285044938
1787729859.447001, NoOp Chain Depth 64 Size 0 Mode ref, Ref Stage 40, run, start, 9848925285060170
1787729859.447023, NoOp Chain Depth 64 Size 0 Mode ref, Ref Stage 40, run, end, 9848925285081978
1787729859.447082, NoOp Chain Depth 64 Size 0 Mode ref, Ref Stage 41, run, start, 9848925285141546
1787729859.447104, NoOp Chain Depth 64 Size 0 Mode ref, Ref Stage 41, run, end, 9848925285163498
1787729859.447120, NoOp Chain Depth 64 Size 0 Mode ref, Ref Stage 42, run, start, 9848925285178810
1787729859.447141, NoOp Chain Depth 64 Size 0 Mode ref, Ref Stage 42, run, end, 9848925285200106
1787729859.447200, NoOp Chain Depth 64 Size 0 Mode ref, Ref Stage 43, run, start, 9848925285258890
1787729859.447222, NoOp Chain Depth 64 Size 0 Mode ref, Ref Stage 43, run, end, 9848925285280906
1787729859.447237, NoOp Chain Depth 64 Size 0 Mode ref, Ref Stage 44, run, start, 9848925285296058
1787729859.447259, NoOp Chain Depth 64 Size 0 Mode ref, Ref Stage 44, run, end, 9848925285317962
1787729859.447318, NoOp Chain Depth 64 Size 0 Mode ref, Ref Stage 45, run, start, 9848925285377146
1787729859.447340, NoOp Chain Depth 64 Size 0 Mode ref, Ref Stage 45, run, end, 9848925285399162
1787729859.447356, NoOp Chain Depth 64 Size 0 Mode ref, Ref Stage 46, run, start, 9848925285414554
1787729859.447377, NoOp Chain Depth 64 Size 0 Mode ref, Ref Stage 46, run, end, 9848925285436314
1787729859.447436, NoOp Chain Depth 64 Size 0 Mode ref, Ref Stage 47, run, start, 9848925285495337
1787729859.447458, NoOp Chain Depth 64 Size 0 Mode ref, Ref Stage 47, run, end, 9848925285516937
1787729859.447472, NoOp Chain Depth 64 Size 0 Mode ref, Ref Stage 48, run, start, 9848925285531833
1787729859.447494, NoOp Chain Depth 64 Size 0 Mode ref, Ref Stage 48, run, end, 9848925285553369
1787729859.447552, NoOp Chain Depth 64 Size 0 Mode ref, Ref Stage 49, run, start, 9848925285612073
1787729859.447575, NoOp Chain Depth 64 Size 0 Mode ref, Ref Stage 49, run, end, 9848925285634137
1787729859.447590, NoOp Chain Depth 64 Size 0 Mode ref, Ref Stage 50, run, start, 9848925285649385
1787729859.447611, NoOp Chain Depth 64 Size 0 Mode ref, Ref Stage 50, run, end, 9848925285670729
1787729859.447670, NoOp Chain Depth 64 Size 0 Mode ref, Ref Stage 51, run, start, 9848925285729977
1787729859.447693, NoOp Chain Depth 64 Size 0 Mode ref, Ref Stage 51, run, end, 9848925285751929
1787729859.447708, NoOp Chain Depth 64 Size 0 Mode ref, Ref Stage 52, run, start, 9848925285767241
1787729859.447730, NoOp Chain Depth 64 Size 0 Mode ref, Ref Stage 52, run, end, 9848925285788953
1787729859.447790, NoOp Chain Depth 64 Size 0 Mode ref, Ref Stage 53, run, start, 9848925285849097
1787729859.447812, NoOp Chain Depth 64 Size 0 Mode ref, Ref Stage 53, run, end, 9848925285871081
1787729859.447827, NoOp Chain Depth 64 Size 0 Mode ref, Ref Stage 54, run, start, 9848925285885897
1787729859.447848, NoOp Chain Depth 64 Size 0 Mode ref, Ref Stage 54, run, end, 9848925285907273
1787729859.447906, NoOp Chain Depth 64 Size 0 Mode ref, Ref Stage 55, run, start, 9848925285965801
1787729859.447929, NoOp Chain Depth 64 Size 0 Mode ref, Ref Stage 55, run, end, 9848925285987929
1787729859.447945, NoOp Chain Depth 64 Size 0 Mode ref, Ref Stage 56, run, start, 9848925286004585
1787729859.447968, NoOp Chain Depth 64 Size 0 Mode ref, Ref Stage 56, run, end, 9848925286027065
1787729859.448027, NoOp Chain Depth 64 Size 0 Mode ref, Ref Stage 57, run, start, 9848925286086329
1787729859.448049, NoOp Chain Depth 64 Size 0 Mode ref, Ref Stage 57, run, end, 9848925286108217
1787729859.448064, NoOp Chain Depth 64 Size 0 Mode ref, Ref Stage 58, run, start, 9848925286123593
1787729859.448086, NoOp Chain Depth 64 Size 0 Mode ref, Ref Stage 58, run, end, 9848925286145449
1787729859.448148, NoOp Chain Depth 64 Size 0 Mode ref, Ref Stage 59, run, start, 9848925286207273
1787729859.448170, NoOp Chain Depth 64 Size 0 Mode ref, Ref Stage 59, run, end, 9848925286229289
1787729859.448185, NoOp Chain Depth 64 Size 0 Mode ref, Ref Stage 60, run, start, 9848925286244553
1787729859.448208, NoOp Chain Depth 64 Size 0 Mode ref, Ref Stage 60, run, end, 9848925286267145
1787729859.448290, NoOp Chain Depth 64 Size 0 Mode ref, Ref Stage 61, run, start, 9848925286351785
1787729859.448328, NoOp Chain Depth 64 Size 0 Mode ref, Ref Stage 61, run, end, 9848925286387801
1787729859.448351, NoOp Chain Depth 64 Size 0 Mode ref, Ref Stage 62, run, start, 9848925286412025
1787729859.448379, NoOp Chain Depth 64 Size 0 Mode ref, Ref Stage 62, run, end, 9848925286438425
1787729859.448440, NoOp Chain Depth 64 Size 0 Mode ref, Ref Stage 63, run, start, 9848925286499833
1787729859.448464, NoOp Chain Depth 64 Size 0 Mode ref, Ref Stage 63, run, end, 9848925286523401
1787729859.448480, NoOp Chain Depth 64 Size 0 Mode ref, pipeline - train, run, end, 123460107131308589442485091080775465087, 1787729859.444565, 16, 1, 9848925286539369
1787729859.448553, NoOp Chain Depth 64 Size 0 Mode ref, pipeline - train, run, start, 213745891849570891957896648454529997793, 1787729859.448542, 17, 1, 9848925286612457
1787729859.448594, NoOp Chain Depth 64 Size 0 Mode ref, Ref Stage 0, run, start, 9848925286653177
1787729859.448617, NoOp Chain Depth 64 Size 0 Mode ref, Ref Stage 0, run, end, 9848925286676217
1787729859.448657, NoOp Chain Depth 64 Size 0 Mode ref, Ref Stage 1, run, start, 9848925286716393
1787729859.448679, NoOp Chain Depth 64 Size 0 Mode ref, Ref Stage 1, run, end, 9848925286738729
1787729859.448718, NoOp Chain Depth 64 Size 0 Mode ref, Ref Stage 2, run, start, 9848925286777897
1787729859.448741, NoOp Chain Depth 64 Size 0 Mode ref, Ref Stage 2, run, end, 9848925286800105
1787729859.448781, NoOp Chain Depth 64 Size 0 Mode ref, Ref Stage 3, run, start, 9848925286839849
1787729859.448802, NoOp Chain Depth 64 Size 0 Mode ref, Ref Stage 3, run, end, 9848925286861897
1787729859.448842, NoOp Chain Depth 64 Size 0 Mode ref, Ref Stage 4, run, start, 9848925286901417
1787729859.448864, NoOp Chain Depth 64 Size 0 Mode ref, Ref Stage 4, run, end, 9848925286923321
1787729859.448903, NoOp Chain Depth 64 Size 0 Mode ref, Ref Stage 5, run, start, 9848925286962553
1787729859.448925, NoOp Chain Depth 64 Size 0 Mode ref, Ref Stage 5, run, end, 9848925286984441
1787729859.448967, NoOp Chain Depth 64 Size 0 Mode ref, Ref Stage 6, run, start, 9848925287025897
1787729859.448989, NoOp Chain Depth 64 Size 0 Mode ref, Ref Stage 6, run, end, 9848925287048505
1787729859.449028, NoOp Chain Depth 64 Size 0 Mode ref, Ref Stage 7, run, start, 9848925287087993
1787729859.449051, NoOp Chain Depth 64 Size 0 Mode ref, Ref Stage 7, run, end, 9848925287110009
1787729859.449090, NoOp Chain Depth 64 Size 0 Mode ref, Ref Stage 8, run, start, 9848925287149385
1787729859.449112, NoOp Chain Depth 64 Size 0 Mode ref, Ref Stage 8, run, end, 9848925287171225
1787729859.449151, NoOp Chain Depth 64 Size 0 Mode ref, Ref Stage 9, run, start, 9848925287210681
1787729859.449173, NoOp Chain Depth 64 Size 0 Mode ref, Ref Stage 9, run, end, 9848925287232745
1787729859.449212, NoOp Chain Depth 64 Size 0 Mode ref, Ref Stage 10, run, start, 9848925287271417
1787729859.449234, NoOp Chain Depth 64 Size 0 Mode ref, Ref Stage 10, run, end, 9848925287293289
1787729859.449273, NoOp Chain Depth 64 Size 0 Mode ref, Ref Stage 11, run, start, 9848925287332680
1787729859.449295, NoOp Chain Depth 64 Size 0 Mode ref, Ref Stage 11, run, end, 9848925287354168
1787729859.449334, NoOp Chain Depth 64 Size 0 Mode ref, Ref Stage 12, run, start, 9848925287393608
1787729859.449356, NoOp Chain Depth 64 Size 0 Mode ref, Ref Stage 12, run, end, 9848925287415416
1787729859.449395, NoOp Chain Depth 64 Size 0 Mode ref, Ref Stage 13, run, start, 9848925287454392
1787729859.449417, NoOp Chain Depth 64 Size 0 Mode ref, Ref Stage 13, run, end, 9848925287476632
1787729859.449457, NoOp Chain Depth 64 Size 0 Mode ref, Ref Stage 14, run, start, 9848925287516376
1787729859.449480, NoOp Chain Depth 64 Size 0 Mode ref, Ref Stage 14, run, end, 9848925287539496
1787729859.449520, NoOp Chain Depth 64 Size 0 Mode ref, Ref Stage 15, run, start, 9848925287579064
1787729859.449542, NoOp Chain Depth 64 Size 0 Mode ref, Ref Stage 15, run, end, 9848925287601064
1787729859.449581, NoOp Chain Depth 64 Size 0 Mode ref, Ref Stage 16, run, start, 9848925287640600
1787729859.449604, NoOp Chain Depth 64 Size 0 Mode ref, Ref Stage 16, run, end, 9848925287662856
1787729859.449642, NoOp Chain Depth 64 Size 0 Mode ref, Ref Stage 17, run, start, 9848925287701880
1787729859.449664, NoOp Chain Depth 64 Size 0 Mode ref, Ref Stage 17, run, end, 9848925287723704
1787729859.449703, NoOp Chain Depth 64 Size 0 Mode ref, Ref Stage 18, run, start, 9848925287762808
1787729859.449725, NoOp Chain Depth 64 Size 0 Mode ref, Ref Stage 18, run, end, 9848925287784584
1787729859.449765, NoOp Chain Depth 64 Size 0 Mode ref, Ref Stage 19, run, start, 9848925287824456
1787729859.449787, NoOp Chain Depth 64 Size 0 Mode ref, Ref Stage 19, run, end, 9848925287846200
1787729859.449826, NoOp Chain Depth 64 Size 0 Mode ref, Ref Stage 20, run, start, 9848925287885304
1787729859.449848, NoOp Chain Depth 64 Size 0 Mode ref, Ref Stage 20, run, end, 9848925287907144
1787729859.449887, NoOp Chain Depth 64 Size 0 Mode ref, Ref Stage 21, run, start, 9848925287946376
1787729859.449909, NoOp Chain Depth 64 Size 0 Mode ref, Ref Stage 21, run, end, 9848925287968328
1787729859.449950, NoOp Chain Depth 64 Size 0 Mode ref, Ref Stage 22, run, start, 9848925288009064
1787729859.449972, NoOp Chain Depth 64 Size 0 Mode ref, Ref Stage 22, run, end, 9848925288031512
1787729859.450011, NoOp Chain Depth 64 Size 0 Mode ref, Ref Stage 23, run, start, 9848925288070856
1787729859.450033, NoOp Chain Depth 64 Size 0 Mode ref, Ref Stage 23, run, end, 9848925288092824
1787729859.450072, NoOp Chain Depth 64 Size 0 Mode ref, Ref Stage 24, run, start, 9848925288131608
1787729859.450094, NoOp Chain Depth 64 Size 0 Mode ref, Ref Stage 24, run, end, 9848925288153384
1787729859.450133, NoOp Chain Depth 64 Size 0 Mode ref, Ref Stage 25, run, start, 9848925288192648
1787729859.450155, NoOp Chain Depth 64 Size 0 Mode ref, Ref Stage 25, run, end, 9848925288214392
1787729859.450194, NoOp Chain Depth 64 Size 0 Mode ref, Ref Stage 26, run, start, 9848925288253384
1787729859.450216, NoOp Chain Depth 64 Size 0 Mode ref, Ref Stage 26, run, end, 9848925288275224
1787729859.450255, NoOp Chain Depth 64 Size 0 Mode ref, Ref Stage 27, run, start, 9848925288314344
1787729859.450277, NoOp Chain Depth 64 Size 0 Mode ref, Ref Stage 27, run, end, 9848925288335848
1787729859.450316, NoOp Chain Depth 64 Size 0 Mode ref, Ref Stage 28, run, start, 9848925288375240
1787729859.450337, NoOp Chain Depth 64 Size 0 Mode ref, Ref Stage 28, run, end, 9848925288396664
1787729859.450377, NoOp Chain Depth 64 Size 0 Mode ref, Ref Stage 29, run, start, 9848925288436136
1787729859.450398, NoOp Chain Depth 64 Size 0 Mode ref, Ref Stage 29, run, end, 9848925288457832
1787729859.450438, NoOp Chain Depth 64 Size 0 Mode ref, Ref Stage 30, run, start, 9848925288497352
1787729859.450460, NoOp Chain Depth 64 Size 0 Mode ref, Ref Stage 30, run, end, 9848925288518888
1787729859.450499, NoOp Chain Depth 64 Size 0 Mode ref, Ref Stage 31, run, start, 9848925288558280
1787729859.450521, NoOp Chain Depth 64 Size 0 Mode ref, Ref Stage 31, run, end, 9848925288580184
1787729859.450560, NoOp Chain Depth 64 Size 0 Mode ref, Ref Stage 32, run, start, 9848925288619592
1787729859.450582, NoOp Chain Depth 64 Size 0 Mode ref, Ref Stage 32, run, end, 9848925288641160
1787729859.450621, NoOp Chain Depth 64 Size 0 Mode ref, Ref Stage 33, run, start, 9848925288680360
1787729859.450643, NoOp Chain Depth 64 Size 0 Mode ref, Ref Stage 33, run, end, 9848925288701944
1787729859.450682, NoOp Chain Depth 64 Size 0 Mode ref, Ref Stage 34, run, start, 9848925288740952
1787729859.450703, NoOp Chain Depth 64 Size 0 Mode ref, Ref Stage 34, run, end, 9848925288762568
1787729859.450742, NoOp Chain Depth 64 Size 0 Mode ref, Ref Stage 35, run, start, 9848925288801560
1787729859.450766, NoOp Chain Depth 64 Size 0 Mode ref, Ref Stage 35, run, end, 9848925288825000
1787729859.450805, NoOp Chain Depth 64 Size 0 Mode ref, Ref Stage 36, run, start, 9848925288864616
1787729859.450827, NoOp Chain Depth 64 Size 0 Mode ref, Ref Stage 36, run, end, 9848925288886408
1787729859.450866, NoOp Chain Depth 64 Size 0 Mode ref, Ref Stage 37, run, start, 9848925288925208
1787729859.450888, NoOp Chain Depth 64 Size 0 Mode ref, Ref Stage 37, run, end, 9848925288946984
1787729859.450912, NoOp Chain Depth 64 Size 0 Mode ref, Ref Stage 38, run, start, 9848925288971560
1787729859.450937, NoOp Chain Depth 64 Size 0 Mode ref, Ref Stage 38, run, end, 9848925288995896
1787729859.450954, NoOp Chain Depth 64 Size 0 Mode ref, Ref Stage 39, run, start, 9848925289012984
1787729859.450976, NoOp Chain Depth 64 Size 0 Mode ref, Ref Stage 39, run, end, 9848925289035320
1787729859.451050, NoOp Chain Depth 64 Size 0 Mode ref, Ref Stage 40, run, start, 9848925289109224
1787729859.451072, NoOp Chain Depth 64 Size 0 Mode ref, Ref Stage 40, run, end, 9848925289131640
1787729859.451088, NoOp Chain Depth 64 Size 0 Mode ref, Ref Stage 41, run, start, 9848925289146824
1787729859.451109, NoOp Chain Depth 64 Size 0 Mode ref, Ref Stage 41, run, end, 9848925289168328
1787729859.451169, NoOp Chain Depth 64 Size 0 Mode ref, Ref Stage 42, run, start, 9848925289228440
1787729859.451191, NoOp Chain Depth 64 Size 0 Mode ref, Ref Stage 42, run, end, 9848925289250216
1787729859.451206, NoOp Chain Depth 64 Size 0 Mode ref, Ref Stage 43, run, start, 9848925289265688
1787729859.451228, NoOp Chain Depth 64 Size 0 Mode ref, Ref Stage 43, run, end, 9848925289287208
1787729859.451287, NoOp Chain Depth 64 Size 0 Mode ref, Ref Stage 44, run, start, 9848925289345863
1787729859.451308, NoOp Chain Depth 64 Size 0 Mode ref, Ref Stage 44, run, end, 9848925289367959
1787729859.451324, NoOp Chain Depth 64 Size 0 Mode ref, Ref Stage 45, run, start, 9848925289383127
1787729859.451346, NoOp Chain Depth 64 Size 0 Mode ref, Ref Stage 45, run, end, 9848925289404967
1787729859.451404, NoOp Chain Depth 64 Size 0 Mode ref, Ref Stage 46, run, start, 9848925289463191
1787729859.451426, NoOp Chain Depth 64 Size 0 Mode ref, Ref Stage 46, run, end, 9848925289484999
1787729859.451441, NoOp Chain Depth 64 Size 0 Mode ref, Ref Stage 47, run, start, 9848925289500215
1787729859.451462, NoOp Chain Depth 64 Size 0 Mode ref, Ref Stage 47, run, end, 9848925289521319
1787729859.451506, NoOp Chain Depth 64 Size 0 Mode ref, Ref Stage 48, run, start, 9848925289565671
1787729859.451528, NoOp Chain Depth 64 Size 0 Mode ref, Ref Stage 48, run, end, 9848925289587383
1787729859.451544, NoOp Chain Depth 64 Size 0 Mode ref, Ref Stage 49, run, start, 9848925289602999
1787729859.451566, NoOp Chain Depth 64 Size 0 Mode ref, Ref Stage 49, run, end, 9848925289624855
1787729859.451581, NoOp Chain Depth 64 Size 0 Mode ref, Ref Stage 50, run, start, 9848925289640247
1787729859.451603, NoOp Chain Depth 64 Size 0 Mode ref, Ref Stage 50, run, end, 9848925289662055
1787729859.451618, NoOp Chain Depth 64 Size 0 Mode ref, Ref Stage 51, run, start, 9848925289677191
1787729859.451640, NoOp Chain Depth 64 Size 0 Mode ref, Ref Stage 51, run, end, 9848925289699175
1787729859.451655, NoOp Chain Depth 64 Size 0 Mode ref, Ref Stage 52, run, start, 9848925289714519
1787729859.451677, NoOp Chain Depth 64 Size 0 Mode ref, Ref Stage 52, run, end, 9848925289736471
1787729859.451693, NoOp Chain Depth 64 Size 0 Mode ref, Ref Stage 53, run, start, 9848925289751847
1787729859.451715, NoOp Chain Depth 64 Size 0 Mode ref, Ref Stage 53, run, end, 9848925289773799
1787729859.451730, NoOp Chain Depth 64 Size 0 Mode ref, Ref Stage 54, run, start, 9848925289788887
1787729859.451751, NoOp Chain Depth 64 Size 0 Mode ref, Ref Stage 54, run, end, 9848925289810519
1787729859.451766, NoOp Chain Depth 64 Size 0 Mode ref, Ref Stage 55, run, start, 9848925289825943
1787729859.451788, NoOp Chain Depth 64 Size 0 Mode ref, Ref Stage 55, run, end, 9848925289847591
1787729859.451803, NoOp Chain Depth 64 Size 0 Mode ref, Ref Stage 56, run, start, 9848925289862839
1787729859.451827, NoOp Chain Depth 64 Size 0 Mode ref, Ref Stage 56, run, end, 9848925289886279
1787729859.451842, NoOp Chain Depth 64 Size 0 Mode ref, Ref Stage 57, run, start, 9848925289901575
1787729859.451864, NoOp Chain Depth 64 Size 0 Mode ref, Ref Stage 57, run, end, 9848925289922935
1787729859.451879, NoOp Chain Depth 64 Size 0 Mode ref, Ref Stage 58, run, start, 9848925289937815
1787729859.451900, NoOp Chain Depth 64 Size 0 Mode ref, Ref Stage 58, run, end, 9848925289959335
1787729859.451915, NoOp Chain Depth 64 Size 0 Mode ref, Ref Stage 59, run, start, 9848925289974455
1787729859.451937, NoOp Chain Depth 64 Size 0 Mode ref, Ref Stage 59, run, end, 9848925289995895
1787729859.451956, NoOp Chain Depth 64 Size 0 Mode ref, Ref Stage 60, run, start, 9848925290014791
1787729859.451980, NoOp Chain Depth 64 Size 0 Mode ref, Ref Stage 60, run, end, 9848925290039639
1787729859.452004, NoOp Chain Depth 64 Size 0 Mode ref, Ref Stage 61, run, start, 9848925290065927
1787729859.452042, NoOp Chain Depth 64 Size 0 Mode ref, Ref Stage 61, run, end, 9848925290101991
1787729859.452065, NoOp Chain Depth 64 Size 0 Mode ref, Ref Stage 62, run, start, 9848925290125687
1787729859.452092, NoOp Chain Depth 64 Size 0 Mode ref, Ref Stage 62, run, end, 9848925290151447
1787729859.452314, NoOp Chain Depth 64 Size 0 Mode ref, Ref Stage 63, run, start, 9848925290373447
1787729859.452336, NoOp Chain Depth 64 Size 0 Mode ref, Ref Stage 63, run, end, 9848925290395463
1787729859.452352, NoOp Chain Depth 64 Size 0 Mode ref, pipeline - train, run, end, 213745891849570891957896648454529997793, 1787729859.448542, 17, 1, 9848925290411047
1787729859.452387, NoOp Chain Depth 64 Size 0 Mode ref, pipeline - train, run, start, 281055216799021108708348861331242735588, 1787729859.452376, 18, 1, 9848925290446151
1787729859.452512, NoOp Chain Depth 64 Size 0 Mode ref, Ref Stage 0, run, start, 9848925290571175
1787729859.452534, NoOp Chain Depth 64 Size 0 Mode ref, Ref Stage 0, run, end, 9848925290593175
1787729859.452550, NoOp Chain Depth 64 Size 0 Mode ref, Ref Stage 1, run, start, 9848925290609127
1787729859.452572, NoOp Chain Depth 64 Size 0 Mode ref, Ref Stage 1, run, end, 9848925290630807
1787729859.452587, NoOp Chain Depth 64 Size 0 Mode ref, Ref Stage 2, run, start, 9848925290645959
1787729859.452608, NoOp Chain Depth 64 Size 0 Mode ref, Ref Stage 2, run, end, 9848925290667447
1787729859.452623, NoOp Chain Depth 64 Size 0 Mode ref, Ref Stage 3, run, start, 9848925290682759
1787729859.452645, NoOp Chain Depth 64 Size 0 Mode ref, Ref Stage 3, run, end, 9848925290704839
1787729859.452661, NoOp Chain Depth 64 Size 0 Mode ref, Ref Stage 4, run, start, 9848925290719959
1787729859.452682, NoOp Chain Depth 64 Size 0 Mode ref, Ref Stage 4, run, end, 9848925290741591
1787729859.452697, NoOp Chain Depth 64 Size 0 Mode ref, Ref Stage 5, run, start, 9848925290756487
1787729859.452719, NoOp Chain Depth 64 Size 0 Mode ref, Ref Stage 5, run, end, 9848925290778231
1787729859.452734, NoOp Chain Depth 64 Size 0 Mode ref, Ref Stage 6, run, start, 9848925290793415
1787729859.452755, NoOp Chain Depth 64 Size 0 Mode ref, Ref Stage 6, run, end, 9848925290814791
1787729859.452770, NoOp Chain Depth 64 Size 0 Mode ref, Ref Stage 7, run, start, 9848925290829591
1787729859.452792, NoOp Chain Depth 64 Size 0 Mode ref, Ref Stage 7, run, end, 9848925290850903
1787729859.452807, NoOp Chain Depth 64 Size 0 Mode ref, Ref Stage 8, run, start, 9848925290866007
1787729859.452828, NoOp Chain Depth 64 Size 0 Mode ref, Ref Stage 8, run, end, 9848925290887463
1787729859.452843, NoOp Chain Depth 64 Size 0 Mode ref, Ref Stage 9, run, start, 9848925290902503
1787729859.452865, NoOp Chain Depth 64 Size 0 Mode ref, Ref Stage 9, run, end, 9848925290924391
1787729859.452880, NoOp Chain Depth 64 Size 0 Mode ref, Ref Stage 10, run, start, 9848925290939623
1787729859.452902, NoOp Chain Depth 64 Size 0 Mode ref, Ref Stage 10, run, end, 9848925290961095
1787729859.452917, NoOp Chain Depth 64 Size 0 Mode ref, Ref Stage 11, run, start, 9848925290976231
1787729859.452940, NoOp Chain Depth 64 Size 0 Mode ref, Ref Stage 11, run, end, 9848925290999431
1787729859.452958, NoOp Chain Depth 64 Size 0 Mode ref, Ref Stage 12, run, start, 9848925291017095
1787729859.452979, NoOp Chain Depth 64 Size 0 Mode ref, Ref Stage 12, run, end, 9848925291038407
1787729859.452994, NoOp Chain Depth 64 Size 0 Mode ref, Ref Stage 13, run, start, 9848925291053383
1787729859.453016, NoOp Chain Depth 64 Size 0 Mode ref, Ref Stage 13, run, end, 9848925291074791
1787729859.453030, NoOp Chain Depth 64 Size 0 Mode ref, Ref Stage 14, run, start, 9848925291089655
1787729859.453051, NoOp Chain Depth 64 Size 0 Mode ref, Ref Stage 14, run, end, 9848925291110583
1787729859.453067, NoOp Chain Depth 64 Size 0 Mode ref, Ref Stage 15, run, start, 9848925291125831
1787729859.453088, NoOp Chain Depth 64 Size 0 Mode ref, Ref Stage 15, run, end, 9848925291147191
1787729859.453103, NoOp Chain Depth 64 Size 0 Mode ref, Ref Stage 16, run, start, 9848925291162087
1787729859.453124, NoOp Chain Depth 64 Size 0 Mode ref, Ref Stage 16, run, end, 9848925291183543
1787729859.453139, NoOp Chain Depth 64 Size 0 Mode ref, Ref Stage 17, run, start, 9848925291198327
1787729859.453161, NoOp Chain Depth 64 Size 0 Mode ref, Ref Stage 17, run, end, 9848925291219895
1787729859.453176, NoOp Chain Depth 64 Size 0 Mode ref, Ref Stage 18, run, start, 9848925291234711
1787729859.453197, NoOp Chain Depth 64 Size 0 Mode ref, Ref Stage 18, run, end, 9848925291255926
1787729859.453212, NoOp Chain Depth 64 Size 0 Mode ref, Ref Stage 19, run, start, 9848925291270886
1787729859.453233, NoOp Chain Depth 64 Size 0 Mode ref, Ref Stage 19, run, end, 9848925291292278
1787729859.453248, NoOp Chain Depth 64 Size 0 Mode ref, Ref Stage 20, run, start, 9848925291307030
1787729859.453269, NoOp Chain Depth 64 Size 0 Mode ref, Ref Stage 20, run, end, 9848925291328166
1787729859.453284, NoOp Chain Depth 64 Size 0 Mode ref, Ref Stage 21, run, start, 9848925291342806
1787729859.453305, NoOp Chain Depth 64 Size 0 Mode ref, Ref Stage 21, run, end, 9848925291364038
1787729859.453319, NoOp Chain Depth 64 Size 0 Mode ref, Ref Stage 22, run, start, 9848925291378726
1787729859.453341, NoOp Chain Depth 64 Size 0 Mode ref, Ref Stage 22, run, end, 9848925291399846
1787729859.453355, NoOp Chain Depth 64 Size 0 Mode ref, Ref Stage 23, run, start, 9848925291414646
1787729859.453377, NoOp Chain Depth 64 Size 0 Mode ref, Ref Stage 23, run, end, 9848925291436198
1787729859.453392, NoOp Chain Depth 64 Size 0 Mode ref, Ref Stage 24, run, start, 9848925291451078
1787729859.453413, NoOp Chain Depth 64 Size 0 Mode ref, Ref Stage 24, run, end, 9848925291472566
1787729859.453428, NoOp Chain Depth 64 Size 0 Mode ref, Ref Stage 25, run, start, 9848925291487590
1787729859.453450, NoOp Chain Depth 64 Size 0 Mode ref, Ref Stage 25, run, end, 9848925291508934
1787729859.453464, NoOp Chain Depth 64 Size 0 Mode ref, Ref Stage 26, run, start, 9848925291523686
1787729859.453485, NoOp Chain Depth 64 Size 0 Mode ref, Ref Stage 26, run, end, 9848925291544918
1787729859.453501, NoOp Chain Depth 64 Size 0 Mode ref, Ref Stage 27, run, start, 9848925291559686
1787729859.453521, NoOp Chain Depth 64 Size 0 Mode ref, Ref Stage 27, run, end, 9848925291580614
1787729859.453536, NoOp Chain Depth 64 Size 0 Mode ref, Ref Stage 28, run, start, 9848925291595462
1787729859.453558, NoOp Chain Depth 64 Size 0 Mode ref, Ref Stage 28, run, end, 9848925291617446
1787729859.453573, NoOp Chain Depth 64 Size 0 Mode ref, Ref Stage 29, run, start, 9848925291632566
1787729859.453595, NoOp Chain Depth 64 Size 0 Mode ref, Ref Stage 29, run, end, 9848925291654102
1787729859.453610, NoOp Chain Depth 64 Size 0 Mode ref, Ref Stage 30, run, start, 9848925291669366
1787729859.453632, NoOp Chain Depth 64 Size 0 Mode ref, Ref Stage 30, run, end, 9848925291691094
1787729859.453647, NoOp Chain Depth 64 Size 0 Mode ref, Ref Stage 31, run, start, 9848925291706022
1787729859.453668, NoOp Chain Depth 64 Size 0 Mode ref, Ref Stage 31, run, end, 9848925291727222
1787729859.453683, NoOp Chain Depth 64 Size 0 Mode ref, Ref Stage 32, run, start, 9848925291742022
1787729859.453706, NoOp Chain Depth 64 Size 0 Mode ref, Ref Stage 32, run, end, 9848925291765142
1787729859.453721, NoOp Chain Depth 64 Size 0 Mode ref, Ref Stage 33, run, start, 9848925291779974
1787729859.453742, NoOp Chain Depth 64 Size 0 Mode ref, Ref Stage 33, run, end, 9848925291801302
1787729859.453757, NoOp Chain Depth 64 Size 0 Mode ref, Ref Stage 34, run, start, 9848925291816310
1787729859.453779, NoOp Chain Depth 64 Size 0 Mode ref, Ref Stage 34, run, end, 9848925291837686
1787729859.453794, NoOp Chain Depth 64 Size 0 Mode ref, Ref Stage 35, run, start, 9848925291852742
1787729859.453815, NoOp Chain Depth 64 Size 0 Mode ref, Ref Stage 35, run, end, 9848925291876358
1787729859.453832, NoOp Chain Depth 64 Size 0 Mode ref, Ref Stage 36, run, start, 9848925291891782
1787729859.453854, NoOp Chain Depth 64 Size 0 Mode ref, Ref Stage 36, run, end, 9848925291913574
1787729859.453869, NoOp Chain Depth 64 Size 0 Mode ref, Ref Stage 37, run, start, 9848925291928790
1787729859.453891, NoOp Chain Depth 64 Size 0 Mode ref, Ref Stage 37, run, end, 9848925291950390
1787729859.453906, NoOp Chain Depth 64 Size 0 Mode ref, Ref Stage 38, run, start, 9848925291965510
1787729859.453928, NoOp Chain Depth 64 Size 0 Mode ref, Ref Stage 38, run, end, 9848925291986710
1787729859.453943, NoOp Chain Depth 64 Size 0 Mode ref, Ref Stage 39, run, start, 9848925292003222
1787729859.453969, NoOp Chain Depth 64 Size 0 Mode ref, Ref Stage 39, run, end, 9848925292028294
1787729859.453986, NoOp Chain Depth 64 Size 0 Mode ref, Ref Stage 40, run, start, 9848925292045414
1787729859.454010, NoOp Chain Depth 64 Size 0 Mode ref, Ref Stage 40, run, end, 9848925292069222
1787729859.454027, NoOp Chain Depth 64 Size 0 Mode ref, Ref Stage 41, run, start, 9848925292086198
1787729859.454050, NoOp Chain Depth 64 Size 0 Mode ref, Ref Stage 41, run, end, 9848925292109686
1787729859.454067, NoOp Chain Depth 64 Size 0 Mode ref, Ref Stage 42, run, start, 9848925292126774
1787729859.454091, NoOp Chain Depth 64 Size 0 Mode ref, Ref Stage 42, run, end, 9848925292150438
1787729859.454108, NoOp Chain Depth 64 Size 0 Mode ref, Ref Stage 43, run, start, 9848925292167718
1787729859.454132, NoOp Chain Depth 64 Size 0 Mode ref, Ref Stage 43, run, end, 9848925292191238
1787729859.454149, NoOp Chain Depth 64 Size 0 Mode ref, Ref Stage 44, run, start, 9848925292208406
1787729859.454173, NoOp Chain Depth 64 Size 0 Mode ref, Ref Stage 44, run, end, 9848925292232118
1787729859.454190, NoOp Chain Depth 64 Size 0 Mode ref, Ref Stage 45, run, start, 9848925292249398
1787729859.454214, NoOp Chain Depth 64 Size 0 Mode ref, Ref Stage 45, run, end, 9848925292273270
1787729859.454231, NoOp Chain Depth 64 Size 0 Mode ref, Ref Stage 46, run, start, 9848925292290438
1787729859.454255, NoOp Chain Depth 64 Size 0 Mode ref, Ref Stage 46, run, end, 9848925292314230
1787729859.454272, NoOp Chain Depth 64 Size 0 Mode ref, Ref Stage 47, run, start, 9848925292331126
1787729859.454295, NoOp Chain Depth 64 Size 0 Mode ref, Ref Stage 47, run, end, 9848925292354470
1787729859.454312, NoOp Chain Depth 64 Size 0 Mode ref, Ref Stage 48, run, start, 9848925292371654
1787729859.454338, NoOp Chain Depth 64 Size 0 Mode ref, Ref Stage 48, run, end, 9848925292396710
1787729859.454354, NoOp Chain Depth 64 Size 0 Mode ref, Ref Stage 49, run, start, 9848925292413638
1787729859.454377, NoOp Chain Depth 64 Size 0 Mode ref, Ref Stage 49, run, end, 9848925292436790
1787729859.454394, NoOp Chain Depth 64 Size 0 Mode ref, Ref Stage 50, run, start, 9848925292453718
1787729859.454418, NoOp Chain Depth 64 Size 0 Mode ref, Ref Stage 50, run, end, 9848925292477254
1787729859.454435, NoOp Chain Depth 64 Size 0 Mode ref, Ref Stage 51, run, start, 9848925292494630
1787729859.454459, NoOp Chain Depth 64 Size 0 Mode ref, Ref Stage 51, run, end, 9848925292518118
1787729859.454475, NoOp Chain Depth 64 Size 0 Mode ref, Ref Stage 52, run, start, 9848925292534950
1787729859.454499, NoOp Chain Depth 64 Size 0 Mode ref, Ref Stage 52, run, end, 9848925292558342
1787729859.454516, NoOp Chain Depth 64 Size 0 Mode ref, Ref Stage 53, run, start, 9848925292575222
1787729859.455356, NoOp Chain Depth 64 Size 0 Mode ref, Ref Stage 53, run, end, 9848925293415237
1787729859.455372, NoOp Chain Depth 64 Size 0 Mode ref, Ref Stage 54, run, start, 9848925293431733
1787729859.455394, NoOp Chain Depth 64 Size 0 Mode ref, Ref Stage 54, run, end, 9848925293453237
1787729859.455409, NoOp Chain Depth 64 Size 0 Mode ref, Ref Stage 55, run, start, 9848925293468437
1787729859.455431, NoOp Chain Depth 64 Size 0 Mode ref, Ref Stage 55, run, end, 9848925293490325
1787729859.455446, NoOp Chain Depth 64 Size 0 Mode ref, Ref Stage 56, run, start, 9848925293505557
1787729859.455468, NoOp Chain Depth 64 Size 0 Mode ref, Ref Stage 56, run, end, 9848925293527045
1787729859.455483, NoOp Chain Depth 64 Size 0 Mode ref, Ref Stage 57, run, start, 9848925293542373
1787729859.455504, NoOp Chain Depth 64 Size 0 Mode ref, Ref Stage 57, run, end, 9848925293563685
1787729859.455520, NoOp Chain Depth 64 Size 0 Mode ref, Ref Stage 58, run, start, 9848925293578917
1787729859.455541, NoOp Chain Depth 64 Size 0 Mode ref, Ref Stage 58, run, end, 9848925293600309
1787729859.455556, NoOp Chain Depth 64 Size 0 Mode ref, Ref Stage 59, run, start, 9848925293615477
1787729859.455578, NoOp Chain Depth 64 Size 0 Mode ref, Ref Stage 59, run, end, 9848925293637157
1787729859.455593, NoOp Chain Depth 64 Size 0 Mode ref, Ref Stage 60, run, start, 9848925293652309
1787729859.455615, NoOp Chain Depth 64 Size 0 Mode ref, Ref Stage 60, run, end, 9848925293674229
1787729859.455639, NoOp Chain Depth 64 Size 0 Mode ref, Ref Stage 61, run, start, 9848925293701477
1787729859.455679, NoOp Chain Depth 64 Size 0 Mode ref, Ref Stage 61, run, end, 9848925293738981
1787729859.455702, NoOp Chain Depth 64 Size 0 Mode ref, Ref Stage 62, run, start, 9848925293762181
1787729859.455731, NoOp Chain Depth 64 Size 0 Mode ref, Ref Stage 62, run, end, 9848925293790757
1787729859.455744, NoOp Chain Depth 64 Size 0 Mode ref, Ref Stage 63, run, start, 9848925293803141
1787729859.455888, NoOp Chain Depth 64 Size 0 Mode ref, Ref Stage 63, run, end, 9848925293947621
1787729859.455904, NoOp Chain Depth 64 Size 0 Mode ref, pipeline - train, run, end, 281055216799021108708348861331242735588, 1787729859.452376, 18, 1, 9848925293962917
1787729859.455939, NoOp Chain Depth 64 Size 0 Mode ref, pipeline - train, run, start, 137881928496553965781854291480355888579, 1787729859.455928, 19, 1, 9848925293998197
1787729859.455967, NoOp Chain Depth 64 Size 0 Mode ref, Ref Stage 0, run, start, 9848925294026325
1787729859.455990, NoOp Chain Depth 64 Size 0 Mode ref, Ref Stage 0, run, end, 9848925294048725
1787729859.456005, NoOp Chain Depth 64 Size 0 Mode ref, Ref Stage 1, run, start, 9848925294063989
1787729859.456027, NoOp Chain Depth 64 Size 0 Mode ref, Ref Stage 1, run, end, 9848925294086053
1787729859.456043, NoOp Chain Depth 64 Size 0 Mode ref, Ref Stage 2, run, start, 9848925294101989
1787729859.456065, NoOp Chain Depth 64 Size 0 Mode ref, Ref Stage 2, run, end, 9848925294123941
1787729859.456080, NoOp Chain Depth 64 Size 0 Mode ref, Ref Stage 3, run, start, 9848925294139045
1787729859.456102, NoOp Chain Depth 64 Size 0 Mode ref, Ref Stage 3, run, end, 9848925294160789
1787729859.456116, NoOp Chain Depth 64 Size 0 Mode ref, Ref Stage 4, run, start, 9848925294175925
1787729859.456138, NoOp Chain Depth 64 Size 0 Mode ref, Ref Stage 4, run, end, 9848925294197557
1787729859.456153, NoOp Chain Depth 64 Size 0 Mode ref, Ref Stage 5, run, start, 9848925294212741
1787729859.456175, NoOp Chain Depth 64 Size 0 Mode ref, Ref Stage 5, run, end, 9848925294234373
1787729859.456190, NoOp Chain Depth 64 Size 0 Mode ref, Ref Stage 6, run, start, 9848925294249669
1787729859.456212, NoOp Chain Depth 64 Size 0 Mode ref, Ref Stage 6, run, end, 9848925294270789
1787729859.456226, NoOp Chain Depth 64 Size 0 Mode ref, Ref Stage 7, run, start, 9848925294285557
1787729859.456247, NoOp Chain Depth 64 Size 0 Mode ref, Ref Stage 7, run, end, 9848925294306581
1787729859.456262, NoOp Chain Depth 64 Size 0 Mode ref, Ref Stage 8, run, start, 9848925294321285
1787729859.456285, NoOp Chain Depth 64 Size 0 Mode ref, Ref Stage 8, run, end, 9848925294344357
1787729859.456300, NoOp Chain Depth 64 Size 0 Mode ref, Ref Stage 9, run, start, 9848925294359301
1787729859.456321, NoOp Chain Depth 64 Size 0 Mode ref, Ref Stage 9, run, end, 9848925294380581
1787729859.456337, NoOp Chain Depth 64 Size 0 Mode ref, Ref Stage 10, run, start, 9848925294396005
1787729859.456358, NoOp Chain Depth 64 Size 0 Mode ref, Ref Stage 10, run, end, 9848925294417093
1787729859.456372, NoOp Chain Depth 64 Size 0 Mode ref, Ref Stage 11, run, start, 9848925294431765
1787729859.456394, NoOp Chain Depth 64 Size 0 Mode ref, Ref Stage 11, run, end, 9848925294453429
1787729859.456409, NoOp Chain Depth 64 Size 0 Mode ref, Ref Stage 12, run, start, 9848925294468613
1787729859.456431, NoOp Chain Depth 64 Size 0 Mode ref, Ref Stage 12, run, end, 9848925294489861
1787729859.456446, NoOp Chain Depth 64 Size 0 Mode ref, Ref Stage 13, run, start, 9848925294505013
1787729859.456467, NoOp Chain Depth 64 Size 0 Mode ref, Ref Stage 13, run, end, 9848925294526949
1787729859.456484, NoOp Chain Depth 64 Size 0 Mode ref, Ref Stage 14, run, start, 9848925294543029
1787729859.456505, NoOp Chain Depth 64 Size 0 Mode ref, Ref Stage 14, run, end, 9848925294564421
1787729859.456520, NoOp Chain Depth 64 Size 0 Mode ref, Ref Stage 15, run, start, 9848925294579221
1787729859.456541, NoOp Chain Depth 64 Size 0 Mode ref, Ref Stage 15, run, end, 9848925294600485
1787729859.456556, NoOp Chain Depth 64 Size 0 Mode ref, Ref Stage 16, run, start, 9848925294615429
1787729859.456577, NoOp Chain Depth 64 Size 0 Mode ref, Ref Stage 16, run, end, 9848925294636629
1787729859.456593, NoOp Chain Depth 64 Size 0 Mode ref, Ref Stage 17, run, start, 9848925294651781
1787729859.456614, NoOp Chain Depth 64 Size 0 Mode ref, Ref Stage 17, run, end, 9848925294673109
1787729859.456629, NoOp Chain Depth 64 Size 0 Mode ref, Ref Stage 18, run, start, 9848925294688245
1787729859.456650, NoOp Chain Depth 64 Size 0 Mode ref, Ref Stage 18, run, end, 9848925294709701
1787729859.456666, NoOp Chain Depth 64 Size 0 Mode ref, Ref Stage 19, run, start, 9848925294725157
1787729859.456688, NoOp Chain Depth 64 Size 0 Mode ref, Ref Stage 19, run, end, 9848925294746917
1787729859.456703, NoOp Chain Depth 64 Size 0 Mode ref, Ref Stage 20, run, start, 9848925294762053
1787729859.456724, NoOp Chain Depth 64 Size 0 Mode ref, Ref Stage 20, run, end, 9848925294783717
1787729859.456740, NoOp Chain Depth 64 Size 0 Mode ref, Ref Stage 21, run, start, 9848925294798853
1787729859.456761, NoOp Chain Depth 64 Size 0 Mode ref, Ref Stage 21, run, end, 9848925294820485
1787729859.456776, NoOp Chain Depth 64 Size 0 Mode ref, Ref Stage 22, run, start, 9848925294835333
1787729859.456797, NoOp Chain Depth 64 Size 0 Mode ref, Ref Stage 22, run, end, 9848925294856805
1787729859.456812, NoOp Chain Depth 64 Size 0 Mode ref, Ref Stage 23, run, start, 9848925294871637
1787729859.456834, NoOp Chain Depth 64 Size 0 Mode ref, Ref Stage 23, run, end, 9848925294896549
1787729859.456852, NoOp Chain Depth 64 Size 0 Mode ref, Ref Stage 24, run, start, 9848925294911685
1787729859.456876, NoOp Chain Depth 64 Size 0 Mode ref, Ref Stage 24, run, end, 9848925294934789
1787729859.456891, NoOp Chain Depth 64 Size 0 Mode ref, Ref Stage 25, run, start, 9848925294949973
1787729859.456912, NoOp Chain Depth 64 Size 0 Mode ref, Ref Stage 25, run, end, 9848925294971317
1787729859.456927, NoOp Chain Depth 64 Size 0 Mode ref, Ref Stage 26, run, start, 9848925294986453
1787729859.456952, NoOp Chain Depth 64 Size 0 Mode ref, Ref Stage 26, run, end, 9848925295011141
1787729859.456967, NoOp Chain Depth 64 Size 0 Mode ref, Ref Stage 27, run, start, 9848925295026709
1787729859.456989, NoOp Chain Depth 64 Size 0 Mode ref, Ref Stage 27, run, end, 9848925295048261
1787729859.457004, NoOp Chain Depth 64 Size 0 Mode ref, Ref Stage 28, run, start, 9848925295063349
1787729859.457026, NoOp Chain Depth 64 Size 0 Mode ref, Ref Stage 28, run, end, 9848925295084693
1787729859.457040, NoOp Chain Depth 64 Size 0 Mode ref, Ref Stage 29, run, start, 9848925295099461
1787729859.457063, NoOp Chain Depth 64 Size 0 Mode ref, Ref Stage 29, run, end, 9848925295122197
1787729859.457078, NoOp Chain Depth 64 Size 0 Mode ref, Ref Stage 30, run, start, 9848925295137157
1787729859.457099, NoOp Chain Depth 64 Size 0 Mode ref, Ref Stage 30, run, end, 9848925295158420
1787729859.457114, NoOp Chain Depth 64 Size 0 Mode ref, Ref Stage 31, run, start, 9848925295173236
1787729859.457136, NoOp Chain Depth 64 Size 0 Mode ref, Ref Stage 31, run, end, 9848925295195716
1787729859.457152, NoOp Chain Depth 64 Size 0 Mode ref, Ref Stage 32, run, start, 9848925295211540
1787729859.457174, NoOp Chain Depth 64 Size 0 Mode ref, Ref Stage 32, run, end, 9848925295233268
1787729859.457190, NoOp Chain Depth 64 Size 0 Mode ref, Ref Stage 33, run, start, 9848925295249332
1787729859.457212, NoOp Chain Depth 64 Size 0 Mode ref, Ref Stage 33, run, end, 9848925295270820
1787729859.457227, NoOp Chain Depth 64 Size 0 Mode ref, Ref Stage 34, run, start, 9848925295285844
1787729859.457248, NoOp Chain Depth 64 Size 0 Mode ref, Ref Stage 34, run, end, 9848925295307044
1787729859.457263, NoOp Chain Depth 64 Size 0 Mode ref, Ref Stage 35, run, start, 9848925295321908
1787729859.457284, NoOp Chain Depth 64 Size 0 Mode ref, Ref Stage 35, run, end, 9848925295343172
1787729859.457299, NoOp Chain Depth 64 Size 0 Mode ref, Ref Stage 36, run, start, 9848925295358148
1787729859.457320, NoOp Chain Depth 64 Size 0 Mode ref, Ref Stage 36, run, end, 9848925295379364
1787729859.457335, NoOp Chain Depth 64 Size 0 Mode ref, Ref Stage 37, run, start, 9848925295394228
1787729859.457358, NoOp Chain Depth 64 Size 0 Mode ref, Ref Stage 37, run, end, 9848925295417236
1787729859.457373, NoOp Chain Depth 64 Size 0 Mode ref, Ref Stage 38, run, start, 9848925295432308
1787729859.457394, NoOp Chain Depth 64 Size 0 Mode ref, Ref Stage 38, run, end, 9848925295453508
1787729859.457409, NoOp Chain Depth 64 Size 0 Mode ref, Ref Stage 39, run, start, 9848925295468452
1787729859.457431, NoOp Chain Depth 64 Size 0 Mode ref, Ref Stage 39, run, end, 9848925295491140
1787729859.457447, NoOp Chain Depth 64 Size 0 Mode ref, Ref Stage 40, run, start, 9848925295506196
1787729859.457470, NoOp Chain Depth 64 Size 0 Mode ref, Ref Stage 40, run, end, 9848925295529524
1787729859.457485, NoOp Chain Depth 64 Size 0 Mode ref, Ref Stage 41, run, start, 9848925295544628
1787729859.457507, NoOp Chain Depth 64 Size 0 Mode ref, Ref Stage 41, run, end, 9848925295565924
1787729859.457522, NoOp Chain Depth 64 Size 0 Mode ref, Ref Stage 42, run, start, 9848925295580916
1787729859.457544, NoOp Chain Depth 64 Size 0 Mode ref, Ref Stage 42, run, end, 9848925295603060
1787729859.457560, NoOp Chain Depth 64 Size 0 Mode ref, Ref Stage 43, run, start, 9848925295619428
1787729859.457582, NoOp Chain Depth 64 Size 0 Mode ref, Ref Stage 43, run, end, 9848925295641236
1787729859.457598, NoOp Chain Depth 64 Size 0 Mode ref, Ref Stage 44, run, start, 9848925295657460
1787729859.457620, NoOp Chain Depth 64 Size 0 Mode ref, Ref Stage 44, run, end, 9848925295679092
1787729859.457634, NoOp Chain Depth 64 Size 0 Mode ref, Ref Stage 45, run, start, 9848925295693956
1787729859.457657, NoOp Chain Depth 64 Size 0 Mode ref, Ref Stage 45, run, end, 9848925295716596
1787729859.457672, NoOp Chain Depth 64 Size 0 Mode ref, Ref Stage 46, run, start, 9848925295731700
1787729859.457694, NoOp Chain Depth 64 Size 0 Mode ref, Ref Stage 46, run, end, 9848925295752916
1787729859.457709, NoOp Chain Depth 64 Size 0 Mode ref, Ref Stage 47, run, start, 9848925295767764
1787729859.457730, NoOp Chain Depth 64 Size 0 Mode ref, Ref Stage 47, run, end, 9848925295789220
1787729859.457746, NoOp Chain Depth 64 Size 0 Mode ref, Ref Stage 48, run, start, 9848925295805204
1787729859.457769, NoOp Chain Depth 64 Size 0 Mode ref, Ref Stage 48, run, end, 9848925295828052
1787729859.457784, NoOp Chain Depth 64 Size 0 Mode ref, Ref Stage 49, run, start, 9848925295843220
1787729859.457806, NoOp Chain Depth 64 Size 0 Mode ref, Ref Stage 49, run, end, 9848925295864724
1787729859.457820, NoOp Chain Depth 64 Size 0 Mode ref, Ref Stage 50, run, start, 9848925295879668
1787729859.457844, NoOp Chain Depth 64 Size 0 Mode ref, Ref Stage 50, run, end, 9848925295902948
1787729859.457859, NoOp Chain Depth 64 Size 0 Mode ref, Ref Stage 51, run, start, 9848925295917860
1787729859.457880, NoOp Chain Depth 64 Size 0 Mode ref, Ref Stage 51, run, end, 9848925295939476
1787729859.457895, NoOp Chain Depth 64 Size 0 Mode ref, Ref Stage 52, run, start, 9848925295954564
1787729859.457917, NoOp Chain Depth 64 Size 0 Mode ref, Ref Stage 52, run, end, 9848925295975988
1787729859.457932, NoOp Chain Depth 64 Size 0 Mode ref, Ref Stage 53, run, start, 9848925295990820
1787729859.457956, NoOp Chain Depth 64 Size 0 Mode ref, Ref Stage 53, run, end, 9848925296015332
1787729859.457976, NoOp Chain Depth 64 Size 0 Mode ref, Ref Stage 54, run, start, 9848925296035140
1787729859.458000, NoOp Chain Depth 64 Size 0 Mode ref, Ref Stage 54, run, end, 9848925296059044
1787729859.458019, NoOp Chain Depth 64 Size 0 Mode ref, Ref Stage 55, run, start, 9848925296078196
1787729859.458043, NoOp Chain Depth 64 Size 0 Mode ref, Ref Stage 55, run, end, 9848925296102180
1787729859.458061, NoOp Chain Depth 64 Size 0 Mode ref, Ref Stage 56, run, start, 9848925296120340
1787729859.458085, NoOp Chain Depth 64 Size 0 Mode ref, Ref Stage 56, run, end, 9848925296143844
1787729859.458894, NoOp Chain Depth 64 Size 0 Mode ref, Ref Stage 57, run, start, 9848925296953988
1787729859.458917, NoOp Chain Depth 64 Size 0 Mode ref, Ref Stage 57, run, end, 9848925296976852
1787729859.458933, NoOp Chain Depth 64 Size 0 Mode ref, Ref Stage 58, run, start, 9848925296992212
1787729859.458956, NoOp Chain Depth 64 Size 0 Mode ref, Ref Stage 58, run, end, 9848925297014836
1787729859.458971, NoOp Chain Depth 64 Size 0 Mode ref, Ref Stage 59, run, start, 9848925297030483
1787729859.458993, NoOp Chain Depth 64 Size 0 Mode ref, Ref Stage 59, run, end, 9848925297052035
1787729859.459008, NoOp Chain Depth 64 Size 0 Mode ref, Ref Stage 60, run, start, 9848925297067107
1787729859.459031, NoOp Chain Depth 64 Size 0 Mode ref, Ref Stage 60, run, end, 9848925297089907
1787729859.459055, NoOp Chain Depth 64 Size 0 Mode ref, Ref Stage 61, run, start, 9848925297117043
1787729859.459095, NoOp Chain Depth 64 Size 0 Mode ref, Ref Stage 61, run, end, 9848925297156051
1787729859.459120, NoOp Chain Depth 64 Size 0 Mode ref, Ref Stage 62, run, start, 9848925297180403
1787729859.459150, NoOp Chain Depth 64 Size 0 Mode ref, Ref Stage 62, run, end, 9848925297209443
1787729859.459162, NoOp Chain Depth 64 Size 0 Mode ref, Ref Stage 63, run, start, 9848925297221475
1787729859.459299, NoOp Chain Depth 64 Size 0 Mode ref, Ref Stage 63, run, end, 9848925297358419
1787729859.459314, NoOp Chain Depth 64 Size 0 Mode ref, pipeline - train, run, end, 137881928496553965781854291480355888579, 1787729859.455928, 19, 1, 9848925297373923
1787729859.459349, NoOp Chain Depth 64 Size 0 Mode ref, pipeline - train, run, start, 155278618399232891954676439531735463554, 1787729859.459339, 20, 1, 9848925297408451
1787729859.459372, NoOp Chain Depth 64 Size 0 Mode ref, Ref Stage 0, run, start, 9848925297431427
1787729859.459394, NoOp Chain Depth 64 Size 0 Mode ref, Ref Stage 0, run, end, 9848925297453315
1787729859.459409, NoOp Chain Depth 64 Size 0 Mode ref, Ref Stage 1, run, start, 9848925297468771
1787729859.459431, NoOp Chain Depth 64 Size 0 Mode ref, Ref Stage 1, run, end, 9848925297490339
1787729859.459554, NoOp Chain Depth 64 Size 0 Mode ref, Ref Stage 2, run, start, 9848925297613715
1787729859.459576, NoOp Chain Depth 64 Size 0 Mode ref, Ref Stage 2, run, end, 9848925297635651
1787729859.459592, NoOp Chain Depth 64 Size 0 Mode ref, Ref Stage 3, run, start, 9848925297650883
1787729859.459613, NoOp Chain Depth 64 Size 0 Mode ref, Ref Stage 3, run, end, 9848925297672371
1787729859.459628, NoOp Chain Depth 64 Size 0 Mode ref, Ref Stage 4, run, start, 9848925297687491
1787729859.459650, NoOp Chain Depth 64 Size 0 Mode ref, Ref Stage 4, run, end, 9848925297708963
1787729859.459665, NoOp Chain Depth 64 Size 0 Mode ref, Ref Stage 5, run, start, 9848925297724243
1787729859.459688, NoOp Chain Depth 64 Size 0 Mode ref, Ref Stage 5, run, end, 9848925297747395
1787729859.459703, NoOp Chain Depth 64 Size 0 Mode ref, Ref Stage 6, run, start, 9848925297762515
1787729859.459725, NoOp Chain Depth 64 Size 0 Mode ref, Ref Stage 6, run, end, 9848925297783955
1787729859.459739, NoOp Chain Depth 64 Size 0 Mode ref, Ref Stage 7, run, start, 9848925297798547
1787729859.459761, NoOp Chain Depth 64 Size 0 Mode ref, Ref Stage 7, run, end, 9848925297819939
1787729859.459776, NoOp Chain Depth 64 Size 0 Mode ref, Ref Stage 8, run, start, 9848925297835059
1787729859.459797, NoOp Chain Depth 64 Size 0 Mode ref, Ref Stage 8, run, end, 9848925297856259
1787729859.459812, NoOp Chain Depth 64 Size 0 Mode ref, Ref Stage 9, run, start, 9848925297871315
1787729859.459833, NoOp Chain Depth 64 Size 0 Mode ref, Ref Stage 9, run, end, 9848925297892595
1787729859.459848, NoOp Chain Depth 64 Size 0 Mode ref, Ref Stage 10, run, start, 9848925297907619
1787729859.459870, NoOp Chain Depth 64 Size 0 Mode ref, Ref Stage 10, run, end, 9848925297929027
1787729859.459884, NoOp Chain Depth 64 Size 0 Mode ref, Ref Stage 11, run, start, 9848925297943667
1787729859.459906, NoOp Chain Depth 64 Size 0 Mode ref, Ref Stage 11, run, end, 9848925297965315
1787729859.459921, NoOp Chain Depth 64 Size 0 Mode ref, Ref Stage 12, run, start, 9848925297980243
1787729859.459942, NoOp Chain Depth 64 Size 0 Mode ref, Ref Stage 12, run, end, 9848925298004419
1787729859.459961, NoOp Chain Depth 64 Size 0 Mode ref, Ref Stage 13, run, start, 9848925298020435
1787729859.459983, NoOp Chain Depth 64 Size 0 Mode ref, Ref Stage 13, run, end, 9848925298042131
1787729859.459998, NoOp Chain Depth 64 Size 0 Mode ref, Ref Stage 14, run, start, 9848925298057091
1787729859.460019, NoOp Chain Depth 64 Size 0 Mode ref, Ref Stage 14, run, end, 9848925298078179
1787729859.460034, NoOp Chain Depth 64 Size 0 Mode ref, Ref Stage 15, run, start, 9848925298093059
1787729859.460055, NoOp Chain Depth 64 Size 0 Mode ref, Ref Stage 15, run, end, 9848925298114307
1787729859.460070, NoOp Chain Depth 64 Size 0 Mode ref, Ref Stage 16, run, start, 9848925298129011
1787729859.460091, NoOp Chain Depth 64 Size 0 Mode ref, Ref Stage 16, run, end, 9848925298150259
1787729859.460106, NoOp Chain Depth 64 Size 0 Mode ref, Ref Stage 17, run, start, 9848925298165203
1787729859.460128, NoOp Chain Depth 64 Size 0 Mode ref, Ref Stage 17, run, end, 9848925298186627
1787729859.460142, NoOp Chain Depth 64 Size 0 Mode ref, Ref Stage 18, run, start, 9848925298201539
1787729859.460164, NoOp Chain Depth 64 Size 0 Mode ref, Ref Stage 18, run, end, 9848925298222995
1787729859.460178, NoOp Chain Depth 64 Size 0 Mode ref, Ref Stage 19, run, start, 9848925298237683
1787729859.460200, NoOp Chain Depth 64 Size 0 Mode ref, Ref Stage 19, run, end, 9848925298259107
1787729859.460215, NoOp Chain Depth 64 Size 0 Mode ref, Ref Stage 20, run, start, 9848925298273955
1787729859.460236, NoOp Chain Depth 64 Size 0 Mode ref, Ref Stage 20, run, end, 9848925298295235
1787729859.460251, NoOp Chain Depth 64 Size 0 Mode ref, Ref Stage 21, run, start, 9848925298309907
1787729859.460272, NoOp Chain Depth 64 Size 0 Mode ref, Ref Stage 21, run, end, 9848925298331171
1787729859.460287, NoOp Chain Depth 64 Size 0 Mode ref, Ref Stage 22, run, start, 9848925298346275
1787729859.460308, NoOp Chain Depth 64 Size 0 Mode ref, Ref Stage 22, run, end, 9848925298367283
1787729859.460323, NoOp Chain Depth 64 Size 0 Mode ref, Ref Stage 23, run, start, 9848925298381955
1787729859.460344, NoOp Chain Depth 64 Size 0 Mode ref, Ref Stage 23, run, end, 9848925298403443
1787729859.460359, NoOp Chain Depth 64 Size 0 Mode ref, Ref Stage 24, run, start, 9848925298418355
1787729859.460380, NoOp Chain Depth 64 Size 0 Mode ref, Ref Stage 24, run, end, 9848925298439571
1787729859.460395, NoOp Chain Depth 64 Size 0 Mode ref, Ref Stage 25, run, start, 9848925298454339
1787729859.460416, NoOp Chain Depth 64 Size 0 Mode ref, Ref Stage 25, run, end, 9848925298475395
1787729859.460431, NoOp Chain Depth 64 Size 0 Mode ref, Ref Stage 26, run, start, 9848925298490467
1787729859.460454, NoOp Chain Depth 64 Size 0 Mode ref, Ref Stage 26, run, end, 9848925298513475
1787729859.460469, NoOp Chain Depth 64 Size 0 Mode ref, Ref Stage 27, run, start, 9848925298528659
1787729859.460490, NoOp Chain Depth 64 Size 0 Mode ref, Ref Stage 27, run, end, 9848925298549859
1787729859.460505, NoOp Chain Depth 64 Size 0 Mode ref, Ref Stage 28, run, start, 9848925298564835
1787729859.460527, NoOp Chain Depth 64 Size 0 Mode ref, Ref Stage 28, run, end, 9848925298586163
1787729859.460542, NoOp Chain Depth 64 Size 0 Mode ref, Ref Stage 29, run, start, 9848925298601123
1787729859.460563, NoOp Chain Depth 64 Size 0 Mode ref, Ref Stage 29, run, end, 9848925298622115
1787729859.460578, NoOp Chain Depth 64 Size 0 Mode ref, Ref Stage 30, run, start, 9848925298637171
1787729859.460599, NoOp Chain Depth 64 Size 0 Mode ref, Ref Stage 30, run, end, 9848925298658403
1787729859.460614, NoOp Chain Depth 64 Size 0 Mode ref, Ref Stage 31, run, start, 9848925298673363
1787729859.460636, NoOp Chain Depth 64 Size 0 Mode ref, Ref Stage 31, run, end, 9848925298694979
1787729859.460650, NoOp Chain Depth 64 Size 0 Mode ref, Ref Stage 32, run, start, 9848925298709779
1787729859.460674, NoOp Chain Depth 64 Size 0 Mode ref, Ref Stage 32, run, end, 9848925298733043
1787729859.460689, NoOp Chain Depth 64 Size 0 Mode ref, Ref Stage 33, run, start, 9848925298747907
1787729859.460711, NoOp Chain Depth 64 Size 0 Mode ref, Ref Stage 33, run, end, 9848925298770947
1787729859.460727, NoOp Chain Depth 64 Size 0 Mode ref, Ref Stage 34, run, start, 9848925298786051
1787729859.460748, NoOp Chain Depth 64 Size 0 Mode ref, Ref Stage 34, run, end, 9848925298807443
1787729859.460763, NoOp Chain Depth 64 Size 0 Mode ref, Ref Stage 35, run, start, 9848925298822339
1787729859.460786, NoOp Chain Depth 64 Size 0 Mode ref, Ref Stage 35, run, end, 9848925298844995
1787729859.460800, NoOp Chain Depth 64 Size 0 Mode ref, Ref Stage 36, run, start, 9848925298859811
1787729859.460822, NoOp Chain Depth 64 Size 0 Mode ref, Ref Stage 36, run, end, 9848925298880995
1787729859.460837, NoOp Chain Depth 64 Size 0 Mode ref, Ref Stage 37, run, start, 9848925298896131
1787729859.460858, NoOp Chain Depth 64 Size 0 Mode ref, Ref Stage 37, run, end, 9848925298917186
1787729859.460873, NoOp Chain Depth 64 Size 0 Mode ref, Ref Stage 38, run, start, 9848925298932146
1787729859.460895, NoOp Chain Depth 64 Size 0 Mode ref, Ref Stage 38, run, end, 9848925298954578
1787729859.460910, NoOp Chain Depth 64 Size 0 Mode ref, Ref Stage 39, run, start, 9848925298969650
1787729859.460932, NoOp Chain Depth 64 Size 0 Mode ref, Ref Stage 39, run, end, 9848925298990898
1787729859.460948, NoOp Chain Depth 64 Size 0 Mode ref, Ref Stage 40, run, start, 9848925299007122
1787729859.460970, NoOp Chain Depth 64 Size 0 Mode ref, Ref Stage 40, run, end, 9848925299029426
1787729859.460985, NoOp Chain Depth 64 Size 0 Mode ref, Ref Stage 41, run, start, 9848925299044466
1787729859.461007, NoOp Chain Depth 64 Size 0 Mode ref, Ref Stage 41, run, end, 9848925299066658
1787729859.461022, NoOp Chain Depth 64 Size 0 Mode ref, Ref Stage 42, run, start, 9848925299081650
1787729859.461044, NoOp Chain Depth 64 Size 0 Mode ref, Ref Stage 42, run, end, 9848925299102882
1787729859.461059, NoOp Chain Depth 64 Size 0 Mode ref, Ref Stage 43, run, start, 9848925299117922
1787729859.461087, NoOp Chain Depth 64 Size 0 Mode ref, Ref Stage 43, run, end, 9848925299146850
1787729859.461102, NoOp Chain Depth 64 Size 0 Mode ref, Ref Stage 44, run, start, 9848925299161938
1787729859.461124, NoOp Chain Depth 64 Size 0 Mode ref, Ref Stage 44, run, end, 9848925299183666
1787729859.461139, NoOp Chain Depth 64 Size 0 Mode ref, Ref Stage 45, run, start, 9848925299198738
1787729859.461162, NoOp Chain Depth 64 Size 0 Mode ref, Ref Stage 45, run, end, 9848925299221490
1787729859.461177, NoOp Chain Depth 64 Size 0 Mode ref, Ref Stage 46, run, start, 9848925299236690
1787729859.461199, NoOp Chain Depth 64 Size 0 Mode ref, Ref Stage 46, run, end, 9848925299258162
1787729859.461214, NoOp Chain Depth 64 Size 0 Mode ref, Ref Stage 47, run, start, 9848925299273170
1787729859.461237, NoOp Chain Depth 64 Size 0 Mode ref, Ref Stage 47, run, end, 9848925299296322
1787729859.461252, NoOp Chain Depth 64 Size 0 Mode ref, Ref Stage 48, run, start, 9848925299311410
1787729859.461273, NoOp Chain Depth 64 Size 0 Mode ref, Ref Stage 48, run, end, 9848925299332706
1787729859.461289, NoOp Chain Depth 64 Size 0 Mode ref, Ref Stage 49, run, start, 9848925299348914
1787729859.461372, NoOp Chain Depth 64 Size 0 Mode ref, Ref Stage 49, run, end, 9848925299431746
1787729859.461388, NoOp Chain Depth 64 Size 0 Mode ref, Ref Stage 50, run, start, 9848925299447586
1787729859.461410, NoOp Chain Depth 64 Size 0 Mode ref, Ref Stage 50, run, end, 9848925299469554
1787729859.461425, NoOp Chain Depth 64 Size 0 Mode ref, Ref Stage 51, run, start, 9848925299484882
1787729859.461447, NoOp Chain Depth 64 Size 0 Mode ref, Ref Stage 51, run, end, 9848925299506258
1787729859.461462, NoOp Chain Depth 64 Size 0 Mode ref, Ref Stage 52, run, start, 9848925299521106
1787729859.461484, NoOp Chain Depth 64 Size 0 Mode ref, Ref Stage 52, run, end, 9848925299543922
1787729859.461500, NoOp Chain Depth 64 Size 0 Mode ref, Ref Stage 53, run, start, 9848925299559714
1787729859.461522, NoOp Chain Depth 64 Size 0 Mode ref, Ref Stage 53, run, end, 9848925299581074
1787729859.461537, NoOp Chain Depth 64 Size 0 Mode ref, Ref Stage 54, run, start, 9848925299596002
1787729859.461560, NoOp Chain Depth 64 Size 0 Mode ref, Ref Stage 54, run, end, 9848925299619138
1787729859.461575, NoOp Chain Depth 64 Size 0 Mode ref, Ref Stage 55, run, start, 9848925299634370
1787729859.461596, NoOp Chain Depth 64 Size 0 Mode ref, Ref Stage 55, run, end, 9848925299655634
1787729859.461611, NoOp Chain Depth 64 Size 0 Mode ref, Ref Stage 56, run, start, 9848925299670626
1787729859.461632, NoOp Chain Depth 64 Size 0 Mode ref, Ref Stage 56, run, end, 9848925299691874
1787729859.461648, NoOp Chain Depth 64 Size 0 Mode ref, Ref Stage 57, run, start, 9848925299706914
1787729859.461670, NoOp Chain Depth 64 Size 0 Mode ref, Ref Stage 57, run, end, 9848925299729586
1787729859.461686, NoOp Chain Depth 64 Size 0 Mode ref, Ref Stage 58, run, start, 9848925299745506
1787729859.461709, NoOp Chain Depth 64 Size 0 Mode ref, Ref Stage 58, run, end, 9848925299768034
1787729859.461724, NoOp Chain Depth 64 Size 0 Mode ref, Ref Stage 59, run, start, 9848925299783026
1787729859.461747, NoOp Chain Depth 64 Size 0 Mode ref, Ref Stage 59, run, end, 9848925299805826
1787729859.461761, NoOp Chain Depth 64 Size 0 Mode ref, Ref Stage 60, run, start, 9848925299820930
1787729859.461784, NoOp Chain Depth 64 Size 0 Mode ref, Ref Stage 60, run, end, 9848925299843394
1787729859.461951, NoOp Chain Depth 64 Size 0 Mode ref, Ref Stage 61, run, start, 9848925300010546
1787729859.461979, NoOp Chain Depth 64 Size 0 Mode ref, Ref Stage 61, run, end, 9848925300038706
1787729859.461998, NoOp Chain Depth 64 Size 0 Mode ref, Ref Stage 62, run, start, 9848925300057042
1787729859.462024, NoOp Chain Depth 64 Size 0 Mode ref, Ref Stage 62, run, end, 9848925300083922
1787729859.462042, NoOp Chain Depth 64 Size 0 Mode ref, Ref Stage 63, run, start, 9848925300101202
1787729859.462068, NoOp Chain Depth 64 Size 0 Mode ref, Ref Stage 63, run, end, 9848925300126978
1787729859.462085, NoOp Chain Depth 64 Size 0 Mode ref, pipeline - train, run, end, 155278618399232891954676439531735463554, 1787729859.459339, 20, 1, 9848925300144930
1787729859.462865, NoOp Chain Depth 64 Size 0 Mode ref, pipeline - train, run, start, 170994689695678583175669396199783446076, 1787729859.462852, 21, 1, 9848925300924658
1787729859.462929, NoOp Chain Depth 64 Size 0 Mode ref, Ref Stage 0, run, start, 9848925300988897
1787729859.462955, NoOp Chain Depth 64 Size 0 Mode ref, Ref Stage 0, run, end, 9848925301013665
1787729859.462971, NoOp Chain Depth 64 Size 0 Mode ref, Ref Stage 1, run, start, 9848925301029953
1787729859.462994, NoOp Chain Depth 64 Size 0 Mode ref, Ref Stage 1, run, end, 9848925301053265
1787729859.463006, NoOp Chain Depth 64 Size 0 Mode ref, Ref Stage 2, run, start, 9848925301065665
1787729859.463041, NoOp Chain Depth 64 Size 0 Mode ref, Ref Stage 2, run, end, 9848925301099921
1787729859.463056, NoOp Chain Depth 64 Size 0 Mode ref, Ref Stage 3, run, start, 9848925301115057
1787729859.463079, NoOp Chain Depth 64 Size 0 Mode ref, Ref Stage 3, run, end, 9848925301138225
1787729859.463230, NoOp Chain Depth 64 Size 0 Mode ref, Ref Stage 4, run, start, 9848925301289601
1787729859.463253, NoOp Chain Depth 64 Size 0 Mode ref, Ref Stage 4, run, end, 9848925301312049
1787729859.463268, NoOp Chain Depth 64 Size 0 Mode ref, Ref Stage 5, run, start, 9848925301326913
1787729859.463289, NoOp Chain Depth 64 Size 0 Mode ref, Ref Stage 5, run, end, 9848925301348593
1787729859.463304, NoOp Chain Depth 64 Size 0 Mode ref, Ref Stage 6, run, start, 9848925301363537
1787729859.463326, NoOp Chain Depth 64 Size 0 Mode ref, Ref Stage 6, run, end, 9848925301384929
1787729859.463340, NoOp Chain Depth 64 Size 0 Mode ref, Ref Stage 7, run, start, 9848925301399649
1787729859.463362, NoOp Chain Depth 64 Size 0 Mode ref, Ref Stage 7, run, end, 9848925301420865
1787729859.463376, NoOp Chain Depth 64 Size 0 Mode ref, Ref Stage 8, run, start, 9848925301435585
1787729859.463398, NoOp Chain Depth 64 Size 0 Mode ref, Ref Stage 8, run, end, 9848925301456977
1787729859.463413, NoOp Chain Depth 64 Size 0 Mode ref, Ref Stage 9, run, start, 9848925301472369
1787729859.463435, NoOp Chain Depth 64 Size 0 Mode ref, Ref Stage 9, run, end, 9848925301493985
1787729859.463450, NoOp Chain Depth 64 Size 0 Mode ref, Ref Stage 10, run, start, 9848925301508801
1787729859.463471, NoOp Chain Depth 64 Size 0 Mode ref, Ref Stage 10, run, end, 9848925301529937
1787729859.463485, NoOp Chain Depth 64 Size 0 Mode ref, Ref Stage 11, run, start, 9848925301544785
1787729859.463507, NoOp Chain Depth 64 Size 0 Mode ref, Ref Stage 11, run, end, 9848925301566049
1787729859.463522, NoOp Chain Depth 64 Size 0 Mode ref, Ref Stage 12, run, start, 9848925301581025
1787729859.463543, NoOp Chain Depth 64 Size 0 Mode ref, Ref Stage 12, run, end, 9848925301602257
1787729859.463558, NoOp Chain Depth 64 Size 0 Mode ref, Ref Stage 13, run, start, 9848925301617185
1787729859.463579, NoOp Chain Depth 64 Size 0 Mode ref, Ref Stage 13, run, end, 9848925301638465
1787729859.463596, NoOp Chain Depth 64 Size 0 Mode ref, Ref Stage 14, run, start, 9848925301655473
1787729859.463620, NoOp Chain Depth 64 Size 0 Mode ref, Ref Stage 14, run, end, 9848925301679153
1787729859.463637, NoOp Chain Depth 64 Size 0 Mode ref, Ref Stage 15, run, start, 9848925301696321
1787729859.463661, NoOp Chain Depth 64 Size 0 Mode ref, Ref Stage 15, run, end, 9848925301720049
1787729859.463678, NoOp Chain Depth 64 Size 0 Mode ref, Ref Stage 16, run, start, 9848925301737089
1787729859.463701, NoOp Chain Depth 64 Size 0 Mode ref, Ref Stage 16, run, end, 9848925301760689
1787729859.463719, NoOp Chain Depth 64 Size 0 Mode ref, Ref Stage 17, run, start, 9848925301777889
1787729859.463742, NoOp Chain Depth 64 Size 0 Mode ref, Ref Stage 17, run, end, 9848925301801649
1787729859.463759, NoOp Chain Depth 64 Size 0 Mode ref, Ref Stage 18, run, start, 9848925301818737
1787729859.463783, NoOp Chain Depth 64 Size 0 Mode ref, Ref Stage 18, run, end, 9848925301842193
1787729859.463800, NoOp Chain Depth 64 Size 0 Mode ref, Ref Stage 19, run, start, 9848925301859137
1787729859.463823, NoOp Chain Depth 64 Size 0 Mode ref, Ref Stage 19, run, end, 9848925301882689
1787729859.463840, NoOp Chain Depth 64 Size 0 Mode ref, Ref Stage 20, run, start, 9848925301899777
1787729859.463864, NoOp Chain Depth 64 Size 0 Mode ref, Ref Stage 20, run, end, 9848925301923505
1787729859.463881, NoOp Chain Depth 64 Size 0 Mode ref, Ref Stage 21, run, start, 9848925301940353
1787729859.463904, NoOp Chain Depth 64 Size 0 Mode ref, Ref Stage 21, run, end, 9848925301963569
1787729859.463921, NoOp Chain Depth 64 Size 0 Mode ref, Ref Stage 22, run, start, 9848925301980689
1787729859.463946, NoOp Chain Depth 64 Size 0 Mode ref, Ref Stage 22, run, end, 9848925302005569
1787729859.463964, NoOp Chain Depth 64 Size 0 Mode ref, Ref Stage 23, run, start, 9848925302023505
1787729859.464250, NoOp Chain Depth 64 Size 0 Mode ref, Ref Stage 23, run, end, 9848925302309745
1787729859.464266, NoOp Chain Depth 64 Size 0 Mode ref, Ref Stage 24, run, start, 9848925302324961
1787729859.464287, NoOp Chain Depth 64 Size 0 Mode ref, Ref Stage 24, run, end, 9848925302346513
1787729859.464302, NoOp Chain Depth 64 Size 0 Mode ref, Ref Stage 25, run, start, 9848925302361713
1787729859.464324, NoOp Chain Depth 64 Size 0 Mode ref, Ref Stage 25, run, end, 9848925302382977
1787729859.464339, NoOp Chain Depth 64 Size 0 Mode ref, Ref Stage 26, run, start, 9848925302397745
1787729859.464360, NoOp Chain Depth 64 Size 0 Mode ref, Ref Stage 26, run, end, 9848925302419009
1787729859.464375, NoOp Chain Depth 64 Size 0 Mode ref, Ref Stage 27, run, start, 9848925302434033
1787729859.464396, NoOp Chain Depth 64 Size 0 Mode ref, Ref Stage 27, run, end, 9848925302455201
1787729859.464411, NoOp Chain Depth 64 Size 0 Mode ref, Ref Stage 28, run, start, 9848925302470257
1787729859.464432, NoOp Chain Depth 64 Size 0 Mode ref, Ref Stage 28, run, end, 9848925302491281
1787729859.464447, NoOp Chain Depth 64 Size 0 Mode ref, Ref Stage 29, run, start, 9848925302506257
1787729859.464468, NoOp Chain Depth 64 Size 0 Mode ref, Ref Stage 29, run, end, 9848925302527425
1787729859.464483, NoOp Chain Depth 64 Size 0 Mode ref, Ref Stage 30, run, start, 9848925302542353
1787729859.464504, NoOp Chain Depth 64 Size 0 Mode ref, Ref Stage 30, run, end, 9848925302563633
1787729859.464519, NoOp Chain Depth 64 Size 0 Mode ref, Ref Stage 31, run, start, 9848925302578577
1787729859.464540, NoOp Chain Depth 64 Size 0 Mode ref, Ref Stage 31, run, end, 9848925302599649
1787729859.464555, NoOp Chain Depth 64 Size 0 Mode ref, Ref Stage 32, run, start, 9848925302614369
1787729859.464576, NoOp Chain Depth 64 Size 0 Mode ref, Ref Stage 32, run, end, 9848925302635313
1787729859.464591, NoOp Chain Depth 64 Size 0 Mode ref, Ref Stage 33, run, start, 9848925302650097
1787729859.464613, NoOp Chain Depth 64 Size 0 Mode ref, Ref Stage 33, run, end, 9848925302671793
1787729859.464629, NoOp Chain Depth 64 Size 0 Mode ref, Ref Stage 34, run, start, 9848925302688961
1787729859.464653, NoOp Chain Depth 64 Size 0 Mode ref, Ref Stage 34, run, end, 9848925302712337
1787729859.464670, NoOp Chain Depth 64 Size 0 Mode ref, Ref Stage 35, run, start, 9848925302729329
1787729859.464694, NoOp Chain Depth 64 Size 0 Mode ref, Ref Stage 35, run, end, 9848925302753089
1787729859.464846, NoOp Chain Depth 64 Size 0 Mode ref, Ref Stage 36, run, start, 9848925302905232
1787729859.464869, NoOp Chain Depth 64 Size 0 Mode ref, Ref Stage 36, run, end, 9848925302927856
1787729859.464884, NoOp Chain Depth 64 Size 0 Mode ref, Ref Stage 37, run, start, 9848925302942800
1787729859.464905, NoOp Chain Depth 64 Size 0 Mode ref, Ref Stage 37, run, end, 9848925302964384
1787729859.464921, NoOp Chain Depth 64 Size 0 Mode ref, Ref Stage 38, run, start, 9848925302979856
1787729859.464942, NoOp Chain Depth 64 Size 0 Mode ref, Ref Stage 38, run, end, 9848925303003424
1787729859.464960, NoOp Chain Depth 64 Size 0 Mode ref, Ref Stage 39, run, start, 9848925303018992
1787729859.464981, NoOp Chain Depth 64 Size 0 Mode ref, Ref Stage 39, run, end, 9848925303040672
1787729859.464996, NoOp Chain Depth 64 Size 0 Mode ref, Ref Stage 40, run, start, 9848925303055584
1787729859.465018, NoOp Chain Depth 64 Size 0 Mode ref, Ref Stage 40, run, end, 9848925303077040
1787729859.465033, NoOp Chain Depth 64 Size 0 Mode ref, Ref Stage 41, run, start, 9848925303092336
1787729859.465055, NoOp Chain Depth 64 Size 0 Mode ref, Ref Stage 41, run, end, 9848925303113792
1787729859.465070, NoOp Chain Depth 64 Size 0 Mode ref, Ref Stage 42, run, start, 9848925303129920
1787729859.465095, NoOp Chain Depth 64 Size 0 Mode ref, Ref Stage 42, run, end, 9848925303154016
1787729859.465111, NoOp Chain Depth 64 Size 0 Mode ref, Ref Stage 43, run, start, 9848925303170992
1787729859.465136, NoOp Chain Depth 64 Size 0 Mode ref, Ref Stage 43, run, end, 9848925303194960
1787729859.465153, NoOp Chain Depth 64 Size 0 Mode ref, Ref Stage 44, run, start, 9848925303212112
1787729859.465307, NoOp Chain Depth 64 Size 0 Mode ref, Ref Stage 44, run, end, 9848925303366432
1787729859.465322, NoOp Chain Depth 64 Size 0 Mode ref, Ref Stage 45, run, start, 9848925303381552
1787729859.465344, NoOp Chain Depth 64 Size 0 Mode ref, Ref Stage 45, run, end, 9848925303403280
1787729859.465359, NoOp Chain Depth 64 Size 0 Mode ref, Ref Stage 46, run, start, 9848925303418352
1787729859.465381, NoOp Chain Depth 64 Size 0 Mode ref, Ref Stage 46, run, end, 9848925303439824
1787729859.465395, NoOp Chain Depth 64 Size 0 Mode ref, Ref Stage 47, run, start, 9848925303454656
1787729859.465417, NoOp Chain Depth 64 Size 0 Mode ref, Ref Stage 47, run, end, 9848925303476064
1787729859.465431, NoOp Chain Depth 64 Size 0 Mode ref, Ref Stage 48, run, start, 9848925303491088
1787729859.465453, NoOp Chain Depth 64 Size 0 Mode ref, Ref Stage 48, run, end, 9848925303512624
1787729859.465468, NoOp Chain Depth 64 Size 0 Mode ref, Ref Stage 49, run, start, 9848925303527760
1787729859.465490, NoOp Chain Depth 64 Size 0 Mode ref, Ref Stage 49, run, end, 9848925303549216
1787729859.465505, NoOp Chain Depth 64 Size 0 Mode ref, Ref Stage 50, run, start, 9848925303564384
1787729859.465527, NoOp Chain Depth 64 Size 0 Mode ref, Ref Stage 50, run, end, 9848925303585920
1787729859.465541, NoOp Chain Depth 64 Size 0 Mode ref, Ref Stage 51, run, start, 9848925303600608
1787729859.465563, NoOp Chain Depth 64 Size 0 Mode ref, Ref Stage 51, run, end, 9848925303621904
1787729859.465577, NoOp Chain Depth 64 Size 0 Mode ref, Ref Stage 52, run, start, 9848925303636928
1787729859.465599, NoOp Chain Depth 64 Size 0 Mode ref, Ref Stage 52, run, end, 9848925303658160
1787729859.465616, NoOp Chain Depth 64 Size 0 Mode ref, Ref Stage 53, run, start, 9848925303675056
1787729859.465639, NoOp Chain Depth 64 Size 0 Mode ref, Ref Stage 53, run, end, 9848925303698576
1787729859.465656, NoOp Chain Depth 64 Size 0 Mode ref, Ref Stage 54, run, start, 9848925303715856
1787729859.465680, NoOp Chain Depth 64 Size 0 Mode ref, Ref Stage 54, run, end, 9848925303739296
1787729859.465697, NoOp Chain Depth 64 Size 0 Mode ref, Ref Stage 55, run, start, 9848925303756272
1787729859.465721, NoOp Chain Depth 64 Size 0 Mode ref, Ref Stage 55, run, end, 9848925303780240
1787729859.465738, NoOp Chain Depth 64 Size 0 Mode ref, Ref Stage 56, run, start, 9848925303797328
1787729859.465762, NoOp Chain Depth 64 Size 0 Mode ref, Ref Stage 56, run, end, 9848925303821232
1787729859.465779, NoOp Chain Depth 64 Size 0 Mode ref, Ref Stage 57, run, start, 9848925303838000
1787729859.465804, NoOp Chain Depth 64 Size 0 Mode ref, Ref Stage 57, run, end, 9848925303863376
1787729859.465821, NoOp Chain Depth 64 Size 0 Mode ref, Ref Stage 58, run, start, 9848925303880368
1787729859.465845, NoOp Chain Depth 64 Size 0 Mode ref, Ref Stage 58, run, end, 9848925303904480
1787729859.465862, NoOp Chain Depth 64 Size 0 Mode ref, Ref Stage 59, run, start, 9848925303921616
1787729859.465889, NoOp Chain Depth 64 Size 0 Mode ref, Ref Stage 59, run, end, 9848925303947776
1787729859.465905, NoOp Chain Depth 64 Size 0 Mode ref, Ref Stage 60, run, start, 9848925303964896
1787729859.465929, NoOp Chain Depth 64 Size 0 Mode ref, Ref Stage 60, run, end, 9848925303988560
1787729859.465948, NoOp Chain Depth 64 Size 0 Mode ref, Ref Stage 61, run, start, 9848925304007312
1787729859.465973, NoOp Chain Depth 64 Size 0 Mode ref, Ref Stage 61, run, end, 9848925304032000
1787729859.465990, NoOp Chain Depth 64 Size 0 Mode ref, Ref Stage 62, run, start, 9848925304049184
1787729859.466013, NoOp Chain Depth 64 Size 0 Mode ref, Ref Stage 62, run, end, 9848925304072704
1787729859.466031, NoOp Chain Depth 64 Size 0 Mode ref, Ref Stage 63, run, start, 9848925304090592
1787729859.466055, NoOp Chain Depth 64 Size 0 Mode ref, Ref Stage 63, run, end, 9848925304114064
1787729859.466072, NoOp Chain Depth 64 Size 0 Mode ref, pipeline - train, run, end, 170994689695678583175669396199783446076, 1787729859.462852, 21, 1, 9848925304131008
1787729859.466113, NoOp Chain Depth 64 Size 0 Mode ref, pipeline - train, run, start, 241263424754846586648895117930362927268, 1787729859.466100, 22, 1, 9848925304172144
1787729859.466407, NoOp Chain Depth 64 Size 0 Mode ref, Ref Stage 0, run, start, 9848925304466192
1787729859.466429, NoOp Chain Depth 64 Size 0 Mode ref, Ref Stage 0, run, end, 9848925304488400
1787729859.466445, NoOp Chain Depth 64 Size 0 Mode ref, Ref Stage 1, run, start, 9848925304504160
1787729859.466467, NoOp Chain Depth 64 Size 0 Mode ref, Ref Stage 1, run, end, 9848925304525824
1787729859.466481, NoOp Chain Depth 64 Size 0 Mode ref, Ref Stage 2, run, start, 9848925304540832
1787729859.466503, NoOp Chain Depth 64 Size 0 Mode ref, Ref Stage 2, run, end, 9848925304562384
1787729859.466518, NoOp Chain Depth 64 Size 0 Mode ref, Ref Stage 3, run, start, 9848925304577584
1787729859.466540, NoOp Chain Depth 64 Size 0 Mode ref, Ref Stage 3, run, end, 9848925304599296
1787729859.466555, NoOp Chain Depth 64 Size 0 Mode ref, Ref Stage 4, run, start, 9848925304614512
1787729859.466577, NoOp Chain Depth 64 Size 0 Mode ref, Ref Stage 4, run, end, 9848925304636368
1787729859.466592, NoOp Chain Depth 64 Size 0 Mode ref, Ref Stage 5, run, start, 9848925304651616
1787729859.466614, NoOp Chain Depth 64 Size 0 Mode ref, Ref Stage 5, run, end, 9848925304673376
1787729859.466629, NoOp Chain Depth 64 Size 0 Mode ref, Ref Stage 6, run, start, 9848925304688368
1787729859.466653, NoOp Chain Depth 64 Size 0 Mode ref, Ref Stage 6, run, end, 9848925304712768
1787729859.466671, NoOp Chain Depth 64 Size 0 Mode ref, Ref Stage 7, run, start, 9848925304729888
1787729859.466694, NoOp Chain Depth 64 Size 0 Mode ref, Ref Stage 7, run, end, 9848925304753631
1787729859.466711, NoOp Chain Depth 64 Size 0 Mode ref, Ref Stage 8, run, start, 9848925304770591
1787729859.466735, NoOp Chain Depth 64 Size 0 Mode ref, Ref Stage 8, run, end, 9848925304794271
1787729859.466752, NoOp Chain Depth 64 Size 0 Mode ref, Ref Stage 9, run, start, 9848925304811679
1787729859.466778, NoOp Chain Depth 64 Size 0 Mode ref, Ref Stage 9, run, end, 9848925304836799
1787729859.466795, NoOp Chain Depth 64 Size 0 Mode ref, Ref Stage 10, run, start, 9848925304854175
1787729859.466820, NoOp Chain Depth 64 Size 0 Mode ref, Ref Stage 10, run, end, 9848925304879455
1787729859.466837, NoOp Chain Depth 64 Size 0 Mode ref, Ref Stage 11, run, start, 9848925304896735
1787729859.466863, NoOp Chain Depth 64 Size 0 Mode ref, Ref Stage 11, run, end, 9848925304922783
1787729859.466882, NoOp Chain Depth 64 Size 0 Mode ref, Ref Stage 12, run, start, 9848925304941135
1787729859.466906, NoOp Chain Depth 64 Size 0 Mode ref, Ref Stage 12, run, end, 9848925304965055
1787729859.466923, NoOp Chain Depth 64 Size 0 Mode ref, Ref Stage 13, run, start, 9848925304982063
1787729859.466948, NoOp Chain Depth 64 Size 0 Mode ref, Ref Stage 13, run, end, 9848925305007199
1787729859.467035, NoOp Chain Depth 64 Size 0 Mode ref, Ref Stage 14, run, start, 9848925305094527
1787729859.467058, NoOp Chain Depth 64 Size 0 Mode ref, Ref Stage 14, run, end, 9848925305117727
1787729859.467073, NoOp Chain Depth 64 Size 0 Mode ref, Ref Stage 15, run, start, 9848925305132463
1787729859.467095, NoOp Chain Depth 64 Size 0 Mode ref, Ref Stage 15, run, end, 9848925305154495
1787729859.467110, NoOp Chain Depth 64 Size 0 Mode ref, Ref Stage 16, run, start, 9848925305169679
1787729859.467132, NoOp Chain Depth 64 Size 0 Mode ref, Ref Stage 16, run, end, 9848925305191583
1787729859.467147, NoOp Chain Depth 64 Size 0 Mode ref, Ref Stage 17, run, start, 9848925305206575
1787729859.467169, NoOp Chain Depth 64 Size 0 Mode ref, Ref Stage 17, run, end, 9848925305228255
1787729859.467186, NoOp Chain Depth 64 Size 0 Mode ref, Ref Stage 18, run, start, 9848925305245199
1787729859.467207, NoOp Chain Depth 64 Size 0 Mode ref, Ref Stage 18, run, end, 9848925305266607
1787729859.467222, NoOp Chain Depth 64 Size 0 Mode ref, Ref Stage 19, run, start, 9848925305281807
1787729859.467244, NoOp Chain Depth 64 Size 0 Mode ref, Ref Stage 19, run, end, 9848925305303087
1787729859.467260, NoOp Chain Depth 64 Size 0 Mode ref, Ref Stage 20, run, start, 9848925305319295
1787729859.467281, NoOp Chain Depth 64 Size 0 Mode ref, Ref Stage 20, run, end, 9848925305340703
1787729859.467298, NoOp Chain Depth 64 Size 0 Mode ref, Ref Stage 21, run, start, 9848925305357343
1787729859.467319, NoOp Chain Depth 64 Size 0 Mode ref, Ref Stage 21, run, end, 9848925305378591
1787729859.467334, NoOp Chain Depth 64 Size 0 Mode ref, Ref Stage 22, run, start, 9848925305393551
1787729859.467356, NoOp Chain Depth 64 Size 0 Mode ref, Ref Stage 22, run, end, 9848925305414895
1787729859.467371, NoOp Chain Depth 64 Size 0 Mode ref, Ref Stage 23, run, start, 9848925305429935
1787729859.467394, NoOp Chain Depth 64 Size 0 Mode ref, Ref Stage 23, run, end, 9848925305452943
1787729859.467409, NoOp Chain Depth 64 Size 0 Mode ref, Ref Stage 24, run, start, 9848925305467999
1787729859.467430, NoOp Chain Depth 64 Size 0 Mode ref, Ref Stage 24, run, end, 9848925305489487
1787729859.467445, NoOp Chain Depth 64 Size 0 Mode ref, Ref Stage 25, run, start, 9848925305504543
1787729859.467468, NoOp Chain Depth 64 Size 0 Mode ref, Ref Stage 25, run, end, 9848925305527343
1787729859.467483, NoOp Chain Depth 64 Size 0 Mode ref, Ref Stage 26, run, start, 9848925305542127
1787729859.467505, NoOp Chain Depth 64 Size 0 Mode ref, Ref Stage 26, run, end, 9848925305564591
1787729859.467520, NoOp Chain Depth 64 Size 0 Mode ref, Ref Stage 27, run, start, 9848925305579759
1787729859.467542, NoOp Chain Depth 64 Size 0 Mode ref, Ref Stage 27, run, end, 9848925305601103
1787729859.467557, NoOp Chain Depth 64 Size 0 Mode ref, Ref Stage 28, run, start, 9848925305617519
1787729859.467586, NoOp Chain Depth 64 Size 0 Mode ref, Ref Stage 28, run, end, 9848925305644911
1787729859.467601, NoOp Chain Depth 64 Size 0 Mode ref, Ref Stage 29, run, start, 9848925305660127
1787729859.467623, NoOp Chain Depth 64 Size 0 Mode ref, Ref Stage 29, run, end, 9848925305681599
1787729859.467638, NoOp Chain Depth 64 Size 0 Mode ref, Ref Stage 30, run, start, 9848925305696703
1787729859.467659, NoOp Chain Depth 64 Size 0 Mode ref, Ref Stage 30, run, end, 9848925305718095
1787729859.467674, NoOp Chain Depth 64 Size 0 Mode ref, Ref Stage 31, run, start, 9848925305732991
1787729859.467696, NoOp Chain Depth 64 Size 0 Mode ref, Ref Stage 31, run, end, 9848925305755359
1787729859.467711, NoOp Chain Depth 64 Size 0 Mode ref, Ref Stage 32, run, start, 9848925305770031
1787729859.467734, NoOp Chain Depth 64 Size 0 Mode ref, Ref Stage 32, run, end, 9848925305792927
1787729859.467749, NoOp Chain Depth 64 Size 0 Mode ref, Ref Stage 33, run, start, 9848925305808623
1787729859.467772, NoOp Chain Depth 64 Size 0 Mode ref, Ref Stage 33, run, end, 9848925305831535
1787729859.467787, NoOp Chain Depth 64 Size 0 Mode ref, Ref Stage 34, run, start, 9848925305846687
1787729859.467809, NoOp Chain Depth 64 Size 0 Mode ref, Ref Stage 34, run, end, 9848925305868143
1787729859.467824, NoOp Chain Depth 64 Size 0 Mode ref, Ref Stage 35, run, start, 9848925305883167
1787729859.467845, NoOp Chain Depth 64 Size 0 Mode ref, Ref Stage 35, run, end, 9848925305904303
1787729859.467860, NoOp Chain Depth 64 Size 0 Mode ref, Ref Stage 36, run, start, 9848925305919167
1787729859.467881, NoOp Chain Depth 64 Size 0 Mode ref, Ref Stage 36, run, end, 9848925305940463
1787729859.467896, NoOp Chain Depth 64 Size 0 Mode ref, Ref Stage 37, run, start, 9848925305955615
1787729859.467918, NoOp Chain Depth 64 Size 0 Mode ref, Ref Stage 37, run, end, 9848925305977359
1787729859.467933, NoOp Chain Depth 64 Size 0 Mode ref, Ref Stage 38, run, start, 9848925305992335
1787729859.467957, NoOp Chain Depth 64 Size 0 Mode ref, Ref Stage 38, run, end, 9848925306016319
1787729859.467973, NoOp Chain Depth 64 Size 0 Mode ref, Ref Stage 39, run, start, 9848925306031887
1787729859.467996, NoOp Chain Depth 64 Size 0 Mode ref, Ref Stage 39, run, end, 9848925306055263
1787729859.468011, NoOp Chain Depth 64 Size 0 Mode ref, Ref Stage 40, run, start, 9848925306070367
1787729859.468033, NoOp Chain Depth 64 Size 0 Mode ref, Ref Stage 40, run, end, 9848925306091999
1787729859.468048, NoOp Chain Depth 64 Size 0 Mode ref, Ref Stage 41, run, start, 9848925306106943
1787729859.468071, NoOp Chain Depth 64 Size 0 Mode ref, Ref Stage 41, run, end, 9848925306129711
1787729859.468085, NoOp Chain Depth 64 Size 0 Mode ref, Ref Stage 42, run, start, 9848925306144575
1787729859.468110, NoOp Chain Depth 64 Size 0 Mode ref, Ref Stage 42, run, end, 9848925306168975
1787729859.468126, NoOp Chain Depth 64 Size 0 Mode ref, Ref Stage 43, run, start, 9848925306185295
1787729859.468148, NoOp Chain Depth 64 Size 0 Mode ref, Ref Stage 43, run, end, 9848925306206735
1787729859.468162, NoOp Chain Depth 64 Size 0 Mode ref, Ref Stage 44, run, start, 9848925306221503
1787729859.468186, NoOp Chain Depth 64 Size 0 Mode ref, Ref Stage 44, run, end, 9848925306244751
1787729859.468201, NoOp Chain Depth 64 Size 0 Mode ref, Ref Stage 45, run, start, 9848925306259919
1787729859.468222, NoOp Chain Depth 64 Size 0 Mode ref, Ref Stage 45, run, end, 9848925306281471
1787729859.468237, NoOp Chain Depth 64 Size 0 Mode ref, Ref Stage 46, run, start, 9848925306296479
1787729859.468260, NoOp Chain Depth 64 Size 0 Mode ref, Ref Stage 46, run, end, 9848925306319519
1787729859.468275, NoOp Chain Depth 64 Size 0 Mode ref, Ref Stage 47, run, start, 9848925306334495
1787729859.468297, NoOp Chain Depth 64 Size 0 Mode ref, Ref Stage 47, run, end, 9848925306356399
1787729859.468312, NoOp Chain Depth 64 Size 0 Mode ref, Ref Stage 48, run, start, 9848925306371471
1787729859.468333, NoOp Chain Depth 64 Size 0 Mode ref, Ref Stage 48, run, end, 9848925306393039
1787729859.468349, NoOp Chain Depth 64 Size 0 Mode ref, Ref Stage 49, run, start, 9848925306408207
1787729859.468373, NoOp Chain Depth 64 Size 0 Mode ref, Ref Stage 49, run, end, 9848925306431903
1787729859.468387, NoOp Chain Depth 64 Size 0 Mode ref, Ref Stage 50, run, start, 9848925306446703
1787729859.468409, NoOp Chain Depth 64 Size 0 Mode ref, Ref Stage 50, run, end, 9848925306467791
1787729859.468423, NoOp Chain Depth 64 Size 0 Mode ref, Ref Stage 51, run, start, 9848925306483039
1787729859.468445, NoOp Chain Depth 64 Size 0 Mode ref, Ref Stage 51, run, end, 9848925306504463
1787729859.468460, NoOp Chain Depth 64 Size 0 Mode ref, Ref Stage 52, run, start, 9848925306519151
1787729859.468482, NoOp Chain Depth 64 Size 0 Mode ref, Ref Stage 52, run, end, 9848925306541535
1787729859.468497, NoOp Chain Depth 64 Size 0 Mode ref, Ref Stage 53, run, start, 9848925306556111
1787729859.468518, NoOp Chain Depth 64 Size 0 Mode ref, Ref Stage 53, run, end, 9848925306577103
1787729859.468534, NoOp Chain Depth 64 Size 0 Mode ref, Ref Stage 54, run, start, 9848925306593055
1787729859.468555, NoOp Chain Depth 64 Size 0 Mode ref, Ref Stage 54, run, end, 9848925306614191
1787729859.468571, NoOp Chain Depth 64 Size 0 Mode ref, Ref Stage 55, run, start, 9848925306629983
1787729859.468592, NoOp Chain Depth 64 Size 0 Mode ref, Ref Stage 55, run, end, 9848925306650959
1787729859.468606, NoOp Chain Depth 64 Size 0 Mode ref, Ref Stage 56, run, start, 9848925306665695
1787729859.468630, NoOp Chain Depth 64 Size 0 Mode ref, Ref Stage 56, run, end, 9848925306689119
1787729859.468645, NoOp Chain Depth 64 Size 0 Mode ref, Ref Stage 57, run, start, 9848925306703935
1787729859.468666, NoOp Chain Depth 64 Size 0 Mode ref, Ref Stage 57, run, end, 9848925306725247
1787729859.468681, NoOp Chain Depth 64 Size 0 Mode ref, Ref Stage 58, run, start, 9848925306740239
1787729859.468702, NoOp Chain Depth 64 Size 0 Mode ref, Ref Stage 58, run, end, 9848925306761391
1787729859.468717, NoOp Chain Depth 64 Size 0 Mode ref, Ref Stage 59, run, start, 9848925306776558
1787729859.468738, NoOp Chain Depth 64 Size 0 Mode ref, Ref Stage 59, run, end, 9848925306797534
1787729859.468753, NoOp Chain Depth 64 Size 0 Mode ref, Ref Stage 60, run, start, 9848925306812430
1787729859.468776, NoOp Chain Depth 64 Size 0 Mode ref, Ref Stage 60, run, end, 9848925306835134
1787729859.468791, NoOp Chain Depth 64 Size 0 Mode ref, Ref Stage 61, run, start, 9848925306850158
1787729859.468812, NoOp Chain Depth 64 Size 0 Mode ref, Ref Stage 61, run, end, 9848925306871822
1787729859.468828, NoOp Chain Depth 64 Size 0 Mode ref, Ref Stage 62, run, start, 9848925306886894
1787729859.468850, NoOp Chain Depth 64 Size 0 Mode ref, Ref Stage 62, run, end, 9848925306909822
1787729859.468866, NoOp Chain Depth 64 Size 0 Mode ref, Ref Stage 63, run, start, 9848925306925246
1787729859.468888, NoOp Chain Depth 64 Size 0 Mode ref, Ref Stage 63, run, end, 9848925306946782
1787729859.468903, NoOp Chain Depth 64 Size 0 Mode ref, pipeline - train, run, end, 241263424754846586648895117930362927268, 1787729859.466100, 22, 1, 9848925306961950
1787729859.468938, NoOp Chain Depth 64 Size 0 Mode ref, pipeline - train, run, start, 44991208435911562722482709650256676694, 1787729859.468927, 23, 1, 9848925306997070
1787729859.468964, NoOp Chain Depth 64 Size 0 Mode ref, Ref Stage 0, run, start, 9848925307023662
1787729859.468988, NoOp Chain Depth 64 Size 0 Mode ref, Ref Stage 0, run, end, 9848925307046830
1787729859.469003, NoOp Chain Depth 64 Size 0 Mode ref, Ref Stage 1, run, start, 9848925307062318
1787729859.469026, NoOp Chain Depth 64 Size 0 Mode ref, Ref Stage 1, run, end, 9848925307085230
1787729859.469041, NoOp Chain Depth 64 Size 0 Mode ref, Ref Stage 2, run, start, 9848925307100574
1787729859.469065, NoOp Chain Depth 64 Size 0 Mode ref, Ref Stage 2, run, end, 9848925307124030
1787729859.469080, NoOp Chain Depth 64 Size 0 Mode ref, Ref Stage 3, run, start, 9848925307139566
1787729859.469178, NoOp Chain Depth 64 Size 0 Mode ref, Ref Stage 3, run, end, 9848925307238222
1787729859.469195, NoOp Chain Depth 64 Size 0 Mode ref, Ref Stage 4, run, start, 9848925307254670
1787729859.469218, NoOp Chain Depth 64 Size 0 Mode ref, Ref Stage 4, run, end, 9848925307277134
1787729859.469233, NoOp Chain Depth 64 Size 0 Mode ref, Ref Stage 5, run, start, 9848925307292094
1787729859.469258, NoOp Chain Depth 64 Size 0 Mode ref, Ref Stage 5, run, end, 9848925307317502
1787729859.469273, NoOp Chain Depth 64 Size 0 Mode ref, Ref Stage 6, run, start, 9848925307332654
1787729859.469295, NoOp Chain Depth 64 Size 0 Mode ref, Ref Stage 6, run, end, 9848925307354478
1787729859.469310, NoOp Chain Depth 64 Size 0 Mode ref, Ref Stage 7, run, start, 9848925307369534
1787729859.469332, NoOp Chain Depth 64 Size 0 Mode ref, Ref Stage 7, run, end, 9848925307391166
1787729859.469347, NoOp Chain Depth 64 Size 0 Mode ref, Ref Stage 8, run, start, 9848925307406254
1787729859.469368, NoOp Chain Depth 64 Size 0 Mode ref, Ref Stage 8, run, end, 9848925307427678
1787729859.469384, NoOp Chain Depth 64 Size 0 Mode ref, Ref Stage 9, run, start, 9848925307443070
1787729859.469405, NoOp Chain Depth 64 Size 0 Mode ref, Ref Stage 9, run, end, 9848925307464414
1787729859.469420, NoOp Chain Depth 64 Size 0 Mode ref, Ref Stage 10, run, start, 9848925307479374
1787729859.469443, NoOp Chain Depth 64 Size 0 Mode ref, Ref Stage 10, run, end, 9848925307502126
1787729859.469458, NoOp Chain Depth 64 Size 0 Mode ref, Ref Stage 11, run, start, 9848925307517342
1787729859.469480, NoOp Chain Depth 64 Size 0 Mode ref, Ref Stage 11, run, end, 9848925307539006
1787729859.469495, NoOp Chain Depth 64 Size 0 Mode ref, Ref Stage 12, run, start, 9848925307554014
1787729859.469517, NoOp Chain Depth 64 Size 0 Mode ref, Ref Stage 12, run, end, 9848925307577006
1787729859.469537, NoOp Chain Depth 64 Size 0 Mode ref, Ref Stage 13, run, start, 9848925307596254
1787729859.469558, NoOp Chain Depth 64 Size 0 Mode ref, Ref Stage 13, run, end, 9848925307617662
1787729859.469573, NoOp Chain Depth 64 Size 0 Mode ref, Ref Stage 14, run, start, 9848925307632686
1787729859.469595, NoOp Chain Depth 64 Size 0 Mode ref, Ref Stage 14, run, end, 9848925307654318
1787729859.469610, NoOp Chain Depth 64 Size 0 Mode ref, Ref Stage 15, run, start, 9848925307669486
1787729859.469632, NoOp Chain Depth 64 Size 0 Mode ref, Ref Stage 15, run, end, 9848925307690910
1787729859.469647, NoOp Chain Depth 64 Size 0 Mode ref, Ref Stage 16, run, start, 9848925307706030
1787729859.469669, NoOp Chain Depth 64 Size 0 Mode ref, Ref Stage 16, run, end, 9848925307728638
1787729859.469684, NoOp Chain Depth 64 Size 0 Mode ref, Ref Stage 17, run, start, 9848925307743662
1787729859.469706, NoOp Chain Depth 64 Size 0 Mode ref, Ref Stage 17, run, end, 9848925307765182
1787729859.469722, NoOp Chain Depth 64 Size 0 Mode ref, Ref Stage 18, run, start, 9848925307781662
1787729859.469744, NoOp Chain Depth 64 Size 0 Mode ref, Ref Stage 18, run, end, 9848925307802830
1787729859.469759, NoOp Chain Depth 64 Size 0 Mode ref, Ref Stage 19, run, start, 9848925307817726
1787729859.469783, NoOp Chain Depth 64 Size 0 Mode ref, Ref Stage 19, run, end, 9848925307841982
1787729859.469798, NoOp Chain Depth 64 Size 0 Mode ref, Ref Stage 20, run, start, 9848925307857166
1787729859.469821, NoOp Chain Depth 64 Size 0 Mode ref, Ref Stage 20, run, end, 9848925307880126
1787729859.469836, NoOp Chain Depth 64 Size 0 Mode ref, Ref Stage 21, run, start, 9848925307895214
1787729859.469859, NoOp Chain Depth 64 Size 0 Mode ref, Ref Stage 21, run, end, 9848925307918126
1787729859.469874, NoOp Chain Depth 64 Size 0 Mode ref, Ref Stage 22, run, start, 9848925307933054
1787729859.469897, NoOp Chain Depth 64 Size 0 Mode ref, Ref Stage 22, run, end, 9848925307955790
1787729859.469912, NoOp Chain Depth 64 Size 0 Mode ref, Ref Stage 23, run, start, 9848925307971038
1787729859.469933, NoOp Chain Depth 64 Size 0 Mode ref, Ref Stage 23, run, end, 9848925307992478
1787729859.469950, NoOp Chain Depth 64 Size 0 Mode ref, Ref Stage 24, run, start, 9848925308009070
1787729859.471201, NoOp Chain Depth 64 Size 0 Mode ref, Ref Stage 24, run, end, 9848925309260989
1787729859.471218, NoOp Chain Depth 64 Size 0 Mode ref, Ref Stage 25, run, start, 9848925309277181
1787729859.471240, NoOp Chain Depth 64 Size 0 Mode ref, Ref Stage 25, run, end, 9848925309299245
1787729859.471255, NoOp Chain Depth 64 Size 0 Mode ref, Ref Stage 26, run, start, 9848925309314317
1787729859.471277, NoOp Chain Depth 64 Size 0 Mode ref, Ref Stage 26, run, end, 9848925309336269
1787729859.471292, NoOp Chain Depth 64 Size 0 Mode ref, Ref Stage 27, run, start, 9848925309351325
1787729859.471313, NoOp Chain Depth 64 Size 0 Mode ref, Ref Stage 27, run, end, 9848925309372669
1787729859.471328, NoOp Chain Depth 64 Size 0 Mode ref, Ref Stage 28, run, start, 9848925309387581
1787729859.471350, NoOp Chain Depth 64 Size 0 Mode ref, Ref Stage 28, run, end, 9848925309409133
1787729859.471367, NoOp Chain Depth 64 Size 0 Mode ref, Ref Stage 29, run, start, 9848925309426637
1787729859.471391, NoOp Chain Depth 64 Size 0 Mode ref, Ref Stage 29, run, end, 9848925309450205
1787729859.471408, NoOp Chain Depth 64 Size 0 Mode ref, Ref Stage 30, run, start, 9848925309467293
1787729859.471560, NoOp Chain Depth 64 Size 0 Mode ref, Ref Stage 30, run, end, 9848925309618941
1787729859.471575, NoOp Chain Depth 64 Size 0 Mode ref, Ref Stage 31, run, start, 9848925309634109
1787729859.471596, NoOp Chain Depth 64 Size 0 Mode ref, Ref Stage 31, run, end, 9848925309655421
1787729859.471611, NoOp Chain Depth 64 Size 0 Mode ref, Ref Stage 32, run, start, 9848925309670221
1787729859.471632, NoOp Chain Depth 64 Size 0 Mode ref, Ref Stage 32, run, end, 9848925309691309
1787729859.471647, NoOp Chain Depth 64 Size 0 Mode ref, Ref Stage 33, run, start, 9848925309706205
1787729859.471668, NoOp Chain Depth 64 Size 0 Mode ref, Ref Stage 33, run, end, 9848925309727389
1787729859.471683, NoOp Chain Depth 64 Size 0 Mode ref, Ref Stage 34, run, start, 9848925309742541
1787729859.471704, NoOp Chain Depth 64 Size 0 Mode ref, Ref Stage 34, run, end, 9848925309763677
1787729859.471719, NoOp Chain Depth 64 Size 0 Mode ref, Ref Stage 35, run, start, 9848925309778541
1787729859.471740, NoOp Chain Depth 64 Size 0 Mode ref, Ref Stage 35, run, end, 9848925309799709
1787729859.471755, NoOp Chain Depth 64 Size 0 Mode ref, Ref Stage 36, run, start, 9848925309814365
1787729859.471776, NoOp Chain Depth 64 Size 0 Mode ref, Ref Stage 36, run, end, 9848925309835373
1787729859.471791, NoOp Chain Depth 64 Size 0 Mode ref, Ref Stage 37, run, start, 9848925309850413
1787729859.471815, NoOp Chain Depth 64 Size 0 Mode ref, Ref Stage 37, run, end, 9848925309874381
1787729859.471832, NoOp Chain Depth 64 Size 0 Mode ref, Ref Stage 38, run, start, 9848925309891053
1787729859.471994, NoOp Chain Depth 64 Size 0 Mode ref, Ref Stage 38, run, end, 9848925310053501
1787729859.472010, NoOp Chain Depth 64 Size 0 Mode ref, Ref Stage 39, run, start, 9848925310069069
1787729859.472031, NoOp Chain Depth 64 Size 0 Mode ref, Ref Stage 39, run, end, 9848925310090509
1787729859.472046, NoOp Chain Depth 64 Size 0 Mode ref, Ref Stage 40, run, start, 9848925310105293
1787729859.472067, NoOp Chain Depth 64 Size 0 Mode ref, Ref Stage 40, run, end, 9848925310126557
1787729859.472082, NoOp Chain Depth 64 Size 0 Mode ref, Ref Stage 41, run, start, 9848925310141437
1787729859.472103, NoOp Chain Depth 64 Size 0 Mode ref, Ref Stage 41, run, end, 9848925310162765
1787729859.472118, NoOp Chain Depth 64 Size 0 Mode ref, Ref Stage 42, run, start, 9848925310177501
1787729859.472139, NoOp Chain Depth 64 Size 0 Mode ref, Ref Stage 42, run, end, 9848925310198525
1787729859.472154, NoOp Chain Depth 64 Size 0 Mode ref, Ref Stage 43, run, start, 9848925310213437
1787729859.472175, NoOp Chain Depth 64 Size 0 Mode ref, Ref Stage 43, run, end, 9848925310234445
1787729859.472190, NoOp Chain Depth 64 Size 0 Mode ref, Ref Stage 44, run, start, 9848925310249181
1787729859.472211, NoOp Chain Depth 64 Size 0 Mode ref, Ref Stage 44, run, end, 9848925310270493
1787729859.472226, NoOp Chain Depth 64 Size 0 Mode ref, Ref Stage 45, run, start, 9848925310285341
1787729859.472247, NoOp Chain Depth 64 Size 0 Mode ref, Ref Stage 45, run, end, 9848925310306509
1787729859.472262, NoOp Chain Depth 64 Size 0 Mode ref, Ref Stage 46, run, start, 9848925310321293
1787729859.472283, NoOp Chain Depth 64 Size 0 Mode ref, Ref Stage 46, run, end, 9848925310342445
1787729859.472298, NoOp Chain Depth 64 Size 0 Mode ref, Ref Stage 47, run, start, 9848925310357197
1787729859.472319, NoOp Chain Depth 64 Size 0 Mode ref, Ref Stage 47, run, end, 9848925310378253
1787729859.472336, NoOp Chain Depth 64 Size 0 Mode ref, Ref Stage 48, run, start, 9848925310395677
1787729859.472360, NoOp Chain Depth 64 Size 0 Mode ref, Ref Stage 48, run, end, 9848925310418989
1787729859.472377, NoOp Chain Depth 64 Size 0 Mode ref, Ref Stage 49, run, start, 9848925310435805
1787729859.472400, NoOp Chain Depth 64 Size 0 Mode ref, Ref Stage 49, run, end, 9848925310459357
1787729859.472417, NoOp Chain Depth 64 Size 0 Mode ref, Ref Stage 50, run, start, 9848925310476333
1787729859.472440, NoOp Chain Depth 64 Size 0 Mode ref, Ref Stage 50, run, end, 9848925310499853
1787729859.472457, NoOp Chain Depth 64 Size 0 Mode ref, Ref Stage 51, run, start, 9848925310516301
1787729859.472480, NoOp Chain Depth 64 Size 0 Mode ref, Ref Stage 51, run, end, 9848925310539565
1787729859.472497, NoOp Chain Depth 64 Size 0 Mode ref, Ref Stage 52, run, start, 9848925310556525
1787729859.472521, NoOp Chain Depth 64 Size 0 Mode ref, Ref Stage 52, run, end, 9848925310580284
1787729859.472538, NoOp Chain Depth 64 Size 0 Mode ref, Ref Stage 53, run, start, 9848925310597068
1787729859.472561, NoOp Chain Depth 64 Size 0 Mode ref, Ref Stage 53, run, end, 9848925310620300
1787729859.472578, NoOp Chain Depth 64 Size 0 Mode ref, Ref Stage 54, run, start, 9848925310637628
1787729859.472601, NoOp Chain Depth 64 Size 0 Mode ref, Ref Stage 54, run, end, 9848925310660748
1787729859.472619, NoOp Chain Depth 64 Size 0 Mode ref, Ref Stage 55, run, start, 9848925310677756
1787729859.472642, NoOp Chain Depth 64 Size 0 Mode ref, Ref Stage 55, run, end, 9848925310700924
1787729859.472659, NoOp Chain Depth 64 Size 0 Mode ref, Ref Stage 56, run, start, 9848925310718188
1787729859.472682, NoOp Chain Depth 64 Size 0 Mode ref, Ref Stage 56, run, end, 9848925310741500
1787729859.472699, NoOp Chain Depth 64 Size 0 Mode ref, Ref Stage 57, run, start, 9848925310758764
1787729859.472723, NoOp Chain Depth 64 Size 0 Mode ref, Ref Stage 57, run, end, 9848925310782236
1787729859.472740, NoOp Chain Depth 64 Size 0 Mode ref, Ref Stage 58, run, start, 9848925310799468
1787729859.472764, NoOp Chain Depth 64 Size 0 Mode ref, Ref Stage 58, run, end, 9848925310822860
1787729859.472780, NoOp Chain Depth 64 Size 0 Mode ref, Ref Stage 59, run, start, 9848925310839756
1787729859.472967, NoOp Chain Depth 64 Size 0 Mode ref, Ref Stage 59, run, end, 9848925311026188
1787729859.472985, NoOp Chain Depth 64 Size 0 Mode ref, Ref Stage 60, run, start, 9848925311043884
1787729859.473009, NoOp Chain Depth 64 Size 0 Mode ref, Ref Stage 60, run, end, 9848925311067852
1787729859.473026, NoOp Chain Depth 64 Size 0 Mode ref, Ref Stage 61, run, start, 9848925311085164
1787729859.473050, NoOp Chain Depth 64 Size 0 Mode ref, Ref Stage 61, run, end, 9848925311109164
1787729859.473067, NoOp Chain Depth 64 Size 0 Mode ref, Ref Stage 62, run, start, 9848925311126396
1787729859.473091, NoOp Chain Depth 64 Size 0 Mode ref, Ref Stage 62, run, end, 9848925311149948
1787729859.473108, NoOp Chain Depth 64 Size 0 Mode ref, Ref Stage 63, run, start, 9848925311167308
1787729859.473132, NoOp Chain Depth 64 Size 0 Mode ref, Ref Stage 63, run, end, 9848925311191052
1787729859.473149, NoOp Chain Depth 64 Size 0 Mode ref, pipeline - train, run, end, 44991208435911562722482709650256676694, 1787729859.468927, 23, 1, 9848925311208124
1787729859.473188, NoOp Chain Depth 64 Size 0 Mode ref, pipeline - train, run, start, 274519142382378014611773806805848430224, 1787729859.473176, 24, 1, 9848925311247372
1787729859.473214, NoOp Chain Depth 64 Size 0 Mode ref, Ref Stage 0, run, start, 9848925311273820
1787729859.473238, NoOp Chain Depth 64 Size 0 Mode ref, Ref Stage 0, run, end, 9848925311297596
1787729859.473255, NoOp Chain Depth 64 Size 0 Mode ref, Ref Stage 1, run, start, 9848925311314620
1787729859.473279, NoOp Chain Depth 64 Size 0 Mode ref, Ref Stage 1, run, end, 9848925311338012
1787729859.473296, NoOp Chain Depth 64 Size 0 Mode ref, Ref Stage 2, run, start, 9848925311355388
1787729859.473320, NoOp Chain Depth 64 Size 0 Mode ref, Ref Stage 2, run, end, 9848925311378828
1787729859.473336, NoOp Chain Depth 64 Size 0 Mode ref, Ref Stage 3, run, start, 9848925311395756
1787729859.473362, NoOp Chain Depth 64 Size 0 Mode ref, Ref Stage 3, run, end, 9848925311421452
1787729859.473380, NoOp Chain Depth 64 Size 0 Mode ref, Ref Stage 4, run, start, 9848925311439452
1787729859.473404, NoOp Chain Depth 64 Size 0 Mode ref, Ref Stage 4, run, end, 9848925311463196
1787729859.473662, NoOp Chain Depth 64 Size 0 Mode ref, Ref Stage 5, run, start, 9848925311721964
1787729859.473685, NoOp Chain Depth 64 Size 0 Mode ref, Ref Stage 5, run, end, 9848925311744332
1787729859.473700, NoOp Chain Depth 64 Size 0 Mode ref, Ref Stage 6, run, start, 9848925311759532
1787729859.473722, NoOp Chain Depth 64 Size 0 Mode ref, Ref Stage 6, run, end, 9848925311781100
1787729859.473737, NoOp Chain Depth 64 Size 0 Mode ref, Ref Stage 7, run, start, 9848925311796380
1787729859.473759, NoOp Chain Depth 64 Size 0 Mode ref, Ref Stage 7, run, end, 9848925311818076
1787729859.473774, NoOp Chain Depth 64 Size 0 Mode ref, Ref Stage 8, run, start, 9848925311833292
1787729859.473795, NoOp Chain Depth 64 Size 0 Mode ref, Ref Stage 8, run, end, 9848925311854524
1787729859.473810, NoOp Chain Depth 64 Size 0 Mode ref, Ref Stage 9, run, start, 9848925311869564
1787729859.473832, NoOp Chain Depth 64 Size 0 Mode ref, Ref Stage 9, run, end, 9848925311890780
1787729859.473846, NoOp Chain Depth 64 Size 0 Mode ref, Ref Stage 10, run, start, 9848925311905884
1787729859.473868, NoOp Chain Depth 64 Size 0 Mode ref, Ref Stage 10, run, end, 9848925311927052
1787729859.473883, NoOp Chain Depth 64 Size 0 Mode ref, Ref Stage 11, run, start, 9848925311942124
1787729859.473904, NoOp Chain Depth 64 Size 0 Mode ref, Ref Stage 11, run, end, 9848925311963564
1787729859.473919, NoOp Chain Depth 64 Size 0 Mode ref, Ref Stage 12, run, start, 9848925311978588
1787729859.473945, NoOp Chain Depth 64 Size 0 Mode ref, Ref Stage 12, run, end, 9848925312004028
1787729859.473963, NoOp Chain Depth 64 Size 0 Mode ref, Ref Stage 13, run, start, 9848925312021820
1787729859.473986, NoOp Chain Depth 64 Size 0 Mode ref, Ref Stage 13, run, end, 9848925312045356
1787729859.474003, NoOp Chain Depth 64 Size 0 Mode ref, Ref Stage 14, run, start, 9848925312062492
1787729859.474027, NoOp Chain Depth 64 Size 0 Mode ref, Ref Stage 14, run, end, 9848925312086028
1787729859.474164, NoOp Chain Depth 64 Size 0 Mode ref, Ref Stage 15, run, start, 9848925312223068
1787729859.474197, NoOp Chain Depth 64 Size 0 Mode ref, Ref Stage 15, run, end, 9848925312256092
1787729859.474212, NoOp Chain Depth 64 Size 0 Mode ref, Ref Stage 16, run, start, 9848925312271500
1787729859.474234, NoOp Chain Depth 64 Size 0 Mode ref, Ref Stage 16, run, end, 9848925312293372
1787729859.474249, NoOp Chain Depth 64 Size 0 Mode ref, Ref Stage 17, run, start, 9848925312308412
1787729859.474271, NoOp Chain Depth 64 Size 0 Mode ref, Ref Stage 17, run, end, 9848925312329628
1787729859.474285, NoOp Chain Depth 64 Size 0 Mode ref, Ref Stage 18, run, start, 9848925312344604
1787729859.474307, NoOp Chain Depth 64 Size 0 Mode ref, Ref Stage 18, run, end, 9848925312366284
1787729859.474322, NoOp Chain Depth 64 Size 0 Mode ref, Ref Stage 19, run, start, 9848925312381500
1787729859.474344, NoOp Chain Depth 64 Size 0 Mode ref, Ref Stage 19, run, end, 9848925312402812
1787729859.474359, NoOp Chain Depth 64 Size 0 Mode ref, Ref Stage 20, run, start, 9848925312417884
1787729859.474380, NoOp Chain Depth 64 Size 0 Mode ref, Ref Stage 20, run, end, 9848925312439356
1787729859.474395, NoOp Chain Depth 64 Size 0 Mode ref, Ref Stage 21, run, start, 9848925312454124
1787729859.474416, NoOp Chain Depth 64 Size 0 Mode ref, Ref Stage 21, run, end, 9848925312475372
1787729859.474431, NoOp Chain Depth 64 Size 0 Mode ref, Ref Stage 22, run, start, 9848925312490188
1787729859.474452, NoOp Chain Depth 64 Size 0 Mode ref, Ref Stage 22, run, end, 9848925312511836
1787729859.474469, NoOp Chain Depth 64 Size 0 Mode ref, Ref Stage 23, run, start, 9848925312528748
1787729859.474493, NoOp Chain Depth 64 Size 0 Mode ref, Ref Stage 23, run, end, 9848925312552076
1787729859.474638, NoOp Chain Depth 64 Size 0 Mode ref, Ref Stage 24, run, start, 9848925312697227
1787729859.474660, NoOp Chain Depth 64 Size 0 Mode ref, Ref Stage 24, run, end, 9848925312719515
1787729859.474675, NoOp Chain Depth 64 Size 0 Mode ref, Ref Stage 25, run, start, 9848925312734619
1787729859.474697, NoOp Chain Depth 64 Size 0 Mode ref, Ref Stage 25, run, end, 9848925312756011
1787729859.474712, NoOp Chain Depth 64 Size 0 Mode ref, Ref Stage 26, run, start, 9848925312770971
1787729859.474733, NoOp Chain Depth 64 Size 0 Mode ref, Ref Stage 26, run, end, 9848925312792347
1787729859.474748, NoOp Chain Depth 64 Size 0 Mode ref, Ref Stage 27, run, start, 9848925312807467
1787729859.474769, NoOp Chain Depth 64 Size 0 Mode ref, Ref Stage 27, run, end, 9848925312828459
1787729859.474784, NoOp Chain Depth 64 Size 0 Mode ref, Ref Stage 28, run, start, 9848925312843323
1787729859.474806, NoOp Chain Depth 64 Size 0 Mode ref, Ref Stage 28, run, end, 9848925312864795
1787729859.474821, NoOp Chain Depth 64 Size 0 Mode ref, Ref Stage 29, run, start, 9848925312879883
1787729859.474842, NoOp Chain Depth 64 Size 0 Mode ref, Ref Stage 29, run, end, 9848925312901403
1787729859.474857, NoOp Chain Depth 64 Size 0 Mode ref, Ref Stage 30, run, start, 9848925312916331
1787729859.474879, NoOp Chain Depth 64 Size 0 Mode ref, Ref Stage 30, run, end, 9848925312937979
1787729859.475022, NoOp Chain Depth 64 Size 0 Mode ref, Ref Stage 31, run, start, 9848925313081819
1787729859.475045, NoOp Chain Depth 64 Size 0 Mode ref, Ref Stage 31, run, end, 9848925313104731
1787729859.475060, NoOp Chain Depth 64 Size 0 Mode ref, Ref Stage 32, run, start, 9848925313119867
1787729859.475082, NoOp Chain Depth 64 Size 0 Mode ref, Ref Stage 32, run, end, 9848925313141083
1787729859.475097, NoOp Chain Depth 64 Size 0 Mode ref, Ref Stage 33, run, start, 9848925313156283
1787729859.475118, NoOp Chain Depth 64 Size 0 Mode ref, Ref Stage 33, run, end, 9848925313177355
1787729859.475133, NoOp Chain Depth 64 Size 0 Mode ref, Ref Stage 34, run, start, 9848925313192171
1787729859.475154, NoOp Chain Depth 64 Size 0 Mode ref, Ref Stage 34, run, end, 9848925313213483
1787729859.475169, NoOp Chain Depth 64 Size 0 Mode ref, Ref Stage 35, run, start, 9848925313228203
1787729859.475190, NoOp Chain Depth 64 Size 0 Mode ref, Ref Stage 35, run, end, 9848925313249435
1787729859.475207, NoOp Chain Depth 64 Size 0 Mode ref, Ref Stage 36, run, start, 9848925313266411
1787729859.475228, NoOp Chain Depth 64 Size 0 Mode ref, Ref Stage 36, run, end, 9848925313287691
1787729859.475243, NoOp Chain Depth 64 Size 0 Mode ref, Ref Stage 37, run, start, 9848925313302459
1787729859.475265, NoOp Chain Depth 64 Size 0 Mode ref, Ref Stage 37, run, end, 9848925313323675
1787729859.475279, NoOp Chain Depth 64 Size 0 Mode ref, Ref Stage 38, run, start, 9848925313338811
1787729859.475301, NoOp Chain Depth 64 Size 0 Mode ref, Ref Stage 38, run, end, 9848925313360139
1787729859.475316, NoOp Chain Depth 64 Size 0 Mode ref, Ref Stage 39, run, start, 9848925313375131
1787729859.475337, NoOp Chain Depth 64 Size 0 Mode ref, Ref Stage 39, run, end, 9848925313396571
1787729859.475352, NoOp Chain Depth 64 Size 0 Mode ref, Ref Stage 40, run, start, 9848925313411371
1787729859.475374, NoOp Chain Depth 64 Size 0 Mode ref, Ref Stage 40, run, end, 9848925313432651
1787729859.475388, NoOp Chain Depth 64 Size 0 Mode ref, Ref Stage 41, run, start, 9848925313447403
1787729859.475412, NoOp Chain Depth 64 Size 0 Mode ref, Ref Stage 41, run, end, 9848925313471451
1787729859.475429, NoOp Chain Depth 64 Size 0 Mode ref, Ref Stage 42, run, start, 9848925313488507
1787729859.475453, NoOp Chain Depth 64 Size 0 Mode ref, Ref Stage 42, run, end, 9848925313512235
1787729859.475470, NoOp Chain Depth 64 Size 0 Mode ref, Ref Stage 43, run, start, 9848925313529179
1787729859.475493, NoOp Chain Depth 64 Size 0 Mode ref, Ref Stage 43, run, end, 9848925313552587
1787729859.475510, NoOp Chain Depth 64 Size 0 Mode ref, Ref Stage 44, run, start, 9848925313569707
1787729859.475533, NoOp Chain Depth 64 Size 0 Mode ref, Ref Stage 44, run, end, 9848925313592875
1787729859.475550, NoOp Chain Depth 64 Size 0 Mode ref, Ref Stage 45, run, start, 9848925313609899
1787729859.475574, NoOp Chain Depth 64 Size 0 Mode ref, Ref Stage 45, run, end, 9848925313633275
1787729859.475591, NoOp Chain Depth 64 Size 0 Mode ref, Ref Stage 46, run, start, 9848925313650363
1787729859.475616, NoOp Chain Depth 64 Size 0 Mode ref, Ref Stage 46, run, end, 9848925313674763
1787729859.475633, NoOp Chain Depth 64 Size 0 Mode ref, Ref Stage 47, run, start, 9848925313692331
1787729859.475657, NoOp Chain Depth 64 Size 0 Mode ref, Ref Stage 47, run, end, 9848925313716187
1787729859.475674, NoOp Chain Depth 64 Size 0 Mode ref, Ref Stage 48, run, start, 9848925313733803
1787729859.475700, NoOp Chain Depth 64 Size 0 Mode ref, Ref Stage 48, run, end, 9848925313759163
1787729859.475717, NoOp Chain Depth 64 Size 0 Mode ref, Ref Stage 49, run, start, 9848925313776539
1787729859.475742, NoOp Chain Depth 64 Size 0 Mode ref, Ref Stage 49, run, end, 9848925313801259
1787729859.475759, NoOp Chain Depth 64 Size 0 Mode ref, Ref Stage 50, run, start, 9848925313818411
1787729859.475782, NoOp Chain Depth 64 Size 0 Mode ref, Ref Stage 50, run, end, 9848925313841691
1787729859.475800, NoOp Chain Depth 64 Size 0 Mode ref, Ref Stage 51, run, start, 9848925313858843
1787729859.475823, NoOp Chain Depth 64 Size 0 Mode ref, Ref Stage 51, run, end, 9848925313882715
1787729859.475840, NoOp Chain Depth 64 Size 0 Mode ref, Ref Stage 52, run, start, 9848925313899419
1787729859.475863, NoOp Chain Depth 64 Size 0 Mode ref, Ref Stage 52, run, end, 9848925313922827
1787729859.475880, NoOp Chain Depth 64 Size 0 Mode ref, Ref Stage 53, run, start, 9848925313939707
1787729859.475904, NoOp Chain Depth 64 Size 0 Mode ref, Ref Stage 53, run, end, 9848925313962731
1787729859.475920, NoOp Chain Depth 64 Size 0 Mode ref, Ref Stage 54, run, start, 9848925313979579
1787729859.475946, NoOp Chain Depth 64 Size 0 Mode ref, Ref Stage 54, run, end, 9848925314005419
1787729859.475964, NoOp Chain Depth 64 Size 0 Mode ref, Ref Stage 55, run, start, 9848925314023051
1787729859.475987, NoOp Chain Depth 64 Size 0 Mode ref, Ref Stage 55, run, end, 9848925314046811
1787729859.476006, NoOp Chain Depth 64 Size 0 Mode ref, Ref Stage 56, run, start, 9848925314065323
1787729859.476280, NoOp Chain Depth 64 Size 0 Mode ref, Ref Stage 56, run, end, 9848925314339675
1787729859.476295, NoOp Chain Depth 64 Size 0 Mode ref, Ref Stage 57, run, start, 9848925314354891
1787729859.476317, NoOp Chain Depth 64 Size 0 Mode ref, Ref Stage 57, run, end, 9848925314376587
1787729859.476332, NoOp Chain Depth 64 Size 0 Mode ref, Ref Stage 58, run, start, 9848925314391739
1787729859.476354, NoOp Chain Depth 64 Size 0 Mode ref, Ref Stage 58, run, end, 9848925314413322
1787729859.476369, NoOp Chain Depth 64 Size 0 Mode ref, Ref Stage 59, run, start, 9848925314428298
1787729859.476390, NoOp Chain Depth 64 Size 0 Mode ref, Ref Stage 59, run, end, 9848925314449786
1787729859.476406, NoOp Chain Depth 64 Size 0 Mode ref, Ref Stage 60, run, start, 9848925314464954
1787729859.476427, NoOp Chain Depth 64 Size 0 Mode ref, Ref Stage 60, run, end, 9848925314486442
1787729859.476442, NoOp Chain Depth 64 Size 0 Mode ref, Ref Stage 61, run, start, 9848925314501242
1787729859.476463, NoOp Chain Depth 64 Size 0 Mode ref, Ref Stage 61, run, end, 9848925314522218
1787729859.476477, NoOp Chain Depth 64 Size 0 Mode ref, Ref Stage 62, run, start, 9848925314536730
1787729859.476499, NoOp Chain Depth 64 Size 0 Mode ref, Ref Stage 62, run, end, 9848925314557850
1787729859.476514, NoOp Chain Depth 64 Size 0 Mode ref, Ref Stage 63, run, start, 9848925314573098
1787729859.476535, NoOp Chain Depth 64 Size 0 Mode ref, Ref Stage 63, run, end, 9848925314594090
1787729859.476550, NoOp Chain Depth 64 Size 0 Mode ref, pipeline - train, run, end, 274519142382378014611773806805848430224, 1787729859.473176, 24, 1, 9848925314609210
1787729859.476585, NoOp Chain Depth 64 Size 0 Mode ref, pipeline - train, run, start, 293340255650591799202137366572742027598, 1787729859.476574, 25, 1, 9848925314644714
1787729859.476738, NoOp Chain Depth 64 Size 0 Mode ref, Ref Stage 0, run, start, 9848925314797786
1787729859.476760, NoOp Chain Depth 64 Size 0 Mode ref, Ref Stage 0, run, end, 9848925314819514
1787729859.476776, NoOp Chain Depth 64 Size 0 Mode ref, Ref Stage 1, run, start, 9848925314835066
1787729859.476797, NoOp Chain Depth 64 Size 0 Mode ref, Ref Stage 1, run, end, 9848925314856554
1787729859.476813, NoOp Chain Depth 64 Size 0 Mode ref, Ref Stage 2, run, start, 9848925314871802
1787729859.476835, NoOp Chain Depth 64 Size 0 Mode ref, Ref Stage 2, run, end, 9848925314894858
1787729859.476848, NoOp Chain Depth 64 Size 0 Mode ref, Ref Stage 3, run, start, 9848925314907322
1787729859.476880, NoOp Chain Depth 64 Size 0 Mode ref, Ref Stage 3, run, end, 9848925314939194
1787729859.476896, NoOp Chain Depth 64 Size 0 Mode ref, Ref Stage 4, run, start, 9848925314955018
1787729859.476918, NoOp Chain Depth 64 Size 0 Mode ref, Ref Stage 4, run, end, 9848925314976762
1787729859.476932, NoOp Chain Depth 64 Size 0 Mode ref, Ref Stage 5, run, start, 9848925314991786
1787729859.476955, NoOp Chain Depth 64 Size 0 Mode ref, Ref Stage 5, run, end, 9848925315014682
1787729859.476971, NoOp Chain Depth 64 Size 0 Mode ref, Ref Stage 6, run, start, 9848925315030298
1787729859.476993, NoOp Chain Depth 64 Size 0 Mode ref, Ref Stage 6, run, end, 9848925315051882
1787729859.477008, NoOp Chain Depth 64 Size 0 Mode ref, Ref Stage 7, run, start, 9848925315067114
1787729859.477032, NoOp Chain Depth 64 Size 0 Mode ref, Ref Stage 7, run, end, 9848925315091610
1787729859.477049, NoOp Chain Depth 64 Size 0 Mode ref, Ref Stage 8, run, start, 9848925315108826
1787729859.477073, NoOp Chain Depth 64 Size 0 Mode ref, Ref Stage 8, run, end, 9848925315132618
1787729859.477092, NoOp Chain Depth 64 Size 0 Mode ref, Ref Stage 9, run, start, 9848925315151546
1787729859.477118, NoOp Chain Depth 64 Size 0 Mode ref, Ref Stage 9, run, end, 9848925315177626
1787729859.477136, NoOp Chain Depth 64 Size 0 Mode ref, Ref Stage 10, run, start, 9848925315194922
1787729859.477161, NoOp Chain Depth 64 Size 0 Mode ref, Ref Stage 10, run, end, 9848925315220234
1787729859.477178, NoOp Chain Depth 64 Size 0 Mode ref, Ref Stage 11, run, start, 9848925315237482
1787729859.477202, NoOp Chain Depth 64 Size 0 Mode ref, Ref Stage 11, run, end, 9848925315260954
1787729859.477338, NoOp Chain Depth 64 Size 0 Mode ref, Ref Stage 12, run, start, 9848925315397434
1787729859.477372, NoOp Chain Depth 64 Size 0 Mode ref, Ref Stage 12, run, end, 9848925315431354
1787729859.477388, NoOp Chain Depth 64 Size 0 Mode ref, Ref Stage 13, run, start, 9848925315447338
1787729859.477411, NoOp Chain Depth 64 Size 0 Mode ref, Ref Stage 13, run, end, 9848925315470330
1787729859.477423, NoOp Chain Depth 64 Size 0 Mode ref, Ref Stage 14, run, start, 9848925315482186
1787729859.477455, NoOp Chain Depth 64 Size 0 Mode ref, Ref Stage 14, run, end, 9848925315513978
1787729859.477471, NoOp Chain Depth 64 Size 0 Mode ref, Ref Stage 15, run, start, 9848925315530202
1787729859.477493, NoOp Chain Depth 64 Size 0 Mode ref, Ref Stage 15, run, end, 9848925315551866
1787729859.477508, NoOp Chain Depth 64 Size 0 Mode ref, Ref Stage 16, run, start, 9848925315566810
1787729859.477530, NoOp Chain Depth 64 Size 0 Mode ref, Ref Stage 16, run, end, 9848925315588970
1787729859.477545, NoOp Chain Depth 64 Size 0 Mode ref, Ref Stage 17, run, start, 9848925315604282
1787729859.477567, NoOp Chain Depth 64 Size 0 Mode ref, Ref Stage 17, run, end, 9848925315625898
1787729859.477584, NoOp Chain Depth 64 Size 0 Mode ref, Ref Stage 18, run, start, 9848925315643098
1787729859.477608, NoOp Chain Depth 64 Size 0 Mode ref, Ref Stage 18, run, end, 9848925315667178
1787729859.477625, NoOp Chain Depth 64 Size 0 Mode ref, Ref Stage 19, run, start, 9848925315684154
1787729859.477649, NoOp Chain Depth 64 Size 0 Mode ref, Ref Stage 19, run, end, 9848925315707866
1787729859.477667, NoOp Chain Depth 64 Size 0 Mode ref, Ref Stage 20, run, start, 9848925315726202
1787729859.477690, NoOp Chain Depth 64 Size 0 Mode ref, Ref Stage 20, run, end, 9848925315749498
1787729859.477707, NoOp Chain Depth 64 Size 0 Mode ref, Ref Stage 21, run, start, 9848925315766618
1787729859.477731, NoOp Chain Depth 64 Size 0 Mode ref, Ref Stage 21, run, end, 9848925315790154
1787729859.477750, NoOp Chain Depth 64 Size 0 Mode ref, Ref Stage 22, run, start, 9848925315808746
1787729859.477773, NoOp Chain Depth 64 Size 0 Mode ref, Ref Stage 22, run, end, 9848925315832282
1787729859.477790, NoOp Chain Depth 64 Size 0 Mode ref, Ref Stage 23, run, start, 9848925315848986
1787729859.477813, NoOp Chain Depth 64 Size 0 Mode ref, Ref Stage 23, run, end, 9848925315872490
1787729859.477830, NoOp Chain Depth 64 Size 0 Mode ref, Ref Stage 24, run, start, 9848925315889434
1787729859.477855, NoOp Chain Depth 64 Size 0 Mode ref, Ref Stage 24, run, end, 9848925315914666
1787729859.477874, NoOp Chain Depth 64 Size 0 Mode ref, Ref Stage 25, run, start, 9848925315932970
1787729859.477899, NoOp Chain Depth 64 Size 0 Mode ref, Ref Stage 25, run, end, 9848925315958282
1787729859.478047, NoOp Chain Depth 64 Size 0 Mode ref, Ref Stage 26, run, start, 9848925316106410
1787729859.478070, NoOp Chain Depth 64 Size 0 Mode ref, Ref Stage 26, run, end, 9848925316129642
1787729859.478085, NoOp Chain Depth 64 Size 0 Mode ref, Ref Stage 27, run, start, 9848925316144458
1787729859.478107, NoOp Chain Depth 64 Size 0 Mode ref, Ref Stage 27, run, end, 9848925316165898
1787729859.478122, NoOp Chain Depth 64 Size 0 Mode ref, Ref Stage 28, run, start, 9848925316180922
1787729859.478143, NoOp Chain Depth 64 Size 0 Mode ref, Ref Stage 28, run, end, 9848925316202250
1787729859.478158, NoOp Chain Depth 64 Size 0 Mode ref, Ref Stage 29, run, start, 9848925316217242
1787729859.478179, NoOp Chain Depth 64 Size 0 Mode ref, Ref Stage 29, run, end, 9848925316238026
1787729859.478194, NoOp Chain Depth 64 Size 0 Mode ref, Ref Stage 30, run, start, 9848925316253130
1787729859.478216, NoOp Chain Depth 64 Size 0 Mode ref, Ref Stage 30, run, end, 9848925316275082
1787729859.478231, NoOp Chain Depth 64 Size 0 Mode ref, Ref Stage 31, run, start, 9848925316290218
1787729859.478253, NoOp Chain Depth 64 Size 0 Mode ref, Ref Stage 31, run, end, 9848925316311738
1787729859.478268, NoOp Chain Depth 64 Size 0 Mode ref, Ref Stage 32, run, start, 9848925316326842
1787729859.478289, NoOp Chain Depth 64 Size 0 Mode ref, Ref Stage 32, run, end, 9848925316347962
1787729859.478305, NoOp Chain Depth 64 Size 0 Mode ref, Ref Stage 33, run, start, 9848925316364442
1787729859.478330, NoOp Chain Depth 64 Size 0 Mode ref, Ref Stage 33, run, end, 9848925316389466
1787729859.478345, NoOp Chain Depth 64 Size 0 Mode ref, Ref Stage 34, run, start, 9848925316404537
1787729859.478366, NoOp Chain Depth 64 Size 0 Mode ref, Ref Stage 34, run, end, 9848925316425401
1787729859.478381, NoOp Chain Depth 64 Size 0 Mode ref, Ref Stage 35, run, start, 9848925316440313
1787729859.478404, NoOp Chain Depth 64 Size 0 Mode ref, Ref Stage 35, run, end, 9848925316463033
1787729859.478419, NoOp Chain Depth 64 Size 0 Mode ref, Ref Stage 36, run, start, 9848925316477929
1787729859.478440, NoOp Chain Depth 64 Size 0 Mode ref, Ref Stage 36, run, end, 9848925316499337
1787729859.478455, NoOp Chain Depth 64 Size 0 Mode ref, Ref Stage 37, run, start, 9848925316514297
1787729859.478476, NoOp Chain Depth 64 Size 0 Mode ref, Ref Stage 37, run, end, 9848925316535593
1787729859.478491, NoOp Chain Depth 64 Size 0 Mode ref, Ref Stage 38, run, start, 9848925316550633
1787729859.478513, NoOp Chain Depth 64 Size 0 Mode ref, Ref Stage 38, run, end, 9848925316572057
1787729859.478528, NoOp Chain Depth 64 Size 0 Mode ref, Ref Stage 39, run, start, 9848925316587113
1787729859.478549, NoOp Chain Depth 64 Size 0 Mode ref, Ref Stage 39, run, end, 9848925316608313
1787729859.478564, NoOp Chain Depth 64 Size 0 Mode ref, Ref Stage 40, run, start, 9848925316623017
1787729859.478585, NoOp Chain Depth 64 Size 0 Mode ref, Ref Stage 40, run, end, 9848925316644313
1787729859.478601, NoOp Chain Depth 64 Size 0 Mode ref, Ref Stage 41, run, start, 9848925316660505
1787729859.478623, NoOp Chain Depth 64 Size 0 Mode ref, Ref Stage 41, run, end, 9848925316682681
1787729859.478640, NoOp Chain Depth 64 Size 0 Mode ref, Ref Stage 42, run, start, 9848925316699097
1787729859.478661, NoOp Chain Depth 64 Size 0 Mode ref, Ref Stage 42, run, end, 9848925316720569
1787729859.478676, NoOp Chain Depth 64 Size 0 Mode ref, Ref Stage 43, run, start, 9848925316735353
1787729859.478698, NoOp Chain Depth 64 Size 0 Mode ref, Ref Stage 43, run, end, 9848925316759225
1787729859.478715, NoOp Chain Depth 64 Size 0 Mode ref, Ref Stage 44, run, start, 9848925316774121
1787729859.478737, NoOp Chain Depth 64 Size 0 Mode ref, Ref Stage 44, run, end, 9848925316796393
1787729859.478752, NoOp Chain Depth 64 Size 0 Mode ref, Ref Stage 45, run, start, 9848925316811273
1787729859.478773, NoOp Chain Depth 64 Size 0 Mode ref, Ref Stage 45, run, end, 9848925316832537
1787729859.478788, NoOp Chain Depth 64 Size 0 Mode ref, Ref Stage 46, run, start, 9848925316847385
1787729859.478812, NoOp Chain Depth 64 Size 0 Mode ref, Ref Stage 46, run, end, 9848925316870857
1787729859.478827, NoOp Chain Depth 64 Size 0 Mode ref, Ref Stage 47, run, start, 9848925316885961
1787729859.478848, NoOp Chain Depth 64 Size 0 Mode ref, Ref Stage 47, run, end, 9848925316907369
1787729859.478863, NoOp Chain Depth 64 Size 0 Mode ref, Ref Stage 48, run, start, 9848925316922249
1787729859.478884, NoOp Chain Depth 64 Size 0 Mode ref, Ref Stage 48, run, end, 9848925316943305
1787729859.478899, NoOp Chain Depth 64 Size 0 Mode ref, Ref Stage 49, run, start, 9848925316958297
1787729859.478920, NoOp Chain Depth 64 Size 0 Mode ref, Ref Stage 49, run, end, 9848925316979481
1787729859.478935, NoOp Chain Depth 64 Size 0 Mode ref, Ref Stage 50, run, start, 9848925316994233
1787729859.478958, NoOp Chain Depth 64 Size 0 Mode ref, Ref Stage 50, run, end, 9848925317017177
1787729859.478973, NoOp Chain Depth 64 Size 0 Mode ref, Ref Stage 51, run, start, 9848925317032889
1787729859.478996, NoOp Chain Depth 64 Size 0 Mode ref, Ref Stage 51, run, end, 9848925317055065
1787729859.479011, NoOp Chain Depth 64 Size 0 Mode ref, Ref Stage 52, run, start, 9848925317069929
1787729859.479032, NoOp Chain Depth 64 Size 0 Mode ref, Ref Stage 52, run, end, 9848925317090985
1787729859.479047, NoOp Chain Depth 64 Size 0 Mode ref, Ref Stage 53, run, start, 9848925317105849
1787729859.479069, NoOp Chain Depth 64 Size 0 Mode ref, Ref Stage 53, run, end, 9848925317128041
1787729859.479085, NoOp Chain Depth 64 Size 0 Mode ref, Ref Stage 54, run, start, 9848925317144569
1787729859.479107, NoOp Chain Depth 64 Size 0 Mode ref, Ref Stage 54, run, end, 9848925317165737
1787729859.479121, NoOp Chain Depth 64 Size 0 Mode ref, Ref Stage 55, run, start, 9848925317180809
1787729859.479143, NoOp Chain Depth 64 Size 0 Mode ref, Ref Stage 55, run, end, 9848925317201897
1787729859.479158, NoOp Chain Depth 64 Size 0 Mode ref, Ref Stage 56, run, start, 9848925317217081
1787729859.479181, NoOp Chain Depth 64 Size 0 Mode ref, Ref Stage 56, run, end, 9848925317239737
1787729859.479195, NoOp Chain Depth 64 Size 0 Mode ref, Ref Stage 57, run, start, 9848925317254745
1787729859.479217, NoOp Chain Depth 64 Size 0 Mode ref, Ref Stage 57, run, end, 9848925317276329
1787729859.479233, NoOp Chain Depth 64 Size 0 Mode ref, Ref Stage 58, run, start, 9848925317292345
1787729859.479256, NoOp Chain Depth 64 Size 0 Mode ref, Ref Stage 58, run, end, 9848925317315129
1787729859.479271, NoOp Chain Depth 64 Size 0 Mode ref, Ref Stage 59, run, start, 9848925317330137
1787729859.479293, NoOp Chain Depth 64 Size 0 Mode ref, Ref Stage 59, run, end, 9848925317352825
1787729859.479309, NoOp Chain Depth 64 Size 0 Mode ref, Ref Stage 60, run, start, 9848925317367929
1787729859.479331, NoOp Chain Depth 64 Size 0 Mode ref, Ref Stage 60, run, end, 9848925317390409
1787729859.479346, NoOp Chain Depth 64 Size 0 Mode ref, Ref Stage 61, run, start, 9848925317405545
1787729859.479367, NoOp Chain Depth 64 Size 0 Mode ref, Ref Stage 61, run, end, 9848925317426569
1787729859.479382, NoOp Chain Depth 64 Size 0 Mode ref, Ref Stage 62, run, start, 9848925317441449
1787729859.479489, NoOp Chain Depth 64 Size 0 Mode ref, Ref Stage 62, run, end, 9848925317548361
1787729859.479506, NoOp Chain Depth 64 Size 0 Mode ref, Ref Stage 63, run, start, 9848925317566089
1787729859.479529, NoOp Chain Depth 64 Size 0 Mode ref, Ref Stage 63, run, end, 9848925317587977
1787729859.479544, NoOp Chain Depth 64 Size 0 Mode ref, pipeline - train, run, end, 293340255650591799202137366572742027598, 1787729859.476574, 25, 1, 9848925317603225
1787729859.479580, NoOp Chain Depth 64 Size 0 Mode ref, pipeline - train, run, start, 324386925027108040565548351947557924507, 1787729859.479570, 26, 1, 9848925317639769
1787729859.479604, NoOp Chain Depth 64 Size 0 Mode ref, Ref Stage 0, run, start, 9848925317662985
1787729859.479626, NoOp Chain Depth 64 Size 0 Mode ref, Ref Stage 0, run, end, 9848925317684985
1787729859.479641, NoOp Chain Depth 64 Size 0 Mode ref, Ref Stage 1, run, start, 9848925317700297
1787729859.479665, NoOp Chain Depth 64 Size 0 Mode ref, Ref Stage 1, run, end, 9848925317723817
1787729859.479678, NoOp Chain Depth 64 Size 0 Mode ref, Ref Stage 2, run, start, 9848925317736985
1787729859.479711, NoOp Chain Depth 64 Size 0 Mode ref, Ref Stage 2, run, end, 9848925317769865
1787729859.479727, NoOp Chain Depth 64 Size 0 Mode ref, Ref Stage 3, run, start, 9848925317785865
1787729859.479748, NoOp Chain Depth 64 Size 0 Mode ref, Ref Stage 3, run, end, 9848925317807273
1787729859.479763, NoOp Chain Depth 64 Size 0 Mode ref, Ref Stage 4, run, start, 9848925317822249
1787729859.479784, NoOp Chain Depth 64 Size 0 Mode ref, Ref Stage 4, run, end, 9848925317843481
1787729859.479799, NoOp Chain Depth 64 Size 0 Mode ref, Ref Stage 5, run, start, 9848925317858281
1787729859.479822, NoOp Chain Depth 64 Size 0 Mode ref, Ref Stage 5, run, end, 9848925317881049
1787729859.479836, NoOp Chain Depth 64 Size 0 Mode ref, Ref Stage 6, run, start, 9848925317895881
1787729859.479858, NoOp Chain Depth 64 Size 0 Mode ref, Ref Stage 6, run, end, 9848925317917481
1787729859.479875, NoOp Chain Depth 64 Size 0 Mode ref, Ref Stage 7, run, start, 9848925317934457
1787729859.479897, NoOp Chain Depth 64 Size 0 Mode ref, Ref Stage 7, run, end, 9848925317957017
1787729859.479913, NoOp Chain Depth 64 Size 0 Mode ref, Ref Stage 8, run, start, 9848925317972169
1787729859.479934, NoOp Chain Depth 64 Size 0 Mode ref, Ref Stage 8, run, end, 9848925317993417
1787729859.479955, NoOp Chain Depth 64 Size 0 Mode ref, Ref Stage 9, run, start, 9848925318014521
1787729859.479980, NoOp Chain Depth 64 Size 0 Mode ref, Ref Stage 9, run, end, 9848925318039337
1787729859.479998, NoOp Chain Depth 64 Size 0 Mode ref, Ref Stage 10, run, start, 9848925318056985
1787729859.480024, NoOp Chain Depth 64 Size 0 Mode ref, Ref Stage 10, run, end, 9848925318083529
1787729859.480042, NoOp Chain Depth 64 Size 0 Mode ref, Ref Stage 11, run, start, 9848925318101049
1787729859.480066, NoOp Chain Depth 64 Size 0 Mode ref, Ref Stage 11, run, end, 9848925318125033
1787729859.480823, NoOp Chain Depth 64 Size 0 Mode ref, Ref Stage 12, run, start, 9848925318882008
1787729859.480847, NoOp Chain Depth 64 Size 0 Mode ref, Ref Stage 12, run, end, 9848925318906376
1787729859.480861, NoOp Chain Depth 64 Size 0 Mode ref, Ref Stage 13, run, start, 9848925318920232
1787729859.481022, NoOp Chain Depth 64 Size 0 Mode ref, Ref Stage 13, run, end, 9848925319081512
1787729859.481037, NoOp Chain Depth 64 Size 0 Mode ref, Ref Stage 14, run, start, 9848925319096728
1787729859.481059, NoOp Chain Depth 64 Size 0 Mode ref, Ref Stage 14, run, end, 9848925319118344
1787729859.481074, NoOp Chain Depth 64 Size 0 Mode ref, Ref Stage 15, run, start, 9848925319133528
1787729859.481096, NoOp Chain Depth 64 Size 0 Mode ref, Ref Stage 15, run, end, 9848925319155240
1787729859.481111, NoOp Chain Depth 64 Size 0 Mode ref, Ref Stage 16, run, start, 9848925319170504
1787729859.481133, NoOp Chain Depth 64 Size 0 Mode ref, Ref Stage 16, run, end, 9848925319192664
1787729859.481148, NoOp Chain Depth 64 Size 0 Mode ref, Ref Stage 17, run, start, 9848925319207608
1787729859.481170, NoOp Chain Depth 64 Size 0 Mode ref, Ref Stage 17, run, end, 9848925319229560
1787729859.481185, NoOp Chain Depth 64 Size 0 Mode ref, Ref Stage 18, run, start, 9848925319244776
1787729859.481207, NoOp Chain Depth 64 Size 0 Mode ref, Ref Stage 18, run, end, 9848925319266424
1787729859.481222, NoOp Chain Depth 64 Size 0 Mode ref, Ref Stage 19, run, start, 9848925319281352
1787729859.481244, NoOp Chain Depth 64 Size 0 Mode ref, Ref Stage 19, run, end, 9848925319302856
1787729859.481258, NoOp Chain Depth 64 Size 0 Mode ref, Ref Stage 20, run, start, 9848925319317800
1787729859.481281, NoOp Chain Depth 64 Size 0 Mode ref, Ref Stage 20, run, end, 9848925319339752
1787729859.481296, NoOp Chain Depth 64 Size 0 Mode ref, Ref Stage 21, run, start, 9848925319354792
1787729859.481317, NoOp Chain Depth 64 Size 0 Mode ref, Ref Stage 21, run, end, 9848925319376024
1787729859.481331, NoOp Chain Depth 64 Size 0 Mode ref, Ref Stage 22, run, start, 9848925319390696
1787729859.481353, NoOp Chain Depth 64 Size 0 Mode ref, Ref Stage 22, run, end, 9848925319412312
1787729859.481370, NoOp Chain Depth 64 Size 0 Mode ref, Ref Stage 23, run, start, 9848925319429640
1787729859.481394, NoOp Chain Depth 64 Size 0 Mode ref, Ref Stage 23, run, end, 9848925319453432
1787729859.481411, NoOp Chain Depth 64 Size 0 Mode ref, Ref Stage 24, run, start, 9848925319470488
1787729859.481435, NoOp Chain Depth 64 Size 0 Mode ref, Ref Stage 24, run, end, 9848925319494360
1787729859.481452, NoOp Chain Depth 64 Size 0 Mode ref, Ref Stage 25, run, start, 9848925319511288
1787729859.481476, NoOp Chain Depth 64 Size 0 Mode ref, Ref Stage 25, run, end, 9848925319535000
1787729859.481493, NoOp Chain Depth 64 Size 0 Mode ref, Ref Stage 26, run, start, 9848925319551960
1787729859.481517, NoOp Chain Depth 64 Size 0 Mode ref, Ref Stage 26, run, end, 9848925319575800
1787729859.481534, NoOp Chain Depth 64 Size 0 Mode ref, Ref Stage 27, run, start, 9848925319593256
1787729859.481558, NoOp Chain Depth 64 Size 0 Mode ref, Ref Stage 27, run, end, 9848925319616904
1787729859.481575, NoOp Chain Depth 64 Size 0 Mode ref, Ref Stage 28, run, start, 9848925319634536
1787729859.481599, NoOp Chain Depth 64 Size 0 Mode ref, Ref Stage 28, run, end, 9848925319658280
1787729859.481616, NoOp Chain Depth 64 Size 0 Mode ref, Ref Stage 29, run, start, 9848925319675336
1787729859.481640, NoOp Chain Depth 64 Size 0 Mode ref, Ref Stage 29, run, end, 9848925319698856
1787729859.481776, NoOp Chain Depth 64 Size 0 Mode ref, Ref Stage 30, run, start, 9848925319835752
1787729859.481810, NoOp Chain Depth 64 Size 0 Mode ref, Ref Stage 30, run, end, 9848925319869128
1787729859.481826, NoOp Chain Depth 64 Size 0 Mode ref, Ref Stage 31, run, start, 9848925319884792
1787729859.481847, NoOp Chain Depth 64 Size 0 Mode ref, Ref Stage 31, run, end, 9848925319905944
1787729859.481864, NoOp Chain Depth 64 Size 0 Mode ref, Ref Stage 32, run, start, 9848925319923016
1787729859.481888, NoOp Chain Depth 64 Size 0 Mode ref, Ref Stage 32, run, end, 9848925319947048
1787729859.481906, NoOp Chain Depth 64 Size 0 Mode ref, Ref Stage 33, run, start, 9848925319964968
1787729859.481930, NoOp Chain Depth 64 Size 0 Mode ref, Ref Stage 33, run, end, 9848925319988952
1787729859.481949, NoOp Chain Depth 64 Size 0 Mode ref, Ref Stage 34, run, start, 9848925320008200
1787729859.481974, NoOp Chain Depth 64 Size 0 Mode ref, Ref Stage 34, run, end, 9848925320032936
1787729859.481991, NoOp Chain Depth 64 Size 0 Mode ref, Ref Stage 35, run, start, 9848925320049912
1787729859.482014, NoOp Chain Depth 64 Size 0 Mode ref, Ref Stage 35, run, end, 9848925320073432
1787729859.482031, NoOp Chain Depth 64 Size 0 Mode ref, Ref Stage 36, run, start, 9848925320090536
1787729859.482055, NoOp Chain Depth 64 Size 0 Mode ref, Ref Stage 36, run, end, 9848925320114152
1787729859.482072, NoOp Chain Depth 64 Size 0 Mode ref, Ref Stage 37, run, start, 9848925320131432
1787729859.482096, NoOp Chain Depth 64 Size 0 Mode ref, Ref Stage 37, run, end, 9848925320154936
1787729859.482112, NoOp Chain Depth 64 Size 0 Mode ref, Ref Stage 38, run, start, 9848925320172008
1787729859.482137, NoOp Chain Depth 64 Size 0 Mode ref, Ref Stage 38, run, end, 9848925320196087
1787729859.482154, NoOp Chain Depth 64 Size 0 Mode ref, Ref Stage 39, run, start, 9848925320213143
1787729859.482177, NoOp Chain Depth 64 Size 0 Mode ref, Ref Stage 39, run, end, 9848925320236551
1787729859.482194, NoOp Chain Depth 64 Size 0 Mode ref, Ref Stage 40, run, start, 9848925320253335
1787729859.482218, NoOp Chain Depth 64 Size 0 Mode ref, Ref Stage 40, run, end, 9848925320276775
1787729859.482234, NoOp Chain Depth 64 Size 0 Mode ref, Ref Stage 41, run, start, 9848925320293655
1787729859.482258, NoOp Chain Depth 64 Size 0 Mode ref, Ref Stage 41, run, end, 9848925320317127
1787729859.482275, NoOp Chain Depth 64 Size 0 Mode ref, Ref Stage 42, run, start, 9848925320333943
1787729859.482298, NoOp Chain Depth 64 Size 0 Mode ref, Ref Stage 42, run, end, 9848925320357479
1787729859.482315, NoOp Chain Depth 64 Size 0 Mode ref, Ref Stage 43, run, start, 9848925320374279
1787729859.482339, NoOp Chain Depth 64 Size 0 Mode ref, Ref Stage 43, run, end, 9848925320397895
1787729859.482355, NoOp Chain Depth 64 Size 0 Mode ref, Ref Stage 44, run, start, 9848925320414711
1787729859.482379, NoOp Chain Depth 64 Size 0 Mode ref, Ref Stage 44, run, end, 9848925320438519
1787729859.482396, NoOp Chain Depth 64 Size 0 Mode ref, Ref Stage 45, run, start, 9848925320455367
1787729859.482419, NoOp Chain Depth 64 Size 0 Mode ref, Ref Stage 45, run, end, 9848925320478711
1787729859.482671, NoOp Chain Depth 64 Size 0 Mode ref, Ref Stage 46, run, start, 9848925320730711
1787729859.482705, NoOp Chain Depth 64 Size 0 Mode ref, Ref Stage 46, run, end, 9848925320764391
1787729859.482721, NoOp Chain Depth 64 Size 0 Mode ref, Ref Stage 47, run, start, 9848925320780455
1787729859.482743, NoOp Chain Depth 64 Size 0 Mode ref, Ref Stage 47, run, end, 9848925320802551
1787729859.482758, NoOp Chain Depth 64 Size 0 Mode ref, Ref Stage 48, run, start, 9848925320817415
1787729859.482780, NoOp Chain Depth 64 Size 0 Mode ref, Ref Stage 48, run, end, 9848925320838871
1787729859.482794, NoOp Chain Depth 64 Size 0 Mode ref, Ref Stage 49, run, start, 9848925320853623
1787729859.482816, NoOp Chain Depth 64 Size 0 Mode ref, Ref Stage 49, run, end, 9848925320875159
1787729859.482831, NoOp Chain Depth 64 Size 0 Mode ref, Ref Stage 50, run, start, 9848925320890023
1787729859.482852, NoOp Chain Depth 64 Size 0 Mode ref, Ref Stage 50, run, end, 9848925320911255
1787729859.482868, NoOp Chain Depth 64 Size 0 Mode ref, Ref Stage 51, run, start, 9848925320927895
1787729859.482890, NoOp Chain Depth 64 Size 0 Mode ref, Ref Stage 51, run, end, 9848925320949351
1787729859.482907, NoOp Chain Depth 64 Size 0 Mode ref, Ref Stage 52, run, start, 9848925320966311
1787729859.482931, NoOp Chain Depth 64 Size 0 Mode ref, Ref Stage 52, run, end, 9848925320990007
1787729859.482949, NoOp Chain Depth 64 Size 0 Mode ref, Ref Stage 53, run, start, 9848925321008711
1787729859.482973, NoOp Chain Depth 64 Size 0 Mode ref, Ref Stage 53, run, end, 9848925321032711
1787729859.482991, NoOp Chain Depth 64 Size 0 Mode ref, Ref Stage 54, run, start, 9848925321049879
1787729859.483014, NoOp Chain Depth 64 Size 0 Mode ref, Ref Stage 54, run, end, 9848925321073511
1787729859.483031, NoOp Chain Depth 64 Size 0 Mode ref, Ref Stage 55, run, start, 9848925321090615
1787729859.483055, NoOp Chain Depth 64 Size 0 Mode ref, Ref Stage 55, run, end, 9848925321114583
1787729859.483200, NoOp Chain Depth 64 Size 0 Mode ref, Ref Stage 56, run, start, 9848925321259655
1787729859.483222, NoOp Chain Depth 64 Size 0 Mode ref, Ref Stage 56, run, end, 9848925321281815
1787729859.483238, NoOp Chain Depth 64 Size 0 Mode ref, Ref Stage 57, run, start, 9848925321297047
1787729859.483260, NoOp Chain Depth 64 Size 0 Mode ref, Ref Stage 57, run, end, 9848925321318791
1787729859.483274, NoOp Chain Depth 64 Size 0 Mode ref, Ref Stage 58, run, start, 9848925321333767
1787729859.483296, NoOp Chain Depth 64 Size 0 Mode ref, Ref Stage 58, run, end, 9848925321355143
1787729859.483311, NoOp Chain Depth 64 Size 0 Mode ref, Ref Stage 59, run, start, 9848925321370183
1787729859.483333, NoOp Chain Depth 64 Size 0 Mode ref, Ref Stage 59, run, end, 9848925321391879
1787729859.483348, NoOp Chain Depth 64 Size 0 Mode ref, Ref Stage 60, run, start, 9848925321407079
1787729859.483370, NoOp Chain Depth 64 Size 0 Mode ref, Ref Stage 60, run, end, 9848925321428839
1787729859.483385, NoOp Chain Depth 64 Size 0 Mode ref, Ref Stage 61, run, start, 9848925321444199
1787729859.483407, NoOp Chain Depth 64 Size 0 Mode ref, Ref Stage 61, run, end, 9848925321466007
1787729859.483422, NoOp Chain Depth 64 Size 0 Mode ref, Ref Stage 62, run, start, 9848925321481367
1787729859.483448, NoOp Chain Depth 64 Size 0 Mode ref, Ref Stage 62, run, end, 9848925321507799
1787729859.483466, NoOp Chain Depth 64 Size 0 Mode ref, Ref Stage 63, run, start, 9848925321525863
1787729859.483490, NoOp Chain Depth 64 Size 0 Mode ref, Ref Stage 63, run, end, 9848925321549191
1787729859.483632, NoOp Chain Depth 64 Size 0 Mode ref, pipeline - train, run, end, 324386925027108040565548351947557924507, 1787729859.479570, 26, 1, 9848925321691095
1787729859.483666, NoOp Chain Depth 64 Size 0 Mode ref, pipeline - train, run, start, 116070748553552821575905318004561660174, 1787729859.483656, 27, 1, 9848925321725991
1787729859.483690, NoOp Chain Depth 64 Size 0 Mode ref, Ref Stage 0, run, start, 9848925321748791
1787729859.483711, NoOp Chain Depth 64 Size 0 Mode ref, Ref Stage 0, run, end, 9848925321770839
1787729859.483727, NoOp Chain Depth 64 Size 0 Mode ref, Ref Stage 1, run, start, 9848925321786247
1787729859.483749, NoOp Chain Depth 64 Size 0 Mode ref, Ref Stage 1, run, end, 9848925321807799
1787729859.483763, NoOp Chain Depth 64 Size 0 Mode ref, Ref Stage 2, run, start, 9848925321822855
1787729859.483785, NoOp Chain Depth 64 Size 0 Mode ref, Ref Stage 2, run, end, 9848925321844167
1787729859.483800, NoOp Chain Depth 64 Size 0 Mode ref, Ref Stage 3, run, start, 9848925321859463
1787729859.483822, NoOp Chain Depth 64 Size 0 Mode ref, Ref Stage 3, run, end, 9848925321881303
1787729859.483837, NoOp Chain Depth 64 Size 0 Mode ref, Ref Stage 4, run, start, 9848925321896199
1787729859.483859, NoOp Chain Depth 64 Size 0 Mode ref, Ref Stage 4, run, end, 9848925321917943
1787729859.483876, NoOp Chain Depth 64 Size 0 Mode ref, Ref Stage 5, run, start, 9848925321935047
1787729859.483900, NoOp Chain Depth 64 Size 0 Mode ref, Ref Stage 5, run, end, 9848925321958919
1787729859.484492, NoOp Chain Depth 64 Size 0 Mode ref, Ref Stage 6, run, start, 9848925322554710
1787729859.484538, NoOp Chain Depth 64 Size 0 Mode ref, Ref Stage 6, run, end, 9848925322598294
1787729859.484559, NoOp Chain Depth 64 Size 0 Mode ref, Ref Stage 7, run, start, 9848925322618486
1787729859.484584, NoOp Chain Depth 64 Size 0 Mode ref, Ref Stage 7, run, end, 9848925322643862
1787729859.484601, NoOp Chain Depth 64 Size 0 Mode ref, Ref Stage 8, run, start, 9848925322660566
1787729859.484624, NoOp Chain Depth 64 Size 0 Mode ref, Ref Stage 8, run, end, 9848925322683830
1787729859.484640, NoOp Chain Depth 64 Size 0 Mode ref, Ref Stage 9, run, start, 9848925322699526
1787729859.484665, NoOp Chain Depth 64 Size 0 Mode ref, Ref Stage 9, run, end, 9848925322724118
1787729859.484679, NoOp Chain Depth 64 Size 0 Mode ref, Ref Stage 10, run, start, 9848925322737750
1787729859.484868, NoOp Chain Depth 64 Size 0 Mode ref, Ref Stage 10, run, end, 9848925322927574
1787729859.484884, NoOp Chain Depth 64 Size 0 Mode ref, Ref Stage 11, run, start, 9848925322943382
1787729859.484906, NoOp Chain Depth 64 Size 0 Mode ref, Ref Stage 11, run, end, 9848925322965734
1787729859.484922, NoOp Chain Depth 64 Size 0 Mode ref, Ref Stage 12, run, start, 9848925322981270
1787729859.484946, NoOp Chain Depth 64 Size 0 Mode ref, Ref Stage 12, run, end, 9848925323004870
1787729859.484962, NoOp Chain Depth 64 Size 0 Mode ref, Ref Stage 13, run, start, 9848925323021174
1787729859.484984, NoOp Chain Depth 64 Size 0 Mode ref, Ref Stage 13, run, end, 9848925323043270
1787729859.484999, NoOp Chain Depth 64 Size 0 Mode ref, Ref Stage 14, run, start, 9848925323058502
1787729859.485021, NoOp Chain Depth 64 Size 0 Mode ref, Ref Stage 14, run, end, 9848925323080550
1787729859.485037, NoOp Chain Depth 64 Size 0 Mode ref, Ref Stage 15, run, start, 9848925323095798
1787729859.485059, NoOp Chain Depth 64 Size 0 Mode ref, Ref Stage 15, run, end, 9848925323117894
1787729859.485074, NoOp Chain Depth 64 Size 0 Mode ref, Ref Stage 16, run, start, 9848925323133030
1787729859.485096, NoOp Chain Depth 64 Size 0 Mode ref, Ref Stage 16, run, end, 9848925323154870
1787729859.485111, NoOp Chain Depth 64 Size 0 Mode ref, Ref Stage 17, run, start, 9848925323170150
1787729859.485133, NoOp Chain Depth 64 Size 0 Mode ref, Ref Stage 17, run, end, 9848925323191990
1787729859.485148, NoOp Chain Depth 64 Size 0 Mode ref, Ref Stage 18, run, start, 9848925323207318
1787729859.485170, NoOp Chain Depth 64 Size 0 Mode ref, Ref Stage 18, run, end, 9848925323229350
1787729859.485186, NoOp Chain Depth 64 Size 0 Mode ref, Ref Stage 19, run, start, 9848925323244822
1787729859.485208, NoOp Chain Depth 64 Size 0 Mode ref, Ref Stage 19, run, end, 9848925323267382
1787729859.485223, NoOp Chain Depth 64 Size 0 Mode ref, Ref Stage 20, run, start, 9848925323282518
1787729859.485357, NoOp Chain Depth 64 Size 0 Mode ref, Ref Stage 20, run, end, 9848925323416486
1787729859.485373, NoOp Chain Depth 64 Size 0 Mode ref, Ref Stage 21, run, start, 9848925323432134
1787729859.485395, NoOp Chain Depth 64 Size 0 Mode ref, Ref Stage 21, run, end, 9848925323453814
1787729859.485409, NoOp Chain Depth 64 Size 0 Mode ref, Ref Stage 22, run, start, 9848925323469030
1787729859.485432, NoOp Chain Depth 64 Size 0 Mode ref, Ref Stage 22, run, end, 9848925323491046
1787729859.485447, NoOp Chain Depth 64 Size 0 Mode ref, Ref Stage 23, run, start, 9848925323506358
1787729859.485469, NoOp Chain Depth 64 Size 0 Mode ref, Ref Stage 23, run, end, 9848925323528310
1787729859.485484, NoOp Chain Depth 64 Size 0 Mode ref, Ref Stage 24, run, start, 9848925323543462
1787729859.485506, NoOp Chain Depth 64 Size 0 Mode ref, Ref Stage 24, run, end, 9848925323565542
1787729859.485628, NoOp Chain Depth 64 Size 0 Mode ref, Ref Stage 25, run, start, 9848925323687094
1787729859.485651, NoOp Chain Depth 64 Size 0 Mode ref, Ref Stage 25, run, end, 9848925323709958
1787729859.485667, NoOp Chain Depth 64 Size 0 Mode ref, Ref Stage 26, run, start, 9848925323725894
1787729859.485689, NoOp Chain Depth 64 Size 0 Mode ref, Ref Stage 26, run, end, 9848925323747926
1787729859.485707, NoOp Chain Depth 64 Size 0 Mode ref, Ref Stage 27, run, start, 9848925323765894
1787729859.485728, NoOp Chain Depth 64 Size 0 Mode ref, Ref Stage 27, run, end, 9848925323787638
1787729859.485743, NoOp Chain Depth 64 Size 0 Mode ref, Ref Stage 28, run, start, 9848925323802742
1787729859.485767, NoOp Chain Depth 64 Size 0 Mode ref, Ref Stage 28, run, end, 9848925323826822
1787729859.485780, NoOp Chain Depth 64 Size 0 Mode ref, Ref Stage 29, run, start, 9848925323839414
1787729859.485814, NoOp Chain Depth 64 Size 0 Mode ref, Ref Stage 29, run, end, 9848925323872982
1787729859.485830, NoOp Chain Depth 64 Size 0 Mode ref, Ref Stage 30, run, start, 9848925323889190
1787729859.485852, NoOp Chain Depth 64 Size 0 Mode ref, Ref Stage 30, run, end, 9848925323911046
1787729859.485867, NoOp Chain Depth 64 Size 0 Mode ref, Ref Stage 31, run, start, 9848925323926358
1787729859.485889, NoOp Chain Depth 64 Size 0 Mode ref, Ref Stage 31, run, end, 9848925323948262
1787729859.485904, NoOp Chain Depth 64 Size 0 Mode ref, Ref Stage 32, run, start, 9848925323963590
1787729859.485929, NoOp Chain Depth 64 Size 0 Mode ref, Ref Stage 32, run, end, 9848925323987990
1787729859.485946, NoOp Chain Depth 64 Size 0 Mode ref, Ref Stage 33, run, start, 9848925324005670
1787729859.485970, NoOp Chain Depth 64 Size 0 Mode ref, Ref Stage 33, run, end, 9848925324029622
1787729859.485986, NoOp Chain Depth 64 Size 0 Mode ref, Ref Stage 34, run, start, 9848925324044870
1787729859.486008, NoOp Chain Depth 64 Size 0 Mode ref, Ref Stage 34, run, end, 9848925324067030
1787729859.486023, NoOp Chain Depth 64 Size 0 Mode ref, Ref Stage 35, run, start, 9848925324082118
1787729859.486045, NoOp Chain Depth 64 Size 0 Mode ref, Ref Stage 35, run, end, 9848925324104022
1787729859.486060, NoOp Chain Depth 64 Size 0 Mode ref, Ref Stage 36, run, start, 9848925324119301
1787729859.486082, NoOp Chain Depth 64 Size 0 Mode ref, Ref Stage 36, run, end, 9848925324141365
1787729859.486097, NoOp Chain Depth 64 Size 0 Mode ref, Ref Stage 37, run, start, 9848925324156357
1787729859.486119, NoOp Chain Depth 64 Size 0 Mode ref, Ref Stage 37, run, end, 9848925324178293
1787729859.486134, NoOp Chain Depth 64 Size 0 Mode ref, Ref Stage 38, run, start, 9848925324193381
1787729859.486158, NoOp Chain Depth 64 Size 0 Mode ref, Ref Stage 38, run, end, 9848925324217765
1787729859.486174, NoOp Chain Depth 64 Size 0 Mode ref, Ref Stage 39, run, start, 9848925324232885
1787729859.486196, NoOp Chain Depth 64 Size 0 Mode ref, Ref Stage 39, run, end, 9848925324255157
1787729859.486211, NoOp Chain Depth 64 Size 0 Mode ref, Ref Stage 40, run, start, 9848925324270149
1787729859.486233, NoOp Chain Depth 64 Size 0 Mode ref, Ref Stage 40, run, end, 9848925324291989
1787729859.486248, NoOp Chain Depth 64 Size 0 Mode ref, Ref Stage 41, run, start, 9848925324306853
1787729859.486276, NoOp Chain Depth 64 Size 0 Mode ref, Ref Stage 41, run, end, 9848925324334965
1787729859.486291, NoOp Chain Depth 64 Size 0 Mode ref, Ref Stage 42, run, start, 9848925324350405
1787729859.486313, NoOp Chain Depth 64 Size 0 Mode ref, Ref Stage 42, run, end, 9848925324372037
1787729859.486328, NoOp Chain Depth 64 Size 0 Mode ref, Ref Stage 43, run, start, 9848925324386869
1787729859.486352, NoOp Chain Depth 64 Size 0 Mode ref, Ref Stage 43, run, end, 9848925324410869
1787729859.486367, NoOp Chain Depth 64 Size 0 Mode ref, Ref Stage 44, run, start, 9848925324426133
1787729859.486391, NoOp Chain Depth 64 Size 0 Mode ref, Ref Stage 44, run, end, 9848925324450021
1787729859.486403, NoOp Chain Depth 64 Size 0 Mode ref, Ref Stage 45, run, start, 9848925324462501
1787729859.486436, NoOp Chain Depth 64 Size 0 Mode ref, Ref Stage 45, run, end, 9848925324495221
1787729859.486452, NoOp Chain Depth 64 Size 0 Mode ref, Ref Stage 46, run, start, 9848925324511333
1787729859.486474, NoOp Chain Depth 64 Size 0 Mode ref, Ref Stage 46, run, end, 9848925324533221
1787729859.486489, NoOp Chain Depth 64 Size 0 Mode ref, Ref Stage 47, run, start, 9848925324548341
1787729859.486511, NoOp Chain Depth 64 Size 0 Mode ref, Ref Stage 47, run, end, 9848925324570229
1787729859.486527, NoOp Chain Depth 64 Size 0 Mode ref, Ref Stage 48, run, start, 9848925324586789
1787729859.486549, NoOp Chain Depth 64 Size 0 Mode ref, Ref Stage 48, run, end, 9848925324608357
1787729859.486565, NoOp Chain Depth 64 Size 0 Mode ref, Ref Stage 49, run, start, 9848925324624405
1787729859.486587, NoOp Chain Depth 64 Size 0 Mode ref, Ref Stage 49, run, end, 9848925324645957
1787729859.486603, NoOp Chain Depth 64 Size 0 Mode ref, Ref Stage 50, run, start, 9848925324662165
1787729859.486625, NoOp Chain Depth 64 Size 0 Mode ref, Ref Stage 50, run, end, 9848925324684325
1787729859.486640, NoOp Chain Depth 64 Size 0 Mode ref, Ref Stage 51, run, start, 9848925324699525
1787729859.486662, NoOp Chain Depth 64 Size 0 Mode ref, Ref Stage 51, run, end, 9848925324721061
1787729859.486677, NoOp Chain Depth 64 Size 0 Mode ref, Ref Stage 52, run, start, 9848925324735941
1787729859.486698, NoOp Chain Depth 64 Size 0 Mode ref, Ref Stage 52, run, end, 9848925324757477
1787729859.486713, NoOp Chain Depth 64 Size 0 Mode ref, Ref Stage 53, run, start, 9848925324772229
1787729859.486735, NoOp Chain Depth 64 Size 0 Mode ref, Ref Stage 53, run, end, 9848925324794101
1787729859.486750, NoOp Chain Depth 64 Size 0 Mode ref, Ref Stage 54, run, start, 9848925324809285
1787729859.486774, NoOp Chain Depth 64 Size 0 Mode ref, Ref Stage 54, run, end, 9848925324833157
1787729859.486790, NoOp Chain Depth 64 Size 0 Mode ref, Ref Stage 55, run, start, 9848925324849685
1787729859.486813, NoOp Chain Depth 64 Size 0 Mode ref, Ref Stage 55, run, end, 9848925324872437
1787729859.486830, NoOp Chain Depth 64 Size 0 Mode ref, Ref Stage 56, run, start, 9848925324888821
1787729859.486851, NoOp Chain Depth 64 Size 0 Mode ref, Ref Stage 56, run, end, 9848925324910709
1787729859.486866, NoOp Chain Depth 64 Size 0 Mode ref, Ref Stage 57, run, start, 9848925324925925
1787729859.486889, NoOp Chain Depth 64 Size 0 Mode ref, Ref Stage 57, run, end, 9848925324947909
1787729859.486904, NoOp Chain Depth 64 Size 0 Mode ref, Ref Stage 58, run, start, 9848925324963317
1787729859.486926, NoOp Chain Depth 64 Size 0 Mode ref, Ref Stage 58, run, end, 9848925324984901
1787729859.486941, NoOp Chain Depth 64 Size 0 Mode ref, Ref Stage 59, run, start, 9848925325000021
1787729859.486966, NoOp Chain Depth 64 Size 0 Mode ref, Ref Stage 59, run, end, 9848925325025717
1787729859.486981, NoOp Chain Depth 64 Size 0 Mode ref, Ref Stage 60, run, start, 9848925325040853
1787729859.487005, NoOp Chain Depth 64 Size 0 Mode ref, Ref Stage 60, run, end, 9848925325063893
1787729859.487020, NoOp Chain Depth 64 Size 0 Mode ref, Ref Stage 61, run, start, 9848925325078885
1787729859.487043, NoOp Chain Depth 64 Size 0 Mode ref, Ref Stage 61, run, end, 9848925325102773
1787729859.487056, NoOp Chain Depth 64 Size 0 Mode ref, Ref Stage 62, run, start, 9848925325114949
1787729859.487088, NoOp Chain Depth 64 Size 0 Mode ref, Ref Stage 62, run, end, 9848925325147477
1787729859.487104, NoOp Chain Depth 64 Size 0 Mode ref, Ref Stage 63, run, start, 9848925325163733
1787729859.487127, NoOp Chain Depth 64 Size 0 Mode ref, Ref Stage 63, run, end, 9848925325186133
1787729859.487142, NoOp Chain Depth 64 Size 0 Mode ref, pipeline - train, run, end, 116070748553552821575905318004561660174, 1787729859.483656, 27, 1, 9848925325201829
1787729859.487184, NoOp Chain Depth 64 Size 0 Mode ref, pipeline - train, run, start, 44503157094884617992918697454428062914, 1787729859.487170, 28, 1, 9848925325243765
1787729859.487209, NoOp Chain Depth 64 Size 0 Mode ref, Ref Stage 0, run, start, 9848925325268453
1787729859.487233, NoOp Chain Depth 64 Size 0 Mode ref, Ref Stage 0, run, end, 9848925325292165
1787729859.487249, NoOp Chain Depth 64 Size 0 Mode ref, Ref Stage 1, run, start, 9848925325308805
1787729859.487272, NoOp Chain Depth 64 Size 0 Mode ref, Ref Stage 1, run, end, 9848925325330997
1787729859.487287, NoOp Chain Depth 64 Size 0 Mode ref, Ref Stage 2, run, start, 9848925325346485
1787729859.487309, NoOp Chain Depth 64 Size 0 Mode ref, Ref Stage 2, run, end, 9848925325368517
1787729859.487326, NoOp Chain Depth 64 Size 0 Mode ref, Ref Stage 3, run, start, 9848925325385237
1787729859.487348, NoOp Chain Depth 64 Size 0 Mode ref, Ref Stage 3, run, end, 9848925325407381
1787729859.487364, NoOp Chain Depth 64 Size 0 Mode ref, Ref Stage 4, run, start, 9848925325423269
1787729859.487389, NoOp Chain Depth 64 Size 0 Mode ref, Ref Stage 4, run, end, 9848925325448453
1787729859.487404, NoOp Chain Depth 64 Size 0 Mode ref, Ref Stage 5, run, start, 9848925325463653
1787729859.487426, NoOp Chain Depth 64 Size 0 Mode ref, Ref Stage 5, run, end, 9848925325485381
1787729859.487441, NoOp Chain Depth 64 Size 0 Mode ref, Ref Stage 6, run, start, 9848925325500501
1787729859.487463, NoOp Chain Depth 64 Size 0 Mode ref, Ref Stage 6, run, end, 9848925325522133
1787729859.487478, NoOp Chain Depth 64 Size 0 Mode ref, Ref Stage 7, run, start, 9848925325537429
1787729859.487500, NoOp Chain Depth 64 Size 0 Mode ref, Ref Stage 7, run, end, 9848925325559061
1787729859.487515, NoOp Chain Depth 64 Size 0 Mode ref, Ref Stage 8, run, start, 9848925325573957
1787729859.487536, NoOp Chain Depth 64 Size 0 Mode ref, Ref Stage 8, run, end, 9848925325595189
1787729859.487551, NoOp Chain Depth 64 Size 0 Mode ref, Ref Stage 9, run, start, 9848925325610053
1787729859.487572, NoOp Chain Depth 64 Size 0 Mode ref, Ref Stage 9, run, end, 9848925325631317
1787729859.487587, NoOp Chain Depth 64 Size 0 Mode ref, Ref Stage 10, run, start, 9848925325646757
1787729859.487609, NoOp Chain Depth 64 Size 0 Mode ref, Ref Stage 10, run, end, 9848925325668469
1787729859.487624, NoOp Chain Depth 64 Size 0 Mode ref, Ref Stage 11, run, start, 9848925325683589
1787729859.487646, NoOp Chain Depth 64 Size 0 Mode ref, Ref Stage 11, run, end, 9848925325705109
1787729859.487661, NoOp Chain Depth 64 Size 0 Mode ref, Ref Stage 12, run, start, 9848925325720021
1787729859.487683, NoOp Chain Depth 64 Size 0 Mode ref, Ref Stage 12, run, end, 9848925325742549
1787729859.487699, NoOp Chain Depth 64 Size 0 Mode ref, Ref Stage 13, run, start, 9848925325758645
1787729859.487722, NoOp Chain Depth 64 Size 0 Mode ref, Ref Stage 13, run, end, 9848925325781301
1787729859.487737, NoOp Chain Depth 64 Size 0 Mode ref, Ref Stage 14, run, start, 9848925325796197
1787729859.487758, NoOp Chain Depth 64 Size 0 Mode ref, Ref Stage 14, run, end, 9848925325817525
1787729859.487773, NoOp Chain Depth 64 Size 0 Mode ref, Ref Stage 15, run, start, 9848925325832517
1787729859.487796, NoOp Chain Depth 64 Size 0 Mode ref, Ref Stage 15, run, end, 9848925325855077
1787729859.487811, NoOp Chain Depth 64 Size 0 Mode ref, Ref Stage 16, run, start, 9848925325869989
1787729859.487832, NoOp Chain Depth 64 Size 0 Mode ref, Ref Stage 16, run, end, 9848925325891253
1787729859.487847, NoOp Chain Depth 64 Size 0 Mode ref, Ref Stage 17, run, start, 9848925325906005
1787729859.487868, NoOp Chain Depth 64 Size 0 Mode ref, Ref Stage 17, run, end, 9848925325927221
1787729859.487883, NoOp Chain Depth 64 Size 0 Mode ref, Ref Stage 18, run, start, 9848925325942277
1787729859.487906, NoOp Chain Depth 64 Size 0 Mode ref, Ref Stage 18, run, end, 9848925325965749
1787729859.487921, NoOp Chain Depth 64 Size 0 Mode ref, Ref Stage 19, run, start, 9848925325980533
1787729859.487943, NoOp Chain Depth 64 Size 0 Mode ref, Ref Stage 19, run, end, 9848925326003204
1787729859.487963, NoOp Chain Depth 64 Size 0 Mode ref, Ref Stage 20, run, start, 9848925326021956
1787729859.487988, NoOp Chain Depth 64 Size 0 Mode ref, Ref Stage 20, run, end, 9848925326047524
1787729859.488005, NoOp Chain Depth 64 Size 0 Mode ref, Ref Stage 21, run, start, 9848925326064692
1787729859.488030, NoOp Chain Depth 64 Size 0 Mode ref, Ref Stage 21, run, end, 9848925326089796
1787729859.488048, NoOp Chain Depth 64 Size 0 Mode ref, Ref Stage 22, run, start, 9848925326107172
1787729859.488072, NoOp Chain Depth 64 Size 0 Mode ref, Ref Stage 22, run, end, 9848925326131364
1787729859.488093, NoOp Chain Depth 64 Size 0 Mode ref, Ref Stage 23, run, start, 9848925326152692
1787729859.488119, NoOp Chain Depth 64 Size 0 Mode ref, Ref Stage 23, run, end, 9848925326178708
1787729859.489017, NoOp Chain Depth 64 Size 0 Mode ref, Ref Stage 24, run, start, 9848925327076820
1787729859.489043, NoOp Chain Depth 64 Size 0 Mode ref, Ref Stage 24, run, end, 9848925327102676
1787729859.489056, NoOp Chain Depth 64 Size 0 Mode ref, Ref Stage 25, run, start, 9848925327115252
1787729859.489089, NoOp Chain Depth 64 Size 0 Mode ref, Ref Stage 25, run, end, 9848925327148436
1787729859.489105, NoOp Chain Depth 64 Size 0 Mode ref, Ref Stage 26, run, start, 9848925327164628
1787729859.489127, NoOp Chain Depth 64 Size 0 Mode ref, Ref Stage 26, run, end, 9848925327186148
1787729859.489144, NoOp Chain Depth 64 Size 0 Mode ref, Ref Stage 27, run, start, 9848925327203380
1787729859.489170, NoOp Chain Depth 64 Size 0 Mode ref, Ref Stage 27, run, end, 9848925327229668
1787729859.489188, NoOp Chain Depth 64 Size 0 Mode ref, Ref Stage 28, run, start, 9848925327247636
1787729859.489213, NoOp Chain Depth 64 Size 0 Mode ref, Ref Stage 28, run, end, 9848925327272260
1787729859.489364, NoOp Chain Depth 64 Size 0 Mode ref, Ref Stage 29, run, start, 9848925327423316
1787729859.489387, NoOp Chain Depth 64 Size 0 Mode ref, Ref Stage 29, run, end, 9848925327445732
1787729859.489402, NoOp Chain Depth 64 Size 0 Mode ref, Ref Stage 30, run, start, 9848925327461092
1787729859.489424, NoOp Chain Depth 64 Size 0 Mode ref, Ref Stage 30, run, end, 9848925327482996
1787729859.489439, NoOp Chain Depth 64 Size 0 Mode ref, Ref Stage 31, run, start, 9848925327498068
1787729859.489461, NoOp Chain Depth 64 Size 0 Mode ref, Ref Stage 31, run, end, 9848925327520324
1787729859.489476, NoOp Chain Depth 64 Size 0 Mode ref, Ref Stage 32, run, start, 9848925327535588
1787729859.489498, NoOp Chain Depth 64 Size 0 Mode ref, Ref Stage 32, run, end, 9848925327557492
1787729859.489513, NoOp Chain Depth 64 Size 0 Mode ref, Ref Stage 33, run, start, 9848925327572836
1787729859.489536, NoOp Chain Depth 64 Size 0 Mode ref, Ref Stage 33, run, end, 9848925327594596
1787729859.489550, NoOp Chain Depth 64 Size 0 Mode ref, Ref Stage 34, run, start, 9848925327609652
1787729859.489572, NoOp Chain Depth 64 Size 0 Mode ref, Ref Stage 34, run, end, 9848925327631348
1787729859.489587, NoOp Chain Depth 64 Size 0 Mode ref, Ref Stage 35, run, start, 9848925327646276
1787729859.489609, NoOp Chain Depth 64 Size 0 Mode ref, Ref Stage 35, run, end, 9848925327667732
1787729859.489624, NoOp Chain Depth 64 Size 0 Mode ref, Ref Stage 36, run, start, 9848925327682804
1787729859.489645, NoOp Chain Depth 64 Size 0 Mode ref, Ref Stage 36, run, end, 9848925327704340
1787729859.489660, NoOp Chain Depth 64 Size 0 Mode ref, Ref Stage 37, run, start, 9848925327719492
1787729859.489683, NoOp Chain Depth 64 Size 0 Mode ref, Ref Stage 37, run, end, 9848925327742740
1787729859.489835, NoOp Chain Depth 64 Size 0 Mode ref, Ref Stage 38, run, start, 9848925327893891
1787729859.489857, NoOp Chain Depth 64 Size 0 Mode ref, Ref Stage 38, run, end, 9848925327916755
1787729859.489873, NoOp Chain Depth 64 Size 0 Mode ref, Ref Stage 39, run, start, 9848925327931859
1787729859.489894, NoOp Chain Depth 64 Size 0 Mode ref, Ref Stage 39, run, end, 9848925327953619
1787729859.489909, NoOp Chain Depth 64 Size 0 Mode ref, Ref Stage 40, run, start, 9848925327968467
1787729859.489931, NoOp Chain Depth 64 Size 0 Mode ref, Ref Stage 40, run, end, 9848925327990035
1787729859.489947, NoOp Chain Depth 64 Size 0 Mode ref, Ref Stage 41, run, start, 9848925328006883
1787729859.489970, NoOp Chain Depth 64 Size 0 Mode ref, Ref Stage 41, run, end, 9848925328029235
1787729859.489985, NoOp Chain Depth 64 Size 0 Mode ref, Ref Stage 42, run, start, 9848925328044179
1787729859.490006, NoOp Chain Depth 64 Size 0 Mode ref, Ref Stage 42, run, end, 9848925328065747
1787729859.490022, NoOp Chain Depth 64 Size 0 Mode ref, Ref Stage 43, run, start, 9848925328081427
1787729859.490046, NoOp Chain Depth 64 Size 0 Mode ref, Ref Stage 43, run, end, 9848925328104675
1787729859.490057, NoOp Chain Depth 64 Size 0 Mode ref, Ref Stage 44, run, start, 9848925328116963
1787729859.490089, NoOp Chain Depth 64 Size 0 Mode ref, Ref Stage 44, run, end, 9848925328148931
1787729859.490107, NoOp Chain Depth 64 Size 0 Mode ref, Ref Stage 45, run, start, 9848925328166499
1787729859.490132, NoOp Chain Depth 64 Size 0 Mode ref, Ref Stage 45, run, end, 9848925328191075
1787729859.490149, NoOp Chain Depth 64 Size 0 Mode ref, Ref Stage 46, run, start, 9848925328208451
1787729859.490173, NoOp Chain Depth 64 Size 0 Mode ref, Ref Stage 46, run, end, 9848925328232339
1787729859.490190, NoOp Chain Depth 64 Size 0 Mode ref, Ref Stage 47, run, start, 9848925328249731
1787729859.490214, NoOp Chain Depth 64 Size 0 Mode ref, Ref Stage 47, run, end, 9848925328273699
1787729859.490232, NoOp Chain Depth 64 Size 0 Mode ref, Ref Stage 48, run, start, 9848925328291027
1787729859.490256, NoOp Chain Depth 64 Size 0 Mode ref, Ref Stage 48, run, end, 9848925328314755
1787729859.490273, NoOp Chain Depth 64 Size 0 Mode ref, Ref Stage 49, run, start, 9848925328331859
1787729859.490296, NoOp Chain Depth 64 Size 0 Mode ref, Ref Stage 49, run, end, 9848925328355651
1787729859.490314, NoOp Chain Depth 64 Size 0 Mode ref, Ref Stage 50, run, start, 9848925328373059
1787729859.490338, NoOp Chain Depth 64 Size 0 Mode ref, Ref Stage 50, run, end, 9848925328397027
1787729859.490355, NoOp Chain Depth 64 Size 0 Mode ref, Ref Stage 51, run, start, 9848925328414307
1787729859.490379, NoOp Chain Depth 64 Size 0 Mode ref, Ref Stage 51, run, end, 9848925328438339
1787729859.490396, NoOp Chain Depth 64 Size 0 Mode ref, Ref Stage 52, run, start, 9848925328455379
1787729859.490421, NoOp Chain Depth 64 Size 0 Mode ref, Ref Stage 52, run, end, 9848925328480307
1787729859.490438, NoOp Chain Depth 64 Size 0 Mode ref, Ref Stage 53, run, start, 9848925328497651
1787729859.490462, NoOp Chain Depth 64 Size 0 Mode ref, Ref Stage 53, run, end, 9848925328521555
1787729859.490480, NoOp Chain Depth 64 Size 0 Mode ref, Ref Stage 54, run, start, 9848925328539075
1787729859.490503, NoOp Chain Depth 64 Size 0 Mode ref, Ref Stage 54, run, end, 9848925328562723
1787729859.490520, NoOp Chain Depth 64 Size 0 Mode ref, Ref Stage 55, run, start, 9848925328579843
1787729859.490544, NoOp Chain Depth 64 Size 0 Mode ref, Ref Stage 55, run, end, 9848925328603635
1787729859.490562, NoOp Chain Depth 64 Size 0 Mode ref, Ref Stage 56, run, start, 9848925328621027
1787729859.490586, NoOp Chain Depth 64 Size 0 Mode ref, Ref Stage 56, run, end, 9848925328644723
1787729859.490602, NoOp Chain Depth 64 Size 0 Mode ref, Ref Stage 57, run, start, 9848925328661651
1787729859.490626, NoOp Chain Depth 64 Size 0 Mode ref, Ref Stage 57, run, end, 9848925328685187
1787729859.490643, NoOp Chain Depth 64 Size 0 Mode ref, Ref Stage 58, run, start, 9848925328702067
1787729859.490666, NoOp Chain Depth 64 Size 0 Mode ref, Ref Stage 58, run, end, 9848925328725779
1787729859.490683, NoOp Chain Depth 64 Size 0 Mode ref, Ref Stage 59, run, start, 9848925328742883
1787729859.490707, NoOp Chain Depth 64 Size 0 Mode ref, Ref Stage 59, run, end, 9848925328766563
1787729859.490725, NoOp Chain Depth 64 Size 0 Mode ref, Ref Stage 60, run, start, 9848925328784035
1787729859.490751, NoOp Chain Depth 64 Size 0 Mode ref, Ref Stage 60, run, end, 9848925328809875
1787729859.490769, NoOp Chain Depth 64 Size 0 Mode ref, Ref Stage 61, run, start, 9848925328827859
1787729859.490793, NoOp Chain Depth 64 Size 0 Mode ref, Ref Stage 61, run, end, 9848925328851843
1787729859.491077, NoOp Chain Depth 64 Size 0 Mode ref, Ref Stage 62, run, start, 9848925329136435
1787729859.491100, NoOp Chain Depth 64 Size 0 Mode ref, Ref Stage 62, run, end, 9848925329159843
1787729859.491116, NoOp Chain Depth 64 Size 0 Mode ref, Ref Stage 63, run, start, 9848925329175459
1787729859.491138, NoOp Chain Depth 64 Size 0 Mode ref, Ref Stage 63, run, end, 9848925329196835
1787729859.491153, NoOp Chain Depth 64 Size 0 Mode ref, pipeline - train, run, end, 44503157094884617992918697454428062914, 1787729859.487170, 28, 1, 9848925329212467
1787729859.491190, NoOp Chain Depth 64 Size 0 Mode ref, pipeline - train, run, start, 302532938451156808365968237953927707523, 1787729859.491179, 29, 1, 9848925329249827
1787729859.491347, NoOp Chain Depth 64 Size 0 Mode ref, Ref Stage 0, run, start, 9848925329406227
1787729859.491370, NoOp Chain Depth 64 Size 0 Mode ref, Ref Stage 0, run, end, 9848925329429235
1787729859.491386, NoOp Chain Depth 64 Size 0 Mode ref, Ref Stage 1, run, start, 9848925329445187
1787729859.491408, NoOp Chain Depth 64 Size 0 Mode ref, Ref Stage 1, run, end, 9848925329467267
1787729859.491423, NoOp Chain Depth 64 Size 0 Mode ref, Ref Stage 2, run, start, 9848925329482499
1787729859.491445, NoOp Chain Depth 64 Size 0 Mode ref, Ref Stage 2, run, end, 9848925329504147
1787729859.491460, NoOp Chain Depth 64 Size 0 Mode ref, Ref Stage 3, run, start, 9848925329519427
1787729859.491482, NoOp Chain Depth 64 Size 0 Mode ref, Ref Stage 3, run, end, 9848925329541299
1787729859.491497, NoOp Chain Depth 64 Size 0 Mode ref, Ref Stage 4, run, start, 9848925329556403
1787729859.491519, NoOp Chain Depth 64 Size 0 Mode ref, Ref Stage 4, run, end, 9848925329578307
1787729859.491534, NoOp Chain Depth 64 Size 0 Mode ref, Ref Stage 5, run, start, 9848925329593555
1787729859.491556, NoOp Chain Depth 64 Size 0 Mode ref, Ref Stage 5, run, end, 9848925329615139
1787729859.491571, NoOp Chain Depth 64 Size 0 Mode ref, Ref Stage 6, run, start, 9848925329630067
1787729859.491593, NoOp Chain Depth 64 Size 0 Mode ref, Ref Stage 6, run, end, 9848925329651891
1787729859.491608, NoOp Chain Depth 64 Size 0 Mode ref, Ref Stage 7, run, start, 9848925329667235
1787729859.491630, NoOp Chain Depth 64 Size 0 Mode ref, Ref Stage 7, run, end, 9848925329688899
1787729859.491645, NoOp Chain Depth 64 Size 0 Mode ref, Ref Stage 8, run, start, 9848925329703779
1787729859.491666, NoOp Chain Depth 64 Size 0 Mode ref, Ref Stage 8, run, end, 9848925329725203
1787729859.491681, NoOp Chain Depth 64 Size 0 Mode ref, Ref Stage 9, run, start, 9848925329740403
1787729859.491703, NoOp Chain Depth 64 Size 0 Mode ref, Ref Stage 9, run, end, 9848925329761699
1787729859.491720, NoOp Chain Depth 64 Size 0 Mode ref, Ref Stage 10, run, start, 9848925329778899
1787729859.491744, NoOp Chain Depth 64 Size 0 Mode ref, Ref Stage 10, run, end, 9848925329803219
1787729859.491761, NoOp Chain Depth 64 Size 0 Mode ref, Ref Stage 11, run, start, 9848925329820371
1787729859.491785, NoOp Chain Depth 64 Size 0 Mode ref, Ref Stage 11, run, end, 9848925329844291
1787729859.491802, NoOp Chain Depth 64 Size 0 Mode ref, Ref Stage 12, run, start, 9848925329861203
1787729859.491826, NoOp Chain Depth 64 Size 0 Mode ref, Ref Stage 12, run, end, 9848925329884979
1787729859.491843, NoOp Chain Depth 64 Size 0 Mode ref, Ref Stage 13, run, start, 9848925329901907
1787729859.491866, NoOp Chain Depth 64 Size 0 Mode ref, Ref Stage 13, run, end, 9848925329925523
1787729859.491884, NoOp Chain Depth 64 Size 0 Mode ref, Ref Stage 14, run, start, 9848925329942866
1787729859.491907, NoOp Chain Depth 64 Size 0 Mode ref, Ref Stage 14, run, end, 9848925329966466
1787729859.491924, NoOp Chain Depth 64 Size 0 Mode ref, Ref Stage 15, run, start, 9848925329983362
1787729859.491950, NoOp Chain Depth 64 Size 0 Mode ref, Ref Stage 15, run, end, 9848925330009042
1787729859.491967, NoOp Chain Depth 64 Size 0 Mode ref, Ref Stage 16, run, start, 9848925330026898
1787729859.491991, NoOp Chain Depth 64 Size 0 Mode ref, Ref Stage 16, run, end, 9848925330050386
1787729859.492008, NoOp Chain Depth 64 Size 0 Mode ref, Ref Stage 17, run, start, 9848925330067362
1787729859.492032, NoOp Chain Depth 64 Size 0 Mode ref, Ref Stage 17, run, end, 9848925330091202
1787729859.492049, NoOp Chain Depth 64 Size 0 Mode ref, Ref Stage 18, run, start, 9848925330108226
1787729859.492072, NoOp Chain Depth 64 Size 0 Mode ref, Ref Stage 18, run, end, 9848925330131570
1787729859.492089, NoOp Chain Depth 64 Size 0 Mode ref, Ref Stage 19, run, start, 9848925330148642
1787729859.492113, NoOp Chain Depth 64 Size 0 Mode ref, Ref Stage 19, run, end, 9848925330172274
1787729859.492130, NoOp Chain Depth 64 Size 0 Mode ref, Ref Stage 20, run, start, 9848925330189346
1787729859.492156, NoOp Chain Depth 64 Size 0 Mode ref, Ref Stage 20, run, end, 9848925330214850
1787729859.492437, NoOp Chain Depth 64 Size 0 Mode ref, Ref Stage 21, run, start, 9848925330496850
1787729859.492460, NoOp Chain Depth 64 Size 0 Mode ref, Ref Stage 21, run, end, 9848925330519218
1787729859.492475, NoOp Chain Depth 64 Size 0 Mode ref, Ref Stage 22, run, start, 9848925330534274
1787729859.492497, NoOp Chain Depth 64 Size 0 Mode ref, Ref Stage 22, run, end, 9848925330556066
1787729859.492512, NoOp Chain Depth 64 Size 0 Mode ref, Ref Stage 23, run, start, 9848925330571090
1787729859.492534, NoOp Chain Depth 64 Size 0 Mode ref, Ref Stage 23, run, end, 9848925330593042
1787729859.492549, NoOp Chain Depth 64 Size 0 Mode ref, Ref Stage 24, run, start, 9848925330608802
1787729859.492572, NoOp Chain Depth 64 Size 0 Mode ref, Ref Stage 24, run, end, 9848925330631234
1787729859.492587, NoOp Chain Depth 64 Size 0 Mode ref, Ref Stage 25, run, start, 9848925330646322
1787729859.492609, NoOp Chain Depth 64 Size 0 Mode ref, Ref Stage 25, run, end, 9848925330667970
1787729859.492623, NoOp Chain Depth 64 Size 0 Mode ref, Ref Stage 26, run, start, 9848925330682802
1787729859.492647, NoOp Chain Depth 64 Size 0 Mode ref, Ref Stage 26, run, end, 9848925330706690
1787729859.492660, NoOp Chain Depth 64 Size 0 Mode ref, Ref Stage 27, run, start, 9848925330718722
1787729859.492692, NoOp Chain Depth 64 Size 0 Mode ref, Ref Stage 27, run, end, 9848925330750962
1787729859.492707, NoOp Chain Depth 64 Size 0 Mode ref, Ref Stage 28, run, start, 9848925330766706
1787729859.492729, NoOp Chain Depth 64 Size 0 Mode ref, Ref Stage 28, run, end, 9848925330788226
1787729859.492744, NoOp Chain Depth 64 Size 0 Mode ref, Ref Stage 29, run, start, 9848925330803026
1787729859.492765, NoOp Chain Depth 64 Size 0 Mode ref, Ref Stage 29, run, end, 9848925330824866
1787729859.492782, NoOp Chain Depth 64 Size 0 Mode ref, Ref Stage 30, run, start, 9848925330840850
1787729859.492806, NoOp Chain Depth 64 Size 0 Mode ref, Ref Stage 30, run, end, 9848925330864930
1787729859.492823, NoOp Chain Depth 64 Size 0 Mode ref, Ref Stage 31, run, start, 9848925330882322
1787729859.492847, NoOp Chain Depth 64 Size 0 Mode ref, Ref Stage 31, run, end, 9848925330906482
1787729859.492865, NoOp Chain Depth 64 Size 0 Mode ref, Ref Stage 32, run, start, 9848925330923762
1787729859.492889, NoOp Chain Depth 64 Size 0 Mode ref, Ref Stage 32, run, end, 9848925330948418
1787729859.493043, NoOp Chain Depth 64 Size 0 Mode ref, Ref Stage 33, run, start, 9848925331102322
1787729859.493066, NoOp Chain Depth 64 Size 0 Mode ref, Ref Stage 33, run, end, 9848925331125602
1787729859.493081, NoOp Chain Depth 64 Size 0 Mode ref, Ref Stage 34, run, start, 9848925331140642
1787729859.493103, NoOp Chain Depth 64 Size 0 Mode ref, Ref Stage 34, run, end, 9848925331162386
1787729859.493119, NoOp Chain Depth 64 Size 0 Mode ref, Ref Stage 35, run, start, 9848925331177682
1787729859.493140, NoOp Chain Depth 64 Size 0 Mode ref, Ref Stage 35, run, end, 9848925331199410
1787729859.493155, NoOp Chain Depth 64 Size 0 Mode ref, Ref Stage 36, run, start, 9848925331214546
1787729859.493177, NoOp Chain Depth 64 Size 0 Mode ref, Ref Stage 36, run, end, 9848925331236450
1787729859.493192, NoOp Chain Depth 64 Size 0 Mode ref, Ref Stage 37, run, start, 9848925331251394
1787729859.493214, NoOp Chain Depth 64 Size 0 Mode ref, Ref Stage 37, run, end, 9848925331273394
1787729859.493229, NoOp Chain Depth 64 Size 0 Mode ref, Ref Stage 38, run, start, 9848925331288530
1787729859.493251, NoOp Chain Depth 64 Size 0 Mode ref, Ref Stage 38, run, end, 9848925331310466
1787729859.493268, NoOp Chain Depth 64 Size 0 Mode ref, Ref Stage 39, run, start, 9848925331327666
1787729859.493535, NoOp Chain Depth 64 Size 0 Mode ref, Ref Stage 39, run, end, 9848925331596402
1787729859.493696, NoOp Chain Depth 64 Size 0 Mode ref, Ref Stage 40, run, start, 9848925331756418
1787729859.493722, NoOp Chain Depth 64 Size 0 Mode ref, Ref Stage 40, run, end, 9848925331781617
1787729859.493738, NoOp Chain Depth 64 Size 0 Mode ref, Ref Stage 41, run, start, 9848925331797121
1787729859.493760, NoOp Chain Depth 64 Size 0 Mode ref, Ref Stage 41, run, end, 9848925331819249
1787729859.493778, NoOp Chain Depth 64 Size 0 Mode ref, Ref Stage 42, run, start, 9848925331836849
1787729859.493801, NoOp Chain Depth 64 Size 0 Mode ref, Ref Stage 42, run, end, 9848925331860385
1787729859.493814, NoOp Chain Depth 64 Size 0 Mode ref, Ref Stage 43, run, start, 9848925331872881
1787729859.493846, NoOp Chain Depth 64 Size 0 Mode ref, Ref Stage 43, run, end, 9848925331905585
1787729859.493862, NoOp Chain Depth 64 Size 0 Mode ref, Ref Stage 44, run, start, 9848925331921361
1787729859.493884, NoOp Chain Depth 64 Size 0 Mode ref, Ref Stage 44, run, end, 9848925331943537
1787729859.493899, NoOp Chain Depth 64 Size 0 Mode ref, Ref Stage 45, run, start, 9848925331958609
1787729859.493921, NoOp Chain Depth 64 Size 0 Mode ref, Ref Stage 45, run, end, 9848925331980417
1787729859.493938, NoOp Chain Depth 64 Size 0 Mode ref, Ref Stage 46, run, start, 9848925331997489
1787729859.493966, NoOp Chain Depth 64 Size 0 Mode ref, Ref Stage 46, run, end, 9848925332025297
1787729859.493983, NoOp Chain Depth 64 Size 0 Mode ref, Ref Stage 47, run, start, 9848925332042417
1787729859.494008, NoOp Chain Depth 64 Size 0 Mode ref, Ref Stage 47, run, end, 9848925332067393
1787729859.494026, NoOp Chain Depth 64 Size 0 Mode ref, Ref Stage 48, run, start, 9848925332085729
1787729859.494051, NoOp Chain Depth 64 Size 0 Mode ref, Ref Stage 48, run, end, 9848925332110673
1787729859.494068, NoOp Chain Depth 64 Size 0 Mode ref, Ref Stage 49, run, start, 9848925332127953
1787729859.494092, NoOp Chain Depth 64 Size 0 Mode ref, Ref Stage 49, run, end, 9848925332151505
1787729859.494244, NoOp Chain Depth 64 Size 0 Mode ref, Ref Stage 50, run, start, 9848925332303425
1787729859.494267, NoOp Chain Depth 64 Size 0 Mode ref, Ref Stage 50, run, end, 9848925332326401
1787729859.494282, NoOp Chain Depth 64 Size 0 Mode ref, Ref Stage 51, run, start, 9848925332341377
1787729859.494304, NoOp Chain Depth 64 Size 0 Mode ref, Ref Stage 51, run, end, 9848925332363281
1787729859.494319, NoOp Chain Depth 64 Size 0 Mode ref, Ref Stage 52, run, start, 9848925332378097
1787729859.494341, NoOp Chain Depth 64 Size 0 Mode ref, Ref Stage 52, run, end, 9848925332400129
1787729859.494356, NoOp Chain Depth 64 Size 0 Mode ref, Ref Stage 53, run, start, 9848925332415169
1787729859.494378, NoOp Chain Depth 64 Size 0 Mode ref, Ref Stage 53, run, end, 9848925332436913
1787729859.494393, NoOp Chain Depth 64 Size 0 Mode ref, Ref Stage 54, run, start, 9848925332451905
1787729859.494417, NoOp Chain Depth 64 Size 0 Mode ref, Ref Stage 54, run, end, 9848925332476369
1787729859.494434, NoOp Chain Depth 64 Size 0 Mode ref, Ref Stage 55, run, start, 9848925332493329
1787729859.494457, NoOp Chain Depth 64 Size 0 Mode ref, Ref Stage 55, run, end, 9848925332516913
1787729859.494476, NoOp Chain Depth 64 Size 0 Mode ref, Ref Stage 56, run, start, 9848925332534977
1787729859.494500, NoOp Chain Depth 64 Size 0 Mode ref, Ref Stage 56, run, end, 9848925332559777
1787729859.494518, NoOp Chain Depth 64 Size 0 Mode ref, Ref Stage 57, run, start, 9848925332576721
1787729859.494541, NoOp Chain Depth 64 Size 0 Mode ref, Ref Stage 57, run, end, 9848925332600273
1787729859.494558, NoOp Chain Depth 64 Size 0 Mode ref, Ref Stage 58, run, start, 9848925332617153
1787729859.494581, NoOp Chain Depth 64 Size 0 Mode ref, Ref Stage 58, run, end, 9848925332640785
1787729859.494599, NoOp Chain Depth 64 Size 0 Mode ref, Ref Stage 59, run, start, 9848925332657953
1787729859.494624, NoOp Chain Depth 64 Size 0 Mode ref, Ref Stage 59, run, end, 9848925332683153
1787729859.494642, NoOp Chain Depth 64 Size 0 Mode ref, Ref Stage 60, run, start, 9848925332701697
1787729859.494667, NoOp Chain Depth 64 Size 0 Mode ref, Ref Stage 60, run, end, 9848925332726209
1787729859.494821, NoOp Chain Depth 64 Size 0 Mode ref, Ref Stage 61, run, start, 9848925332880161
1787729859.494844, NoOp Chain Depth 64 Size 0 Mode ref, Ref Stage 61, run, end, 9848925332903137
1787729859.494859, NoOp Chain Depth 64 Size 0 Mode ref, Ref Stage 62, run, start, 9848925332918305
1787729859.494881, NoOp Chain Depth 64 Size 0 Mode ref, Ref Stage 62, run, end, 9848925332940145
1787729859.494898, NoOp Chain Depth 64 Size 0 Mode ref, Ref Stage 63, run, start, 9848925332957281
1787729859.494920, NoOp Chain Depth 64 Size 0 Mode ref, Ref Stage 63, run, end, 9848925332978689
1787729859.494935, NoOp Chain Depth 64 Size 0 Mode ref, pipeline - train, run, end, 302532938451156808365968237953927707523, 1787729859.491179, 29, 1, 9848925332993985
1787729859.494972, NoOp Chain Depth 64 Size 0 Mode ref, pipeline - train, run, start, 163880367345351790184008024372388996911, 1787729859.494962, 30, 1, 9848925333031393
1787729859.495000, NoOp Chain Depth 64 Size 0 Mode ref, Ref Stage 0, run, start, 9848925333059073
1787729859.495025, NoOp Chain Depth 64 Size 0 Mode ref, Ref Stage 0, run, end, 9848925333084321
1787729859.495042, NoOp Chain Depth 64 Size 0 Mode ref, Ref Stage 1, run, start, 9848925333101601
1787729859.495068, NoOp Chain Depth 64 Size 0 Mode ref, Ref Stage 1, run, end, 9848925333126977
1787729859.495085, NoOp Chain Depth 64 Size 0 Mode ref, Ref Stage 2, run, start, 9848925333144401
1787729859.495109, NoOp Chain Depth 64 Size 0 Mode ref, Ref Stage 2, run, end, 9848925333168737
1787729859.495127, NoOp Chain Depth 64 Size 0 Mode ref, Ref Stage 3, run, start, 9848925333186049
1787729859.495151, NoOp Chain Depth 64 Size 0 Mode ref, Ref Stage 3, run, end, 9848925333210161
1787729859.495168, NoOp Chain Depth 64 Size 0 Mode ref, Ref Stage 4, run, start, 9848925333227857
1787729859.495193, NoOp Chain Depth 64 Size 0 Mode ref, Ref Stage 4, run, end, 9848925333251745
1787729859.495210, NoOp Chain Depth 64 Size 0 Mode ref, Ref Stage 5, run, start, 9848925333268961
1787729859.495234, NoOp Chain Depth 64 Size 0 Mode ref, Ref Stage 5, run, end, 9848925333292849
1787729859.495250, NoOp Chain Depth 64 Size 0 Mode ref, Ref Stage 6, run, start, 9848925333309649
1787729859.495277, NoOp Chain Depth 64 Size 0 Mode ref, Ref Stage 6, run, end, 9848925333336369
1787729859.495294, NoOp Chain Depth 64 Size 0 Mode ref, Ref Stage 7, run, start, 9848925333353473
1787729859.495319, NoOp Chain Depth 64 Size 0 Mode ref, Ref Stage 7, run, end, 9848925333378209
1787729859.495462, NoOp Chain Depth 64 Size 0 Mode ref, Ref Stage 8, run, start, 9848925333521505
1787729859.495497, NoOp Chain Depth 64 Size 0 Mode ref, Ref Stage 8, run, end, 9848925333555889
1787729859.495512, NoOp Chain Depth 64 Size 0 Mode ref, Ref Stage 9, run, start, 9848925333571889
1787729859.495535, NoOp Chain Depth 64 Size 0 Mode ref, Ref Stage 9, run, end, 9848925333593921
1787729859.495550, NoOp Chain Depth 64 Size 0 Mode ref, Ref Stage 10, run, start, 9848925333609009
1787729859.495571, NoOp Chain Depth 64 Size 0 Mode ref, Ref Stage 10, run, end, 9848925333630689
1787729859.495587, NoOp Chain Depth 64 Size 0 Mode ref, Ref Stage 11, run, start, 9848925333645793
1787729859.495608, NoOp Chain Depth 64 Size 0 Mode ref, Ref Stage 11, run, end, 9848925333667489
1787729859.495624, NoOp Chain Depth 64 Size 0 Mode ref, Ref Stage 12, run, start, 9848925333683057
1787729859.495646, NoOp Chain Depth 64 Size 0 Mode ref, Ref Stage 12, run, end, 9848925333704864
1787729859.495661, NoOp Chain Depth 64 Size 0 Mode ref, Ref Stage 13, run, start, 9848925333720160
1787729859.495682, NoOp Chain Depth 64 Size 0 Mode ref, Ref Stage 13, run, end, 9848925333741744
1787729859.495697, NoOp Chain Depth 64 Size 0 Mode ref, Ref Stage 14, run, start, 9848925333756912
1787729859.495719, NoOp Chain Depth 64 Size 0 Mode ref, Ref Stage 14, run, end, 9848925333778256
1787729859.495734, NoOp Chain Depth 64 Size 0 Mode ref, Ref Stage 15, run, start, 9848925333793440
1787729859.495757, NoOp Chain Depth 64 Size 0 Mode ref, Ref Stage 15, run, end, 9848925333815920
1787729859.495772, NoOp Chain Depth 64 Size 0 Mode ref, Ref Stage 16, run, start, 9848925333830896
1787729859.495794, NoOp Chain Depth 64 Size 0 Mode ref, Ref Stage 16, run, end, 9848925333853584
1787729859.495810, NoOp Chain Depth 64 Size 0 Mode ref, Ref Stage 17, run, start, 9848925333869312
1787729859.495831, NoOp Chain Depth 64 Size 0 Mode ref, Ref Stage 17, run, end, 9848925333890672
1787729859.495847, NoOp Chain Depth 64 Size 0 Mode ref, Ref Stage 18, run, start, 9848925333905760
1787729859.495869, NoOp Chain Depth 64 Size 0 Mode ref, Ref Stage 18, run, end, 9848925333927840
1787729859.495884, NoOp Chain Depth 64 Size 0 Mode ref, Ref Stage 19, run, start, 9848925333943120
1787729859.495905, NoOp Chain Depth 64 Size 0 Mode ref, Ref Stage 19, run, end, 9848925333964064
1787729859.495920, NoOp Chain Depth 64 Size 0 Mode ref, Ref Stage 20, run, start, 9848925333979104
1787729859.495942, NoOp Chain Depth 64 Size 0 Mode ref, Ref Stage 20, run, end, 9848925334002752
1787729859.495960, NoOp Chain Depth 64 Size 0 Mode ref, Ref Stage 21, run, start, 9848925334018992
1787729859.495981, NoOp Chain Depth 64 Size 0 Mode ref, Ref Stage 21, run, end, 9848925334040544
1787729859.495996, NoOp Chain Depth 64 Size 0 Mode ref, Ref Stage 22, run, start, 9848925334055616
1787729859.496019, NoOp Chain Depth 64 Size 0 Mode ref, Ref Stage 22, run, end, 9848925334078240
1787729859.496034, NoOp Chain Depth 64 Size 0 Mode ref, Ref Stage 23, run, start, 9848925334093392
1787729859.496056, NoOp Chain Depth 64 Size 0 Mode ref, Ref Stage 23, run, end, 9848925334114928
1787729859.496071, NoOp Chain Depth 64 Size 0 Mode ref, Ref Stage 24, run, start, 9848925334129920
1787729859.496092, NoOp Chain Depth 64 Size 0 Mode ref, Ref Stage 24, run, end, 9848925334151392
1787729859.496108, NoOp Chain Depth 64 Size 0 Mode ref, Ref Stage 25, run, start, 9848925334167440
1787729859.496131, NoOp Chain Depth 64 Size 0 Mode ref, Ref Stage 25, run, end, 9848925334191872
1787729859.496146, NoOp Chain Depth 64 Size 0 Mode ref, Ref Stage 26, run, start, 9848925334205248
1787729859.496179, NoOp Chain Depth 64 Size 0 Mode ref, Ref Stage 26, run, end, 9848925334238816
1787729859.496196, NoOp Chain Depth 64 Size 0 Mode ref, Ref Stage 27, run, start, 9848925334254992
1787729859.496222, NoOp Chain Depth 64 Size 0 Mode ref, Ref Stage 27, run, end, 9848925334281248
1787729859.496237, NoOp Chain Depth 64 Size 0 Mode ref, Ref Stage 28, run, start, 9848925334296432
1787729859.496258, NoOp Chain Depth 64 Size 0 Mode ref, Ref Stage 28, run, end, 9848925334317856
1787729859.496274, NoOp Chain Depth 64 Size 0 Mode ref, Ref Stage 29, run, start, 9848925334332816
1787729859.496296, NoOp Chain Depth 64 Size 0 Mode ref, Ref Stage 29, run, end, 9848925334355712
1787729859.496312, NoOp Chain Depth 64 Size 0 Mode ref, Ref Stage 30, run, start, 9848925334370928
1787729859.496333, NoOp Chain Depth 64 Size 0 Mode ref, Ref Stage 30, run, end, 9848925334392432
1787729859.496348, NoOp Chain Depth 64 Size 0 Mode ref, Ref Stage 31, run, start, 9848925334407824
1787729859.496370, NoOp Chain Depth 64 Size 0 Mode ref, Ref Stage 31, run, end, 9848925334429376
1787729859.496385, NoOp Chain Depth 64 Size 0 Mode ref, Ref Stage 32, run, start, 9848925334444592
1787729859.496407, NoOp Chain Depth 64 Size 0 Mode ref, Ref Stage 32, run, end, 9848925334465808
1787729859.496423, NoOp Chain Depth 64 Size 0 Mode ref, Ref Stage 33, run, start, 9848925334482096
1787729859.496444, NoOp Chain Depth 64 Size 0 Mode ref, Ref Stage 33, run, end, 9848925334503584
1787729859.496459, NoOp Chain Depth 64 Size 0 Mode ref, Ref Stage 34, run, start, 9848925334518720
1787729859.496481, NoOp Chain Depth 64 Size 0 Mode ref, Ref Stage 34, run, end, 9848925334540000
1787729859.496496, NoOp Chain Depth 64 Size 0 Mode ref, Ref Stage 35, run, start, 9848925334555296
1787729859.496517, NoOp Chain Depth 64 Size 0 Mode ref, Ref Stage 35, run, end, 9848925334576624
1787729859.496532, NoOp Chain Depth 64 Size 0 Mode ref, Ref Stage 36, run, start, 9848925334591712
1787729859.496555, NoOp Chain Depth 64 Size 0 Mode ref, Ref Stage 36, run, end, 9848925334614128
1787729859.496570, NoOp Chain Depth 64 Size 0 Mode ref, Ref Stage 37, run, start, 9848925334629024
1787729859.496592, NoOp Chain Depth 64 Size 0 Mode ref, Ref Stage 37, run, end, 9848925334651840
1787729859.496608, NoOp Chain Depth 64 Size 0 Mode ref, Ref Stage 38, run, start, 9848925334666768
1787729859.496630, NoOp Chain Depth 64 Size 0 Mode ref, Ref Stage 38, run, end, 9848925334689456
1787729859.496647, NoOp Chain Depth 64 Size 0 Mode ref, Ref Stage 39, run, start, 9848925334706288
1787729859.496669, NoOp Chain Depth 64 Size 0 Mode ref, Ref Stage 39, run, end, 9848925334727920
1787729859.496686, NoOp Chain Depth 64 Size 0 Mode ref, Ref Stage 40, run, start, 9848925334744944
1787729859.496707, NoOp Chain Depth 64 Size 0 Mode ref, Ref Stage 40, run, end, 9848925334766464
1787729859.496722, NoOp Chain Depth 64 Size 0 Mode ref, Ref Stage 41, run, start, 9848925334781504
1787729859.496746, NoOp Chain Depth 64 Size 0 Mode ref, Ref Stage 41, run, end, 9848925334804816
1787729859.496758, NoOp Chain Depth 64 Size 0 Mode ref, Ref Stage 42, run, start, 9848925334816832
1787729859.496790, NoOp Chain Depth 64 Size 0 Mode ref, Ref Stage 42, run, end, 9848925334849008
1787729859.496806, NoOp Chain Depth 64 Size 0 Mode ref, Ref Stage 43, run, start, 9848925334864864
1787729859.496830, NoOp Chain Depth 64 Size 0 Mode ref, Ref Stage 43, run, end, 9848925334889024
1787729859.496845, NoOp Chain Depth 64 Size 0 Mode ref, Ref Stage 44, run, start, 9848925334904176
1787729859.496866, NoOp Chain Depth 64 Size 0 Mode ref, Ref Stage 44, run, end, 9848925334925600
1787729859.496881, NoOp Chain Depth 64 Size 0 Mode ref, Ref Stage 45, run, start, 9848925334940592
1787729859.496903, NoOp Chain Depth 64 Size 0 Mode ref, Ref Stage 45, run, end, 9848925334962112
1787729859.496918, NoOp Chain Depth 64 Size 0 Mode ref, Ref Stage 46, run, start, 9848925334977024
1787729859.496939, NoOp Chain Depth 64 Size 0 Mode ref, Ref Stage 46, run, end, 9848925334998400
1787729859.497615, NoOp Chain Depth 64 Size 0 Mode ref, Ref Stage 47, run, start, 9848925335674992
1787729859.497639, NoOp Chain Depth 64 Size 0 Mode ref, Ref Stage 47, run, end, 9848925335698592
1787729859.497655, NoOp Chain Depth 64 Size 0 Mode ref, Ref Stage 48, run, start, 9848925335714288
1787729859.497677, NoOp Chain Depth 64 Size 0 Mode ref, Ref Stage 48, run, end, 9848925335736767
1787729859.497693, NoOp Chain Depth 64 Size 0 Mode ref, Ref Stage 49, run, start, 9848925335752351
1787729859.497715, NoOp Chain Depth 64 Size 0 Mode ref, Ref Stage 49, run, end, 9848925335774591
1787729859.497731, NoOp Chain Depth 64 Size 0 Mode ref, Ref Stage 50, run, start, 9848925335790143
1787729859.497753, NoOp Chain Depth 64 Size 0 Mode ref, Ref Stage 50, run, end, 9848925335812111
1787729859.497768, NoOp Chain Depth 64 Size 0 Mode ref, Ref Stage 51, run, start, 9848925335827455
1787729859.497790, NoOp Chain Depth 64 Size 0 Mode ref, Ref Stage 51, run, end, 9848925335849391
1787729859.497805, NoOp Chain Depth 64 Size 0 Mode ref, Ref Stage 52, run, start, 9848925335864591
1787729859.497827, NoOp Chain Depth 64 Size 0 Mode ref, Ref Stage 52, run, end, 9848925335886671
1787729859.497844, NoOp Chain Depth 64 Size 0 Mode ref, Ref Stage 53, run, start, 9848925335903967
1787729859.497869, NoOp Chain Depth 64 Size 0 Mode ref, Ref Stage 53, run, end, 9848925335928303
1787729859.497886, NoOp Chain Depth 64 Size 0 Mode ref, Ref Stage 54, run, start, 9848925335945663
1787729859.497911, NoOp Chain Depth 64 Size 0 Mode ref, Ref Stage 54, run, end, 9848925335970015
1787729859.497928, NoOp Chain Depth 64 Size 0 Mode ref, Ref Stage 55, run, start, 9848925335987727
1787729859.497954, NoOp Chain Depth 64 Size 0 Mode ref, Ref Stage 55, run, end, 9848925336012927
1787729859.497972, NoOp Chain Depth 64 Size 0 Mode ref, Ref Stage 56, run, start, 9848925336030703
1787729859.497995, NoOp Chain Depth 64 Size 0 Mode ref, Ref Stage 56, run, end, 9848925336054591
1787729859.498013, NoOp Chain Depth 64 Size 0 Mode ref, Ref Stage 57, run, start, 9848925336071935
1787729859.498036, NoOp Chain Depth 64 Size 0 Mode ref, Ref Stage 57, run, end, 9848925336095839
1787729859.498054, NoOp Chain Depth 64 Size 0 Mode ref, Ref Stage 58, run, start, 9848925336113151
1787729859.498080, NoOp Chain Depth 64 Size 0 Mode ref, Ref Stage 58, run, end, 9848925336138815
1787729859.498097, NoOp Chain Depth 64 Size 0 Mode ref, Ref Stage 59, run, start, 9848925336156799
1787729859.498122, NoOp Chain Depth 64 Size 0 Mode ref, Ref Stage 59, run, end, 9848925336180815
1787729859.498275, NoOp Chain Depth 64 Size 0 Mode ref, Ref Stage 60, run, start, 9848925336334703
1787729859.498298, NoOp Chain Depth 64 Size 0 Mode ref, Ref Stage 60, run, end, 9848925336357199
1787729859.498313, NoOp Chain Depth 64 Size 0 Mode ref, Ref Stage 61, run, start, 9848925336372639
1787729859.498336, NoOp Chain Depth 64 Size 0 Mode ref, Ref Stage 61, run, end, 9848925336394671
1787729859.498353, NoOp Chain Depth 64 Size 0 Mode ref, Ref Stage 62, run, start, 9848925336412207
1787729859.498378, NoOp Chain Depth 64 Size 0 Mode ref, Ref Stage 62, run, end, 9848925336436783
1787729859.498395, NoOp Chain Depth 64 Size 0 Mode ref, Ref Stage 63, run, start, 9848925336454479
1787729859.498419, NoOp Chain Depth 64 Size 0 Mode ref, Ref Stage 63, run, end, 9848925336478319
1787729859.498436, NoOp Chain Depth 64 Size 0 Mode ref, pipeline - train, run, end, 163880367345351790184008024372388996911, 1787729859.494962, 30, 1, 9848925336495423
1787729859.498477, NoOp Chain Depth 64 Size 0 Mode ref, pipeline - train, run, start, 336639766170993313664185102334592100399, 1787729859.498464, 31, 1, 9848925336536239
1787729859.498504, NoOp Chain Depth 64 Size 0 Mode ref, Ref Stage 0, run, start, 9848925336563343
1787729859.498528, NoOp Chain Depth 64 Size 0 Mode ref, Ref Stage 0, run, end, 9848925336587759
1787729859.498546, NoOp Chain Depth 64 Size 0 Mode ref, Ref Stage 1, run, start, 9848925336605199
1787729859.498570, NoOp Chain Depth 64 Size 0 Mode ref, Ref Stage 1, run, end, 9848925336629231
1787729859.498587, NoOp Chain Depth 64 Size 0 Mode ref, Ref Stage 2, run, start, 9848925336646175
1787729859.498611, NoOp Chain Depth 64 Size 0 Mode ref, Ref Stage 2, run, end, 9848925336669999
1787729859.498628, NoOp Chain Depth 64 Size 0 Mode ref, Ref Stage 3, run, start, 9848925336687119
1787729859.498652, NoOp Chain Depth 64 Size 0 Mode ref, Ref Stage 3, run, end, 9848925336711183
1787729859.498669, NoOp Chain Depth 64 Size 0 Mode ref, Ref Stage 4, run, start, 9848925336728671
1787729859.498693, NoOp Chain Depth 64 Size 0 Mode ref, Ref Stage 4, run, end, 9848925336752575
1787729859.498711, NoOp Chain Depth 64 Size 0 Mode ref, Ref Stage 5, run, start, 9848925336769951
1787729859.498734, NoOp Chain Depth 64 Size 0 Mode ref, Ref Stage 5, run, end, 9848925336793583
1787729859.498751, NoOp Chain Depth 64 Size 0 Mode ref, Ref Stage 6, run, start, 9848925336810415
1787729859.498777, NoOp Chain Depth 64 Size 0 Mode ref, Ref Stage 6, run, end, 9848925336836031
1787729859.498794, NoOp Chain Depth 64 Size 0 Mode ref, Ref Stage 7, run, start, 9848925336853647
1787729859.498818, NoOp Chain Depth 64 Size 0 Mode ref, Ref Stage 7, run, end, 9848925336877407
1787729859.499101, NoOp Chain Depth 64 Size 0 Mode ref, Ref Stage 8, run, start, 9848925337160271
1787729859.499125, NoOp Chain Depth 64 Size 0 Mode ref, Ref Stage 8, run, end, 9848925337183631
1787729859.499140, NoOp Chain Depth 64 Size 0 Mode ref, Ref Stage 9, run, start, 9848925337198943
1787729859.499161, NoOp Chain Depth 64 Size 0 Mode ref, Ref Stage 9, run, end, 9848925337220655
1787729859.499176, NoOp Chain Depth 64 Size 0 Mode ref, Ref Stage 10, run, start, 9848925337235519
1787729859.499198, NoOp Chain Depth 64 Size 0 Mode ref, Ref Stage 10, run, end, 9848925337257279
1787729859.499213, NoOp Chain Depth 64 Size 0 Mode ref, Ref Stage 11, run, start, 9848925337272575
1787729859.499235, NoOp Chain Depth 64 Size 0 Mode ref, Ref Stage 11, run, end, 9848925337294607
1787729859.499250, NoOp Chain Depth 64 Size 0 Mode ref, Ref Stage 12, run, start, 9848925337309679
1787729859.499272, NoOp Chain Depth 64 Size 0 Mode ref, Ref Stage 12, run, end, 9848925337331215
1787729859.499287, NoOp Chain Depth 64 Size 0 Mode ref, Ref Stage 13, run, start, 9848925337346271
1787729859.499309, NoOp Chain Depth 64 Size 0 Mode ref, Ref Stage 13, run, end, 9848925337368495
1787729859.499324, NoOp Chain Depth 64 Size 0 Mode ref, Ref Stage 14, run, start, 9848925337383823
1787729859.499346, NoOp Chain Depth 64 Size 0 Mode ref, Ref Stage 14, run, end, 9848925337405823
1787729859.499362, NoOp Chain Depth 64 Size 0 Mode ref, Ref Stage 15, run, start, 9848925337421023
1787729859.499385, NoOp Chain Depth 64 Size 0 Mode ref, Ref Stage 15, run, end, 9848925337444639
1787729859.499400, NoOp Chain Depth 64 Size 0 Mode ref, Ref Stage 16, run, start, 9848925337459935
1787729859.499425, NoOp Chain Depth 64 Size 0 Mode ref, Ref Stage 16, run, end, 9848925337484159
1787729859.499442, NoOp Chain Depth 64 Size 0 Mode ref, Ref Stage 17, run, start, 9848925337501375
1787729859.499466, NoOp Chain Depth 64 Size 0 Mode ref, Ref Stage 17, run, end, 9848925337525023
1787729859.499483, NoOp Chain Depth 64 Size 0 Mode ref, Ref Stage 18, run, start, 9848925337542143
1787729859.499506, NoOp Chain Depth 64 Size 0 Mode ref, Ref Stage 18, run, end, 9848925337565535
1787729859.499523, NoOp Chain Depth 64 Size 0 Mode ref, Ref Stage 19, run, start, 9848925337582286
1787729859.499547, NoOp Chain Depth 64 Size 0 Mode ref, Ref Stage 19, run, end, 9848925337605902
1787729859.499564, NoOp Chain Depth 64 Size 0 Mode ref, Ref Stage 20, run, start, 9848925337623102
1787729859.499587, NoOp Chain Depth 64 Size 0 Mode ref, Ref Stage 20, run, end, 9848925337646478
1787729859.499604, NoOp Chain Depth 64 Size 0 Mode ref, Ref Stage 21, run, start, 9848925337663454
1787729859.499628, NoOp Chain Depth 64 Size 0 Mode ref, Ref Stage 21, run, end, 9848925337687454
1787729859.499782, NoOp Chain Depth 64 Size 0 Mode ref, Ref Stage 22, run, start, 9848925337841230
1787729859.499804, NoOp Chain Depth 64 Size 0 Mode ref, Ref Stage 22, run, end, 9848925337863774
1787729859.499820, NoOp Chain Depth 64 Size 0 Mode ref, Ref Stage 23, run, start, 9848925337879102
1787729859.499842, NoOp Chain Depth 64 Size 0 Mode ref, Ref Stage 23, run, end, 9848925337901518
1787729859.499857, NoOp Chain Depth 64 Size 0 Mode ref, Ref Stage 24, run, start, 9848925337916238
1787729859.499880, NoOp Chain Depth 64 Size 0 Mode ref, Ref Stage 24, run, end, 9848925337939374
1787729859.499892, NoOp Chain Depth 64 Size 0 Mode ref, Ref Stage 25, run, start, 9848925337951326
1787729859.499924, NoOp Chain Depth 64 Size 0 Mode ref, Ref Stage 25, run, end, 9848925337983230
1787729859.499939, NoOp Chain Depth 64 Size 0 Mode ref, Ref Stage 26, run, start, 9848925337998638
1787729859.499963, NoOp Chain Depth 64 Size 0 Mode ref, Ref Stage 26, run, end, 9848925338022606
1787729859.499979, NoOp Chain Depth 64 Size 0 Mode ref, Ref Stage 27, run, start, 9848925338037774
1787729859.500003, NoOp Chain Depth 64 Size 0 Mode ref, Ref Stage 27, run, end, 9848925338062286
1787729859.500155, NoOp Chain Depth 64 Size 0 Mode ref, Ref Stage 28, run, start, 9848925338213966
1787729859.500177, NoOp Chain Depth 64 Size 0 Mode ref, Ref Stage 28, run, end, 9848925338236542
1787729859.500192, NoOp Chain Depth 64 Size 0 Mode ref, Ref Stage 29, run, start, 9848925338252238
1787729859.500215, NoOp Chain Depth 64 Size 0 Mode ref, Ref Stage 29, run, end, 9848925338274174
1787729859.500230, NoOp Chain Depth 64 Size 0 Mode ref, Ref Stage 30, run, start, 9848925338289118
1787729859.500252, NoOp Chain Depth 64 Size 0 Mode ref, Ref Stage 30, run, end, 9848925338311086
1787729859.500267, NoOp Chain Depth 64 Size 0 Mode ref, Ref Stage 31, run, start, 9848925338326350
1787729859.500289, NoOp Chain Depth 64 Size 0 Mode ref, Ref Stage 31, run, end, 9848925338348110
1787729859.500304, NoOp Chain Depth 64 Size 0 Mode ref, Ref Stage 32, run, start, 9848925338363214
1787729859.500326, NoOp Chain Depth 64 Size 0 Mode ref, Ref Stage 32, run, end, 9848925338385214
1787729859.500341, NoOp Chain Depth 64 Size 0 Mode ref, Ref Stage 33, run, start, 9848925338400302
1787729859.500363, NoOp Chain Depth 64 Size 0 Mode ref, Ref Stage 33, run, end, 9848925338422270
1787729859.500379, NoOp Chain Depth 64 Size 0 Mode ref, Ref Stage 34, run, start, 9848925338438878
1787729859.500401, NoOp Chain Depth 64 Size 0 Mode ref, Ref Stage 34, run, end, 9848925338460174
1787729859.500416, NoOp Chain Depth 64 Size 0 Mode ref, Ref Stage 35, run, start, 9848925338475006
1787729859.500440, NoOp Chain Depth 64 Size 0 Mode ref, Ref Stage 35, run, end, 9848925338499518
1787729859.500578, NoOp Chain Depth 64 Size 0 Mode ref, Ref Stage 36, run, start, 9848925338637470
1787729859.500611, NoOp Chain Depth 64 Size 0 Mode ref, Ref Stage 36, run, end, 9848925338670862
1787729859.500627, NoOp Chain Depth 64 Size 0 Mode ref, Ref Stage 37, run, start, 9848925338686398
1787729859.500649, NoOp Chain Depth 64 Size 0 Mode ref, Ref Stage 37, run, end, 9848925338707982
1787729859.500664, NoOp Chain Depth 64 Size 0 Mode ref, Ref Stage 38, run, start, 9848925338723022
1787729859.500685, NoOp Chain Depth 64 Size 0 Mode ref, Ref Stage 38, run, end, 9848925338744270
1787729859.500700, NoOp Chain Depth 64 Size 0 Mode ref, Ref Stage 39, run, start, 9848925338758942
1787729859.500721, NoOp Chain Depth 64 Size 0 Mode ref, Ref Stage 39, run, end, 9848925338780350
1787729859.500736, NoOp Chain Depth 64 Size 0 Mode ref, Ref Stage 40, run, start, 9848925338794926
1787729859.500759, NoOp Chain Depth 64 Size 0 Mode ref, Ref Stage 40, run, end, 9848925338818190
1787729859.500771, NoOp Chain Depth 64 Size 0 Mode ref, Ref Stage 41, run, start, 9848925338830046
1787729859.500802, NoOp Chain Depth 64 Size 0 Mode ref, Ref Stage 41, run, end, 9848925338861758
1787729859.500818, NoOp Chain Depth 64 Size 0 Mode ref, Ref Stage 42, run, start, 9848925338877262
1787729859.500839, NoOp Chain Depth 64 Size 0 Mode ref, Ref Stage 42, run, end, 9848925338898798
1787729859.500854, NoOp Chain Depth 64 Size 0 Mode ref, Ref Stage 43, run, start, 9848925338913886
1787729859.500876, NoOp Chain Depth 64 Size 0 Mode ref, Ref Stage 43, run, end, 9848925338935054
1787729859.500892, NoOp Chain Depth 64 Size 0 Mode ref, Ref Stage 44, run, start, 9848925338951662
1787729859.500915, NoOp Chain Depth 64 Size 0 Mode ref, Ref Stage 44, run, end, 9848925338974398
1787729859.500931, NoOp Chain Depth 64 Size 0 Mode ref, Ref Stage 45, run, start, 9848925338990494
1787729859.500956, NoOp Chain Depth 64 Size 0 Mode ref, Ref Stage 45, run, end, 9848925339015870
1787729859.500974, NoOp Chain Depth 64 Size 0 Mode ref, Ref Stage 46, run, start, 9848925339033406
1787729859.500999, NoOp Chain Depth 64 Size 0 Mode ref, Ref Stage 46, run, end, 9848925339058382
1787729859.501016, NoOp Chain Depth 64 Size 0 Mode ref, Ref Stage 47, run, start, 9848925339075310
1787729859.501040, NoOp Chain Depth 64 Size 0 Mode ref, Ref Stage 47, run, end, 9848925339099518
1787729859.501058, NoOp Chain Depth 64 Size 0 Mode ref, Ref Stage 48, run, start, 9848925339116750
1787729859.501082, NoOp Chain Depth 64 Size 0 Mode ref, Ref Stage 48, run, end, 9848925339141486
1787729859.501101, NoOp Chain Depth 64 Size 0 Mode ref, Ref Stage 49, run, start, 9848925339159982
1787729859.501126, NoOp Chain Depth 64 Size 0 Mode ref, Ref Stage 49, run, end, 9848925339185262
1787729859.501143, NoOp Chain Depth 64 Size 0 Mode ref, Ref Stage 50, run, start, 9848925339202558
1787729859.501168, NoOp Chain Depth 64 Size 0 Mode ref, Ref Stage 50, run, end, 9848925339227518
1787729859.501185, NoOp Chain Depth 64 Size 0 Mode ref, Ref Stage 51, run, start, 9848925339244286
1787729859.501209, NoOp Chain Depth 64 Size 0 Mode ref, Ref Stage 51, run, end, 9848925339267902
1787729859.501224, NoOp Chain Depth 64 Size 0 Mode ref, Ref Stage 52, run, start, 9848925339283198
1787729859.501245, NoOp Chain Depth 64 Size 0 Mode ref, Ref Stage 52, run, end, 9848925339304670
1787729859.501261, NoOp Chain Depth 64 Size 0 Mode ref, Ref Stage 53, run, start, 9848925339319806
1787729859.501282, NoOp Chain Depth 64 Size 0 Mode ref, Ref Stage 53, run, end, 9848925339341038
1787729859.501297, NoOp Chain Depth 64 Size 0 Mode ref, Ref Stage 54, run, start, 9848925339356190
1787729859.501319, NoOp Chain Depth 64 Size 0 Mode ref, Ref Stage 54, run, end, 9848925339377838
1787729859.501334, NoOp Chain Depth 64 Size 0 Mode ref, Ref Stage 55, run, start, 9848925339393886
1787729859.501356, NoOp Chain Depth 64 Size 0 Mode ref, Ref Stage 55, run, end, 9848925339415006
1787729859.501371, NoOp Chain Depth 64 Size 0 Mode ref, Ref Stage 56, run, start, 9848925339429998
1787729859.501392, NoOp Chain Depth 64 Size 0 Mode ref, Ref Stage 56, run, end, 9848925339451438
1787729859.501409, NoOp Chain Depth 64 Size 0 Mode ref, Ref Stage 57, run, start, 9848925339468078
1787729859.501432, NoOp Chain Depth 64 Size 0 Mode ref, Ref Stage 57, run, end, 9848925339491134
1787729859.502451, NoOp Chain Depth 64 Size 0 Mode ref, Ref Stage 58, run, start, 9848925340510461
1787729859.502474, NoOp Chain Depth 64 Size 0 Mode ref, Ref Stage 58, run, end, 9848925340533357
1787729859.502489, NoOp Chain Depth 64 Size 0 Mode ref, Ref Stage 59, run, start, 9848925340548813
1787729859.502511, NoOp Chain Depth 64 Size 0 Mode ref, Ref Stage 59, run, end, 9848925340570605
1787729859.502527, NoOp Chain Depth 64 Size 0 Mode ref, Ref Stage 60, run, start, 9848925340585885
1787729859.502548, NoOp Chain Depth 64 Size 0 Mode ref, Ref Stage 60, run, end, 9848925340607149
1787729859.502563, NoOp Chain Depth 64 Size 0 Mode ref, Ref Stage 61, run, start, 9848925340621821
1787729859.502584, NoOp Chain Depth 64 Size 0 Mode ref, Ref Stage 61, run, end, 9848925340642957
1787729859.502598, NoOp Chain Depth 64 Size 0 Mode ref, Ref Stage 62, run, start, 9848925340657869
1787729859.502620, NoOp Chain Depth 64 Size 0 Mode ref, Ref Stage 62, run, end, 9848925340679373
1787729859.502635, NoOp Chain Depth 64 Size 0 Mode ref, Ref Stage 63, run, start, 9848925340694493
1787729859.502656, NoOp Chain Depth 64 Size 0 Mode ref, Ref Stage 63, run, end, 9848925340715597
1787729859.502672, NoOp Chain Depth 64 Size 0 Mode ref, pipeline - train, run, end, 336639766170993313664185102334592100399, 1787729859.498464, 31, 1, 9848925340731245
1787729859.502707, NoOp Chain Depth 64 Size 0 Mode ref, pipeline - train, run, start, 52004673390124453053736430836199613009, 1787729859.502697, 32, 1, 9848925340766861
1787729859.502730, NoOp Chain Depth 64 Size 0 Mode ref, Ref Stage 0, run, start, 9848925340789773
1787729859.502752, NoOp Chain Depth 64 Size 0 Mode ref, Ref Stage 0, run, end, 9848925340811325
1787729859.502767, NoOp Chain Depth 64 Size 0 Mode ref, Ref Stage 1, run, start, 9848925340826573
1787729859.502789, NoOp Chain Depth 64 Size 0 Mode ref, Ref Stage 1, run, end, 9848925340848061
1787729859.502804, NoOp Chain Depth 64 Size 0 Mode ref, Ref Stage 2, run, start, 9848925340863133
1787729859.502827, NoOp Chain Depth 64 Size 0 Mode ref, Ref Stage 2, run, end, 9848925340886813
1787729859.502844, NoOp Chain Depth 64 Size 0 Mode ref, Ref Stage 3, run, start, 9848925340903805
1787729859.502868, NoOp Chain Depth 64 Size 0 Mode ref, Ref Stage 3, run, end, 9848925340927341
1787729859.502885, NoOp Chain Depth 64 Size 0 Mode ref, Ref Stage 4, run, start, 9848925340944557
1787729859.502909, NoOp Chain Depth 64 Size 0 Mode ref, Ref Stage 4, run, end, 9848925340968109
1787729859.502926, NoOp Chain Depth 64 Size 0 Mode ref, Ref Stage 5, run, start, 9848925340985341
1787729859.502954, NoOp Chain Depth 64 Size 0 Mode ref, Ref Stage 5, run, end, 9848925341012813
1787729859.503093, NoOp Chain Depth 64 Size 0 Mode ref, Ref Stage 6, run, start, 9848925341152109
1787729859.503115, NoOp Chain Depth 64 Size 0 Mode ref, Ref Stage 6, run, end, 9848925341174093
1787729859.503130, NoOp Chain Depth 64 Size 0 Mode ref, Ref Stage 7, run, start, 9848925341189437
1787729859.503152, NoOp Chain Depth 64 Size 0 Mode ref, Ref Stage 7, run, end, 9848925341211197
1787729859.503167, NoOp Chain Depth 64 Size 0 Mode ref, Ref Stage 8, run, start, 9848925341226285
1787729859.503188, NoOp Chain Depth 64 Size 0 Mode ref, Ref Stage 8, run, end, 9848925341247901
1787729859.503204, NoOp Chain Depth 64 Size 0 Mode ref, Ref Stage 9, run, start, 9848925341262973
1787729859.503226, NoOp Chain Depth 64 Size 0 Mode ref, Ref Stage 9, run, end, 9848925341284861
1787729859.503240, NoOp Chain Depth 64 Size 0 Mode ref, Ref Stage 10, run, start, 9848925341299757
1787729859.503262, NoOp Chain Depth 64 Size 0 Mode ref, Ref Stage 10, run, end, 9848925341321581
1787729859.503279, NoOp Chain Depth 64 Size 0 Mode ref, Ref Stage 11, run, start, 9848925341338557
1787729859.503303, NoOp Chain Depth 64 Size 0 Mode ref, Ref Stage 11, run, end, 9848925341362381
1787729859.503320, NoOp Chain Depth 64 Size 0 Mode ref, Ref Stage 12, run, start, 9848925341379309
1787729859.503465, NoOp Chain Depth 64 Size 0 Mode ref, Ref Stage 12, run, end, 9848925341524748
1787729859.503481, NoOp Chain Depth 64 Size 0 Mode ref, Ref Stage 13, run, start, 9848925341540108
1787729859.503502, NoOp Chain Depth 64 Size 0 Mode ref, Ref Stage 13, run, end, 9848925341561436
1787729859.503517, NoOp Chain Depth 64 Size 0 Mode ref, Ref Stage 14, run, start, 9848925341576252
1787729859.503538, NoOp Chain Depth 64 Size 0 Mode ref, Ref Stage 14, run, end, 9848925341597484
1787729859.503553, NoOp Chain Depth 64 Size 0 Mode ref, Ref Stage 15, run, start, 9848925341612620
1787729859.503575, NoOp Chain Depth 64 Size 0 Mode ref, Ref Stage 15, run, end, 9848925341633964
1787729859.503589, NoOp Chain Depth 64 Size 0 Mode ref, Ref Stage 16, run, start, 9848925341648860
1787729859.503611, NoOp Chain Depth 64 Size 0 Mode ref, Ref Stage 16, run, end, 9848925341670476
1787729859.503627, NoOp Chain Depth 64 Size 0 Mode ref, Ref Stage 17, run, start, 9848925341685836
1787729859.503648, NoOp Chain Depth 64 Size 0 Mode ref, Ref Stage 17, run, end, 9848925341707132
1787729859.503663, NoOp Chain Depth 64 Size 0 Mode ref, Ref Stage 18, run, start, 9848925341722092
1787729859.503684, NoOp Chain Depth 64 Size 0 Mode ref, Ref Stage 18, run, end, 9848925341743244
1787729859.503699, NoOp Chain Depth 64 Size 0 Mode ref, Ref Stage 19, run, start, 9848925341758060
1787729859.503720, NoOp Chain Depth 64 Size 0 Mode ref, Ref Stage 19, run, end, 9848925341779372
1787729859.503735, NoOp Chain Depth 64 Size 0 Mode ref, Ref Stage 20, run, start, 9848925341794108
1787729859.503756, NoOp Chain Depth 64 Size 0 Mode ref, Ref Stage 20, run, end, 9848925341815436
1787729859.503906, NoOp Chain Depth 64 Size 0 Mode ref, Ref Stage 21, run, start, 9848925341965244
1787729859.503928, NoOp Chain Depth 64 Size 0 Mode ref, Ref Stage 21, run, end, 9848925341987564
1787729859.503943, NoOp Chain Depth 64 Size 0 Mode ref, Ref Stage 22, run, start, 9848925342004076
1787729859.503968, NoOp Chain Depth 64 Size 0 Mode ref, Ref Stage 22, run, end, 9848925342026892
1787729859.503983, NoOp Chain Depth 64 Size 0 Mode ref, Ref Stage 23, run, start, 9848925342042044
1787729859.504006, NoOp Chain Depth 64 Size 0 Mode ref, Ref Stage 23, run, end, 9848925342065356
1787729859.504018, NoOp Chain Depth 64 Size 0 Mode ref, Ref Stage 24, run, start, 9848925342077500
1787729859.504051, NoOp Chain Depth 64 Size 0 Mode ref, Ref Stage 24, run, end, 9848925342110092
1787729859.504066, NoOp Chain Depth 64 Size 0 Mode ref, Ref Stage 25, run, start, 9848925342125756
1787729859.504088, NoOp Chain Depth 64 Size 0 Mode ref, Ref Stage 25, run, end, 9848925342147596
1787729859.504103, NoOp Chain Depth 64 Size 0 Mode ref, Ref Stage 26, run, start, 9848925342162556
1787729859.504125, NoOp Chain Depth 64 Size 0 Mode ref, Ref Stage 26, run, end, 9848925342184348
1787729859.504140, NoOp Chain Depth 64 Size 0 Mode ref, Ref Stage 27, run, start, 9848925342199500
1787729859.504162, NoOp Chain Depth 64 Size 0 Mode ref, Ref Stage 27, run, end, 9848925342221084
1787729859.504179, NoOp Chain Depth 64 Size 0 Mode ref, Ref Stage 28, run, start, 9848925342238060
1787729859.504203, NoOp Chain Depth 64 Size 0 Mode ref, Ref Stage 28, run, end, 9848925342262652
1787729859.504220, NoOp Chain Depth 64 Size 0 Mode ref, Ref Stage 29, run, start, 9848925342279836
1787729859.504334, NoOp Chain Depth 64 Size 0 Mode ref, Ref Stage 29, run, end, 9848925342393948
1787729859.504359, NoOp Chain Depth 64 Size 0 Mode ref, Ref Stage 30, run, start, 9848925342418300
1787729859.504384, NoOp Chain Depth 64 Size 0 Mode ref, Ref Stage 30, run, end, 9848925342443804
1787729859.504401, NoOp Chain Depth 64 Size 0 Mode ref, Ref Stage 31, run, start, 9848925342460780
1787729859.504426, NoOp Chain Depth 64 Size 0 Mode ref, Ref Stage 31, run, end, 9848925342484796
1787729859.504442, NoOp Chain Depth 64 Size 0 Mode ref, Ref Stage 32, run, start, 9848925342501532
1787729859.504466, NoOp Chain Depth 64 Size 0 Mode ref, Ref Stage 32, run, end, 9848925342525004
1787729859.504483, NoOp Chain Depth 64 Size 0 Mode ref, Ref Stage 33, run, start, 9848925342541948
1787729859.504637, NoOp Chain Depth 64 Size 0 Mode ref, Ref Stage 33, run, end, 9848925342696012
1787729859.504652, NoOp Chain Depth 64 Size 0 Mode ref, Ref Stage 34, run, start, 9848925342711644
1787729859.504676, NoOp Chain Depth 64 Size 0 Mode ref, Ref Stage 34, run, end, 9848925342734908
1787729859.504688, NoOp Chain Depth 64 Size 0 Mode ref, Ref Stage 35, run, start, 9848925342746988
1787729859.504720, NoOp Chain Depth 64 Size 0 Mode ref, Ref Stage 35, run, end, 9848925342779180
1787729859.504735, NoOp Chain Depth 64 Size 0 Mode ref, Ref Stage 36, run, start, 9848925342794780
1787729859.504759, NoOp Chain Depth 64 Size 0 Mode ref, Ref Stage 36, run, end, 9848925342818380
1787729859.504776, NoOp Chain Depth 64 Size 0 Mode ref, Ref Stage 37, run, start, 9848925342835596
1787729859.504802, NoOp Chain Depth 64 Size 0 Mode ref, Ref Stage 37, run, end, 9848925342861052
1787729859.504819, NoOp Chain Depth 64 Size 0 Mode ref, Ref Stage 38, run, start, 9848925342878172
1787729859.504842, NoOp Chain Depth 64 Size 0 Mode ref, Ref Stage 38, run, end, 9848925342901708
1787729859.504859, NoOp Chain Depth 64 Size 0 Mode ref, Ref Stage 39, run, start, 9848925342918860
1787729859.504885, NoOp Chain Depth 64 Size 0 Mode ref, Ref Stage 39, run, end, 9848925342944268
1787729859.504903, NoOp Chain Depth 64 Size 0 Mode ref, Ref Stage 40, run, start, 9848925342962940
1787729859.504927, NoOp Chain Depth 64 Size 0 Mode ref, Ref Stage 40, run, end, 9848925342986492
1787729859.505078, NoOp Chain Depth 64 Size 0 Mode ref, Ref Stage 41, run, start, 9848925343137564
1787729859.505102, NoOp Chain Depth 64 Size 0 Mode ref, Ref Stage 41, run, end, 9848925343161292
1787729859.505117, NoOp Chain Depth 64 Size 0 Mode ref, Ref Stage 42, run, start, 9848925343176492
1787729859.505139, NoOp Chain Depth 64 Size 0 Mode ref, Ref Stage 42, run, end, 9848925343198156
1787729859.505154, NoOp Chain Depth 64 Size 0 Mode ref, Ref Stage 43, run, start, 9848925343213356
1787729859.505176, NoOp Chain Depth 64 Size 0 Mode ref, Ref Stage 43, run, end, 9848925343234892
1787729859.505191, NoOp Chain Depth 64 Size 0 Mode ref, Ref Stage 44, run, start, 9848925343249868
1787729859.505212, NoOp Chain Depth 64 Size 0 Mode ref, Ref Stage 44, run, end, 9848925343271692
1787729859.505229, NoOp Chain Depth 64 Size 0 Mode ref, Ref Stage 45, run, start, 9848925343287756
1787729859.505252, NoOp Chain Depth 64 Size 0 Mode ref, Ref Stage 45, run, end, 9848925343311388
1787729859.505269, NoOp Chain Depth 64 Size 0 Mode ref, Ref Stage 46, run, start, 9848925343328524
1787729859.505294, NoOp Chain Depth 64 Size 0 Mode ref, Ref Stage 46, run, end, 9848925343353084
1787729859.505311, NoOp Chain Depth 64 Size 0 Mode ref, Ref Stage 47, run, start, 9848925343370123
1787729859.505336, NoOp Chain Depth 64 Size 0 Mode ref, Ref Stage 47, run, end, 9848925343395307
1787729859.505353, NoOp Chain Depth 64 Size 0 Mode ref, Ref Stage 48, run, start, 9848925343412187
1787729859.505377, NoOp Chain Depth 64 Size 0 Mode ref, Ref Stage 48, run, end, 9848925343436011
1787729859.505394, NoOp Chain Depth 64 Size 0 Mode ref, Ref Stage 49, run, start, 9848925343453211
1787729859.505419, NoOp Chain Depth 64 Size 0 Mode ref, Ref Stage 49, run, end, 9848925343478043
1787729859.505436, NoOp Chain Depth 64 Size 0 Mode ref, Ref Stage 50, run, start, 9848925343495227
1787729859.505461, NoOp Chain Depth 64 Size 0 Mode ref, Ref Stage 50, run, end, 9848925343519915
1787729859.505478, NoOp Chain Depth 64 Size 0 Mode ref, Ref Stage 51, run, start, 9848925343536939
1787729859.505501, NoOp Chain Depth 64 Size 0 Mode ref, Ref Stage 51, run, end, 9848925343560219
1787729859.505517, NoOp Chain Depth 64 Size 0 Mode ref, Ref Stage 52, run, start, 9848925343576395
1787729859.505543, NoOp Chain Depth 64 Size 0 Mode ref, Ref Stage 52, run, end, 9848925343601643
1787729859.505557, NoOp Chain Depth 64 Size 0 Mode ref, Ref Stage 53, run, start, 9848925343616427
1787729859.505579, NoOp Chain Depth 64 Size 0 Mode ref, Ref Stage 53, run, end, 9848925343638139
1787729859.505595, NoOp Chain Depth 64 Size 0 Mode ref, Ref Stage 54, run, start, 9848925343654763
1787729859.505617, NoOp Chain Depth 64 Size 0 Mode ref, Ref Stage 54, run, end, 9848925343676363
1787729859.505632, NoOp Chain Depth 64 Size 0 Mode ref, Ref Stage 55, run, start, 9848925343691083
1787729859.505653, NoOp Chain Depth 64 Size 0 Mode ref, Ref Stage 55, run, end, 9848925343712267
1787729859.505668, NoOp Chain Depth 64 Size 0 Mode ref, Ref Stage 56, run, start, 9848925343727067
1787729859.505690, NoOp Chain Depth 64 Size 0 Mode ref, Ref Stage 56, run, end, 9848925343749483
1787729859.505705, NoOp Chain Depth 64 Size 0 Mode ref, Ref Stage 57, run, start, 9848925343764603
1787729859.505727, NoOp Chain Depth 64 Size 0 Mode ref, Ref Stage 57, run, end, 9848925343786219
1787729859.505742, NoOp Chain Depth 64 Size 0 Mode ref, Ref Stage 58, run, start, 9848925343801243
1787729859.505763, NoOp Chain Depth 64 Size 0 Mode ref, Ref Stage 58, run, end, 9848925343822507
1787729859.505779, NoOp Chain Depth 64 Size 0 Mode ref, Ref Stage 59, run, start, 9848925343837691
1787729859.505800, NoOp Chain Depth 64 Size 0 Mode ref, Ref Stage 59, run, end, 9848925343858987
1787729859.505815, NoOp Chain Depth 64 Size 0 Mode ref, Ref Stage 60, run, start, 9848925343874155
1787729859.505836, NoOp Chain Depth 64 Size 0 Mode ref, Ref Stage 60, run, end, 9848925343895531
1787729859.505851, NoOp Chain Depth 64 Size 0 Mode ref, Ref Stage 61, run, start, 9848925343910139
1787729859.505873, NoOp Chain Depth 64 Size 0 Mode ref, Ref Stage 61, run, end, 9848925343932459
1787729859.505888, NoOp Chain Depth 64 Size 0 Mode ref, Ref Stage 62, run, start, 9848925343947275
1787729859.505909, NoOp Chain Depth 64 Size 0 Mode ref, Ref Stage 62, run, end, 9848925343968171
1787729859.505924, NoOp Chain Depth 64 Size 0 Mode ref, Ref Stage 63, run, start, 9848925343983467
1787729859.505947, NoOp Chain Depth 64 Size 0 Mode ref, Ref Stage 63, run, end, 9848925344006891
1787729859.505963, NoOp Chain Depth 64 Size 0 Mode ref, pipeline - train, run, end, 52004673390124453053736430836199613009, 1787729859.502697, 32, 1, 9848925344022987
1787729859.505999, NoOp Chain Depth 64 Size 0 Mode ref, pipeline - train, run, start, 272989783496444362064738657733307178453, 1787729859.505989, 33, 1, 9848925344058539
1787729859.506023, NoOp Chain Depth 64 Size 0 Mode ref, Ref Stage 0, run, start, 9848925344082715
1787729859.506046, NoOp Chain Depth 64 Size 0 Mode ref, Ref Stage 0, run, end, 9848925344104923
1787729859.506063, NoOp Chain Depth 64 Size 0 Mode ref, Ref Stage 1, run, start, 9848925344122315
1787729859.506087, NoOp Chain Depth 64 Size 0 Mode ref, Ref Stage 1, run, end, 9848925344146507
1787729859.506103, NoOp Chain Depth 64 Size 0 Mode ref, Ref Stage 2, run, start, 9848925344161835
1787729859.506124, NoOp Chain Depth 64 Size 0 Mode ref, Ref Stage 2, run, end, 9848925344183515
1787729859.506139, NoOp Chain Depth 64 Size 0 Mode ref, Ref Stage 3, run, start, 9848925344198587
1787729859.506161, NoOp Chain Depth 64 Size 0 Mode ref, Ref Stage 3, run, end, 9848925344220219
1787729859.506176, NoOp Chain Depth 64 Size 0 Mode ref, Ref Stage 4, run, start, 9848925344235211
1787729859.506198, NoOp Chain Depth 64 Size 0 Mode ref, Ref Stage 4, run, end, 9848925344257515
1787729859.506213, NoOp Chain Depth 64 Size 0 Mode ref, Ref Stage 5, run, start, 9848925344272795
1787729859.506235, NoOp Chain Depth 64 Size 0 Mode ref, Ref Stage 5, run, end, 9848925344294235
1787729859.506250, NoOp Chain Depth 64 Size 0 Mode ref, Ref Stage 6, run, start, 9848925344309515
1787729859.506273, NoOp Chain Depth 64 Size 0 Mode ref, Ref Stage 6, run, end, 9848925344332123
1787729859.506288, NoOp Chain Depth 64 Size 0 Mode ref, Ref Stage 7, run, start, 9848925344347259
1787729859.506310, NoOp Chain Depth 64 Size 0 Mode ref, Ref Stage 7, run, end, 9848925344368859
1787729859.506325, NoOp Chain Depth 64 Size 0 Mode ref, Ref Stage 8, run, start, 9848925344383899
1787729859.506346, NoOp Chain Depth 64 Size 0 Mode ref, Ref Stage 8, run, end, 9848925344405163
1787729859.506361, NoOp Chain Depth 64 Size 0 Mode ref, Ref Stage 9, run, start, 9848925344420123
1787729859.506384, NoOp Chain Depth 64 Size 0 Mode ref, Ref Stage 9, run, end, 9848925344442875
1787729859.506399, NoOp Chain Depth 64 Size 0 Mode ref, Ref Stage 10, run, start, 9848925344458619
1787729859.506421, NoOp Chain Depth 64 Size 0 Mode ref, Ref Stage 10, run, end, 9848925344480075
1787729859.506436, NoOp Chain Depth 64 Size 0 Mode ref, Ref Stage 11, run, start, 9848925344495179
1787729859.506458, NoOp Chain Depth 64 Size 0 Mode ref, Ref Stage 11, run, end, 9848925344516763
1787729859.506474, NoOp Chain Depth 64 Size 0 Mode ref, Ref Stage 12, run, start, 9848925344533147
1787729859.506505, NoOp Chain Depth 64 Size 0 Mode ref, Ref Stage 12, run, end, 9848925344563963
1787729859.506520, NoOp Chain Depth 64 Size 0 Mode ref, Ref Stage 13, run, start, 9848925344579099
1787729859.506541, NoOp Chain Depth 64 Size 0 Mode ref, Ref Stage 13, run, end, 9848925344600619
1787729859.506557, NoOp Chain Depth 64 Size 0 Mode ref, Ref Stage 14, run, start, 9848925344615883
1787729859.506578, NoOp Chain Depth 64 Size 0 Mode ref, Ref Stage 14, run, end, 9848925344637211
1787729859.506593, NoOp Chain Depth 64 Size 0 Mode ref, Ref Stage 15, run, start, 9848925344652219
1787729859.506617, NoOp Chain Depth 64 Size 0 Mode ref, Ref Stage 15, run, end, 9848925344676155
1787729859.506632, NoOp Chain Depth 64 Size 0 Mode ref, Ref Stage 16, run, start, 9848925344691227
1787729859.506653, NoOp Chain Depth 64 Size 0 Mode ref, Ref Stage 16, run, end, 9848925344712475
1787729859.506668, NoOp Chain Depth 64 Size 0 Mode ref, Ref Stage 17, run, start, 9848925344727307
1787729859.506690, NoOp Chain Depth 64 Size 0 Mode ref, Ref Stage 17, run, end, 9848925344749243
1787729859.506705, NoOp Chain Depth 64 Size 0 Mode ref, Ref Stage 18, run, start, 9848925344764187
1787729859.506726, NoOp Chain Depth 64 Size 0 Mode ref, Ref Stage 18, run, end, 9848925344785579
1787729859.506741, NoOp Chain Depth 64 Size 0 Mode ref, Ref Stage 19, run, start, 9848925344800379
1787729859.506762, NoOp Chain Depth 64 Size 0 Mode ref, Ref Stage 19, run, end, 9848925344821307
1787729859.506777, NoOp Chain Depth 64 Size 0 Mode ref, Ref Stage 20, run, start, 9848925344836139
1787729859.506799, NoOp Chain Depth 64 Size 0 Mode ref, Ref Stage 20, run, end, 9848925344858475
1787729859.506814, NoOp Chain Depth 64 Size 0 Mode ref, Ref Stage 21, run, start, 9848925344873307
1787729859.506835, NoOp Chain Depth 64 Size 0 Mode ref, Ref Stage 21, run, end, 9848925344894731
1787729859.506855, NoOp Chain Depth 64 Size 0 Mode ref, Ref Stage 22, run, start, 9848925344914043
1787729859.506879, NoOp Chain Depth 64 Size 0 Mode ref, Ref Stage 22, run, end, 9848925344938619
1787729859.507554, NoOp Chain Depth 64 Size 0 Mode ref, Ref Stage 23, run, start, 9848925345613338
1787729859.507588, NoOp Chain Depth 64 Size 0 Mode ref, Ref Stage 23, run, end, 9848925345647834
1787729859.507605, NoOp Chain Depth 64 Size 0 Mode ref, Ref Stage 24, run, start, 9848925345664330
1787729859.507630, NoOp Chain Depth 64 Size 0 Mode ref, Ref Stage 24, run, end, 9848925345688970
1787729859.507647, NoOp Chain Depth 64 Size 0 Mode ref, Ref Stage 25, run, start, 9848925345705914
1787729859.507671, NoOp Chain Depth 64 Size 0 Mode ref, Ref Stage 25, run, end, 9848925345729962
1787729859.507688, NoOp Chain Depth 64 Size 0 Mode ref, Ref Stage 26, run, start, 9848925345747322
1787729859.507712, NoOp Chain Depth 64 Size 0 Mode ref, Ref Stage 26, run, end, 9848925345771562
1787729859.507730, NoOp Chain Depth 64 Size 0 Mode ref, Ref Stage 27, run, start, 9848925345789082
1787729859.507754, NoOp Chain Depth 64 Size 0 Mode ref, Ref Stage 27, run, end, 9848925345813482
1787729859.507771, NoOp Chain Depth 64 Size 0 Mode ref, Ref Stage 28, run, start, 9848925345830842
1787729859.507796, NoOp Chain Depth 64 Size 0 Mode ref, Ref Stage 28, run, end, 9848925345855034
1787729859.507813, NoOp Chain Depth 64 Size 0 Mode ref, Ref Stage 29, run, start, 9848925345872202
1787729859.507839, NoOp Chain Depth 64 Size 0 Mode ref, Ref Stage 29, run, end, 9848925345898170
1787729859.507857, NoOp Chain Depth 64 Size 0 Mode ref, Ref Stage 30, run, start, 9848925345915898
1787729859.508011, NoOp Chain Depth 64 Size 0 Mode ref, Ref Stage 30, run, end, 9848925346070218
1787729859.508027, NoOp Chain Depth 64 Size 0 Mode ref, Ref Stage 31, run, start, 9848925346086314
1787729859.508049, NoOp Chain Depth 64 Size 0 Mode ref, Ref Stage 31, run, end, 9848925346108522
1787729859.508064, NoOp Chain Depth 64 Size 0 Mode ref, Ref Stage 32, run, start, 9848925346123498
1787729859.508086, NoOp Chain Depth 64 Size 0 Mode ref, Ref Stage 32, run, end, 9848925346145338
1787729859.508102, NoOp Chain Depth 64 Size 0 Mode ref, Ref Stage 33, run, start, 9848925346161722
1787729859.508128, NoOp Chain Depth 64 Size 0 Mode ref, Ref Stage 33, run, end, 9848925346187658
1787729859.508146, NoOp Chain Depth 64 Size 0 Mode ref, Ref Stage 34, run, start, 9848925346205674
1787729859.508170, NoOp Chain Depth 64 Size 0 Mode ref, Ref Stage 34, run, end, 9848925346229722
1787729859.508188, NoOp Chain Depth 64 Size 0 Mode ref, Ref Stage 35, run, start, 9848925346247626
1787729859.508212, NoOp Chain Depth 64 Size 0 Mode ref, Ref Stage 35, run, end, 9848925346271594
1787729859.508229, NoOp Chain Depth 64 Size 0 Mode ref, Ref Stage 36, run, start, 9848925346288762
1787729859.508253, NoOp Chain Depth 64 Size 0 Mode ref, Ref Stage 36, run, end, 9848925346312474
1787729859.508270, NoOp Chain Depth 64 Size 0 Mode ref, Ref Stage 37, run, start, 9848925346329306
1787729859.508293, NoOp Chain Depth 64 Size 0 Mode ref, Ref Stage 37, run, end, 9848925346352618
1787729859.508310, NoOp Chain Depth 64 Size 0 Mode ref, Ref Stage 38, run, start, 9848925346369594
1787729859.508336, NoOp Chain Depth 64 Size 0 Mode ref, Ref Stage 38, run, end, 9848925346395082
1787729859.508354, NoOp Chain Depth 64 Size 0 Mode ref, Ref Stage 39, run, start, 9848925346413178
1787729859.508503, NoOp Chain Depth 64 Size 0 Mode ref, Ref Stage 39, run, end, 9848925346562490
1787729859.508519, NoOp Chain Depth 64 Size 0 Mode ref, Ref Stage 40, run, start, 9848925346577802
1787729859.508540, NoOp Chain Depth 64 Size 0 Mode ref, Ref Stage 40, run, end, 9848925346599674
1787729859.508555, NoOp Chain Depth 64 Size 0 Mode ref, Ref Stage 41, run, start, 9848925346614762
1787729859.508577, NoOp Chain Depth 64 Size 0 Mode ref, Ref Stage 41, run, end, 9848925346636618
1787729859.508592, NoOp Chain Depth 64 Size 0 Mode ref, Ref Stage 42, run, start, 9848925346651786
1787729859.508614, NoOp Chain Depth 64 Size 0 Mode ref, Ref Stage 42, run, end, 9848925346673434
1787729859.508629, NoOp Chain Depth 64 Size 0 Mode ref, Ref Stage 43, run, start, 9848925346688602
1787729859.508651, NoOp Chain Depth 64 Size 0 Mode ref, Ref Stage 43, run, end, 9848925346710410
1787729859.508668, NoOp Chain Depth 64 Size 0 Mode ref, Ref Stage 44, run, start, 9848925346727546
1787729859.508693, NoOp Chain Depth 64 Size 0 Mode ref, Ref Stage 44, run, end, 9848925346751626
1787729859.508709, NoOp Chain Depth 64 Size 0 Mode ref, Ref Stage 45, run, start, 9848925346768554
1787729859.508733, NoOp Chain Depth 64 Size 0 Mode ref, Ref Stage 45, run, end, 9848925346792346
1787729859.508750, NoOp Chain Depth 64 Size 0 Mode ref, Ref Stage 46, run, start, 9848925346809722
1787729859.508774, NoOp Chain Depth 64 Size 0 Mode ref, Ref Stage 46, run, end, 9848925346833114
1787729859.508791, NoOp Chain Depth 64 Size 0 Mode ref, Ref Stage 47, run, start, 9848925346850458
1787729859.508815, NoOp Chain Depth 64 Size 0 Mode ref, Ref Stage 47, run, end, 9848925346873978
1787729859.508832, NoOp Chain Depth 64 Size 0 Mode ref, Ref Stage 48, run, start, 9848925346891274
1787729859.508855, NoOp Chain Depth 64 Size 0 Mode ref, Ref Stage 48, run, end, 9848925346914698
1787729859.508873, NoOp Chain Depth 64 Size 0 Mode ref, Ref Stage 49, run, start, 9848925346931690
1787729859.508896, NoOp Chain Depth 64 Size 0 Mode ref, Ref Stage 49, run, end, 9848925346955258
1787729859.508913, NoOp Chain Depth 64 Size 0 Mode ref, Ref Stage 50, run, start, 9848925346972362
1787729859.508937, NoOp Chain Depth 64 Size 0 Mode ref, Ref Stage 50, run, end, 9848925346995962
1787729859.509084, NoOp Chain Depth 64 Size 0 Mode ref, Ref Stage 51, run, start, 9848925347143258
1787729859.509109, NoOp Chain Depth 64 Size 0 Mode ref, Ref Stage 51, run, end, 9848925347168442
1787729859.509125, NoOp Chain Depth 64 Size 0 Mode ref, Ref Stage 52, run, start, 9848925347184090
1787729859.509147, NoOp Chain Depth 64 Size 0 Mode ref, Ref Stage 52, run, end, 9848925347206506
1787729859.509164, NoOp Chain Depth 64 Size 0 Mode ref, Ref Stage 53, run, start, 9848925347223482
1787729859.509188, NoOp Chain Depth 64 Size 0 Mode ref, Ref Stage 53, run, end, 9848925347247290
1787729859.509205, NoOp Chain Depth 64 Size 0 Mode ref, Ref Stage 54, run, start, 9848925347264202
1787729859.509228, NoOp Chain Depth 64 Size 0 Mode ref, Ref Stage 54, run, end, 9848925347287850
1787729859.509246, NoOp Chain Depth 64 Size 0 Mode ref, Ref Stage 55, run, start, 9848925347304970
1787729859.509269, NoOp Chain Depth 64 Size 0 Mode ref, Ref Stage 55, run, end, 9848925347328777
1787729859.509287, NoOp Chain Depth 64 Size 0 Mode ref, Ref Stage 56, run, start, 9848925347346441
1787729859.509311, NoOp Chain Depth 64 Size 0 Mode ref, Ref Stage 56, run, end, 9848925347370537
1787729859.509328, NoOp Chain Depth 64 Size 0 Mode ref, Ref Stage 57, run, start, 9848925347387769
1787729859.509352, NoOp Chain Depth 64 Size 0 Mode ref, Ref Stage 57, run, end, 9848925347411625
1787729859.509370, NoOp Chain Depth 64 Size 0 Mode ref, Ref Stage 58, run, start, 9848925347429129
1787729859.509393, NoOp Chain Depth 64 Size 0 Mode ref, Ref Stage 58, run, end, 9848925347452729
1787729859.509411, NoOp Chain Depth 64 Size 0 Mode ref, Ref Stage 59, run, start, 9848925347469769
1787729859.509435, NoOp Chain Depth 64 Size 0 Mode ref, Ref Stage 59, run, end, 9848925347493977
1787729859.509452, NoOp Chain Depth 64 Size 0 Mode ref, Ref Stage 60, run, start, 9848925347511065
1787729859.509475, NoOp Chain Depth 64 Size 0 Mode ref, Ref Stage 60, run, end, 9848925347534697
1787729859.509492, NoOp Chain Depth 64 Size 0 Mode ref, Ref Stage 61, run, start, 9848925347551881
1787729859.509516, NoOp Chain Depth 64 Size 0 Mode ref, Ref Stage 61, run, end, 9848925347575785
1787729859.509533, NoOp Chain Depth 64 Size 0 Mode ref, Ref Stage 62, run, start, 9848925347592729
1787729859.509557, NoOp Chain Depth 64 Size 0 Mode ref, Ref Stage 62, run, end, 9848925347616873
1787729859.509575, NoOp Chain Depth 64 Size 0 Mode ref, Ref Stage 63, run, start, 9848925347634409
1787729859.509599, NoOp Chain Depth 64 Size 0 Mode ref, Ref Stage 63, run, end, 9848925347658281
1787729859.509616, NoOp Chain Depth 64 Size 0 Mode ref, pipeline - train, run, end, 272989783496444362064738657733307178453, 1787729859.505989, 33, 1, 9848925347675593
1787729859.509658, NoOp Chain Depth 64 Size 0 Mode ref, pipeline - train, run, start, 216556620672450495903625429570435827302, 1787729859.509646, 34, 1, 9848925347717865
1787729859.509686, NoOp Chain Depth 64 Size 0 Mode ref, Ref Stage 0, run, start, 9848925347745593
1787729859.509711, NoOp Chain Depth 64 Size 0 Mode ref, Ref Stage 0, run, end, 9848925347769801
1787729859.509728, NoOp Chain Depth 64 Size 0 Mode ref, Ref Stage 1, run, start, 9848925347787065
1787729859.509996, NoOp Chain Depth 64 Size 0 Mode ref, Ref Stage 1, run, end, 9848925348055321
1787729859.510012, NoOp Chain Depth 64 Size 0 Mode ref, Ref Stage 2, run, start, 9848925348071417
1787729859.510034, NoOp Chain Depth 64 Size 0 Mode ref, Ref Stage 2, run, end, 9848925348093721
1787729859.510050, NoOp Chain Depth 64 Size 0 Mode ref, Ref Stage 3, run, start, 9848925348109129
1787729859.510072, NoOp Chain Depth 64 Size 0 Mode ref, Ref Stage 3, run, end, 9848925348130953
1787729859.510087, NoOp Chain Depth 64 Size 0 Mode ref, Ref Stage 4, run, start, 9848925348146233
1787729859.510109, NoOp Chain Depth 64 Size 0 Mode ref, Ref Stage 4, run, end, 9848925348168361
1787729859.510124, NoOp Chain Depth 64 Size 0 Mode ref, Ref Stage 5, run, start, 9848925348183785
1787729859.510147, NoOp Chain Depth 64 Size 0 Mode ref, Ref Stage 5, run, end, 9848925348205897
1787729859.510161, NoOp Chain Depth 64 Size 0 Mode ref, Ref Stage 6, run, start, 9848925348220793
1787729859.510185, NoOp Chain Depth 64 Size 0 Mode ref, Ref Stage 6, run, end, 9848925348243833
1787729859.510200, NoOp Chain Depth 64 Size 0 Mode ref, Ref Stage 7, run, start, 9848925348259017
1787729859.510225, NoOp Chain Depth 64 Size 0 Mode ref, Ref Stage 7, run, end, 9848925348284281
1787729859.510242, NoOp Chain Depth 64 Size 0 Mode ref, Ref Stage 8, run, start, 9848925348301305
1787729859.510266, NoOp Chain Depth 64 Size 0 Mode ref, Ref Stage 8, run, end, 9848925348324793
1787729859.510283, NoOp Chain Depth 64 Size 0 Mode ref, Ref Stage 9, run, start, 9848925348341753
1787729859.510306, NoOp Chain Depth 64 Size 0 Mode ref, Ref Stage 9, run, end, 9848925348365209
1787729859.510455, NoOp Chain Depth 64 Size 0 Mode ref, Ref Stage 10, run, start, 9848925348514377
1787729859.510478, NoOp Chain Depth 64 Size 0 Mode ref, Ref Stage 10, run, end, 9848925348537737
1787729859.510494, NoOp Chain Depth 64 Size 0 Mode ref, Ref Stage 11, run, start, 9848925348553065
1787729859.510516, NoOp Chain Depth 64 Size 0 Mode ref, Ref Stage 11, run, end, 9848925348575257
1787729859.510531, NoOp Chain Depth 64 Size 0 Mode ref, Ref Stage 12, run, start, 9848925348590217
1787729859.510552, NoOp Chain Depth 64 Size 0 Mode ref, Ref Stage 12, run, end, 9848925348611689
1787729859.510567, NoOp Chain Depth 64 Size 0 Mode ref, Ref Stage 13, run, start, 9848925348626825
1787729859.510589, NoOp Chain Depth 64 Size 0 Mode ref, Ref Stage 13, run, end, 9848925348648729
1787729859.510604, NoOp Chain Depth 64 Size 0 Mode ref, Ref Stage 14, run, start, 9848925348663609
1787729859.510626, NoOp Chain Depth 64 Size 0 Mode ref, Ref Stage 14, run, end, 9848925348685193
1787729859.510641, NoOp Chain Depth 64 Size 0 Mode ref, Ref Stage 15, run, start, 9848925348700393
1787729859.510663, NoOp Chain Depth 64 Size 0 Mode ref, Ref Stage 15, run, end, 9848925348721769
1787729859.510677, NoOp Chain Depth 64 Size 0 Mode ref, Ref Stage 16, run, start, 9848925348736473
1787729859.510699, NoOp Chain Depth 64 Size 0 Mode ref, Ref Stage 16, run, end, 9848925348757929
1787729859.510714, NoOp Chain Depth 64 Size 0 Mode ref, Ref Stage 17, run, start, 9848925348773017
1787729859.510737, NoOp Chain Depth 64 Size 0 Mode ref, Ref Stage 17, run, end, 9848925348795897
1787729859.510754, NoOp Chain Depth 64 Size 0 Mode ref, Ref Stage 18, run, start, 9848925348812889
1787729859.510777, NoOp Chain Depth 64 Size 0 Mode ref, Ref Stage 18, run, end, 9848925348836601
1787729859.510796, NoOp Chain Depth 64 Size 0 Mode ref, Ref Stage 19, run, start, 9848925348854729
1787729859.510820, NoOp Chain Depth 64 Size 0 Mode ref, Ref Stage 19, run, end, 9848925348879625
1787729859.510837, NoOp Chain Depth 64 Size 0 Mode ref, Ref Stage 20, run, start, 9848925348896489
1787729859.510860, NoOp Chain Depth 64 Size 0 Mode ref, Ref Stage 20, run, end, 9848925348919881
1787729859.510877, NoOp Chain Depth 64 Size 0 Mode ref, Ref Stage 21, run, start, 9848925348936681
1787729859.510903, NoOp Chain Depth 64 Size 0 Mode ref, Ref Stage 21, run, end, 9848925348961833
1787729859.510921, NoOp Chain Depth 64 Size 0 Mode ref, Ref Stage 22, run, start, 9848925348979897
1787729859.510948, NoOp Chain Depth 64 Size 0 Mode ref, Ref Stage 22, run, end, 9848925349007177
1787729859.510966, NoOp Chain Depth 64 Size 0 Mode ref, Ref Stage 23, run, start, 9848925349025273
1787729859.510990, NoOp Chain Depth 64 Size 0 Mode ref, Ref Stage 23, run, end, 9848925349048953
1787729859.511007, NoOp Chain Depth 64 Size 0 Mode ref, Ref Stage 24, run, start, 9848925349066233
1787729859.511030, NoOp Chain Depth 64 Size 0 Mode ref, Ref Stage 24, run, end, 9848925349089849
1787729859.511047, NoOp Chain Depth 64 Size 0 Mode ref, Ref Stage 25, run, start, 9848925349106601
1787729859.511071, NoOp Chain Depth 64 Size 0 Mode ref, Ref Stage 25, run, end, 9848925349130105
1787729859.511088, NoOp Chain Depth 64 Size 0 Mode ref, Ref Stage 26, run, start, 9848925349147177
1787729859.511111, NoOp Chain Depth 64 Size 0 Mode ref, Ref Stage 26, run, end, 9848925349170808
1787729859.511128, NoOp Chain Depth 64 Size 0 Mode ref, Ref Stage 27, run, start, 9848925349187800
1787729859.511409, NoOp Chain Depth 64 Size 0 Mode ref, Ref Stage 27, run, end, 9848925349468984
1787729859.511425, NoOp Chain Depth 64 Size 0 Mode ref, Ref Stage 28, run, start, 9848925349484344
1787729859.511447, NoOp Chain Depth 64 Size 0 Mode ref, Ref Stage 28, run, end, 9848925349506248
1787729859.511462, NoOp Chain Depth 64 Size 0 Mode ref, Ref Stage 29, run, start, 9848925349521320
1787729859.511484, NoOp Chain Depth 64 Size 0 Mode ref, Ref Stage 29, run, end, 9848925349542952
1787729859.511498, NoOp Chain Depth 64 Size 0 Mode ref, Ref Stage 30, run, start, 9848925349557800
1787729859.511520, NoOp Chain Depth 64 Size 0 Mode ref, Ref Stage 30, run, end, 9848925349579592
1787729859.511536, NoOp Chain Depth 64 Size 0 Mode ref, Ref Stage 31, run, start, 9848925349594936
1787729859.511557, NoOp Chain Depth 64 Size 0 Mode ref, Ref Stage 31, run, end, 9848925349616488
1787729859.511572, NoOp Chain Depth 64 Size 0 Mode ref, Ref Stage 32, run, start, 9848925349631672
1787729859.511596, NoOp Chain Depth 64 Size 0 Mode ref, Ref Stage 32, run, end, 9848925349655080
1787729859.511608, NoOp Chain Depth 64 Size 0 Mode ref, Ref Stage 33, run, start, 9848925349667240
1787729859.511640, NoOp Chain Depth 64 Size 0 Mode ref, Ref Stage 33, run, end, 9848925349699144
1787729859.511655, NoOp Chain Depth 64 Size 0 Mode ref, Ref Stage 34, run, start, 9848925349714760
1787729859.511677, NoOp Chain Depth 64 Size 0 Mode ref, Ref Stage 34, run, end, 9848925349736248
1787729859.511692, NoOp Chain Depth 64 Size 0 Mode ref, Ref Stage 35, run, start, 9848925349751336
1787729859.511714, NoOp Chain Depth 64 Size 0 Mode ref, Ref Stage 35, run, end, 9848925349772744
1787729859.511728, NoOp Chain Depth 64 Size 0 Mode ref, Ref Stage 36, run, start, 9848925349787800
1787729859.511750, NoOp Chain Depth 64 Size 0 Mode ref, Ref Stage 36, run, end, 9848925349809240
1787729859.511765, NoOp Chain Depth 64 Size 0 Mode ref, Ref Stage 37, run, start, 9848925349824280
1787729859.511788, NoOp Chain Depth 64 Size 0 Mode ref, Ref Stage 37, run, end, 9848925349847224
1787729859.511803, NoOp Chain Depth 64 Size 0 Mode ref, Ref Stage 38, run, start, 9848925349862664
1787729859.511827, NoOp Chain Depth 64 Size 0 Mode ref, Ref Stage 38, run, end, 9848925349886824
1787729859.511843, NoOp Chain Depth 64 Size 0 Mode ref, Ref Stage 39, run, start, 9848925349902200
1787729859.511865, NoOp Chain Depth 64 Size 0 Mode ref, Ref Stage 39, run, end, 9848925349924136
1787729859.511880, NoOp Chain Depth 64 Size 0 Mode ref, Ref Stage 40, run, start, 9848925349939368
1787729859.511902, NoOp Chain Depth 64 Size 0 Mode ref, Ref Stage 40, run, end, 9848925349961288
1787729859.511919, NoOp Chain Depth 64 Size 0 Mode ref, Ref Stage 41, run, start, 9848925349978264
1787729859.511942, NoOp Chain Depth 64 Size 0 Mode ref, Ref Stage 41, run, end, 9848925350003480
1787729859.511962, NoOp Chain Depth 64 Size 0 Mode ref, Ref Stage 42, run, start, 9848925350021336
1787729859.511986, NoOp Chain Depth 64 Size 0 Mode ref, Ref Stage 42, run, end, 9848925350045352
1787729859.512003, NoOp Chain Depth 64 Size 0 Mode ref, Ref Stage 43, run, start, 9848925350062728
1787729859.512029, NoOp Chain Depth 64 Size 0 Mode ref, Ref Stage 43, run, end, 9848925350089640
1787729859.512047, NoOp Chain Depth 64 Size 0 Mode ref, Ref Stage 44, run, start, 9848925350106808
1787729859.512073, NoOp Chain Depth 64 Size 0 Mode ref, Ref Stage 44, run, end, 9848925350131944
1787729859.512090, NoOp Chain Depth 64 Size 0 Mode ref, Ref Stage 45, run, start, 9848925350149096
1787729859.512115, NoOp Chain Depth 64 Size 0 Mode ref, Ref Stage 45, run, end, 9848925350174056
1787729859.512132, NoOp Chain Depth 64 Size 0 Mode ref, Ref Stage 46, run, start, 9848925350190952
1787729859.512155, NoOp Chain Depth 64 Size 0 Mode ref, Ref Stage 46, run, end, 9848925350214696
1787729859.512172, NoOp Chain Depth 64 Size 0 Mode ref, Ref Stage 47, run, start, 9848925350231704
1787729859.512196, NoOp Chain Depth 64 Size 0 Mode ref, Ref Stage 47, run, end, 9848925350255464
1787729859.512213, NoOp Chain Depth 64 Size 0 Mode ref, Ref Stage 48, run, start, 9848925350272312
1787729859.512366, NoOp Chain Depth 64 Size 0 Mode ref, Ref Stage 48, run, end, 9848925350425576
1787729859.512382, NoOp Chain Depth 64 Size 0 Mode ref, Ref Stage 49, run, start, 9848925350441064
1787729859.512404, NoOp Chain Depth 64 Size 0 Mode ref, Ref Stage 49, run, end, 9848925350462872
1787729859.512421, NoOp Chain Depth 64 Size 0 Mode ref, Ref Stage 50, run, start, 9848925350479912
1787729859.512444, NoOp Chain Depth 64 Size 0 Mode ref, Ref Stage 50, run, end, 9848925350503528
1787729859.512461, NoOp Chain Depth 64 Size 0 Mode ref, Ref Stage 51, run, start, 9848925350520472
1787729859.512485, NoOp Chain Depth 64 Size 0 Mode ref, Ref Stage 51, run, end, 9848925350543944
1787729859.512501, NoOp Chain Depth 64 Size 0 Mode ref, Ref Stage 52, run, start, 9848925350560920
1787729859.512526, NoOp Chain Depth 64 Size 0 Mode ref, Ref Stage 52, run, end, 9848925350584760
1787729859.512542, NoOp Chain Depth 64 Size 0 Mode ref, Ref Stage 53, run, start, 9848925350601832
1787729859.512566, NoOp Chain Depth 64 Size 0 Mode ref, Ref Stage 53, run, end, 9848925350625560
1787729859.512584, NoOp Chain Depth 64 Size 0 Mode ref, Ref Stage 54, run, start, 9848925350643208
1787729859.512608, NoOp Chain Depth 64 Size 0 Mode ref, Ref Stage 54, run, end, 9848925350666984
1787729859.512625, NoOp Chain Depth 64 Size 0 Mode ref, Ref Stage 55, run, start, 9848925350684072
1787729859.512648, NoOp Chain Depth 64 Size 0 Mode ref, Ref Stage 55, run, end, 9848925350707800
1787729859.512666, NoOp Chain Depth 64 Size 0 Mode ref, Ref Stage 56, run, start, 9848925350724872
1787729859.512766, NoOp Chain Depth 64 Size 0 Mode ref, Ref Stage 56, run, end, 9848925350825544
1787729859.512785, NoOp Chain Depth 64 Size 0 Mode ref, Ref Stage 57, run, start, 9848925350844664
1787729859.512811, NoOp Chain Depth 64 Size 0 Mode ref, Ref Stage 57, run, end, 9848925350870120
1787729859.512828, NoOp Chain Depth 64 Size 0 Mode ref, Ref Stage 58, run, start, 9848925350887240
1787729859.512852, NoOp Chain Depth 64 Size 0 Mode ref, Ref Stage 58, run, end, 9848925350911064
1787729859.512869, NoOp Chain Depth 64 Size 0 Mode ref, Ref Stage 59, run, start, 9848925350928024
1787729859.512894, NoOp Chain Depth 64 Size 0 Mode ref, Ref Stage 59, run, end, 9848925350953816
1787729859.512912, NoOp Chain Depth 64 Size 0 Mode ref, Ref Stage 60, run, start, 9848925350971080
1787729859.512935, NoOp Chain Depth 64 Size 0 Mode ref, Ref Stage 60, run, end, 9848925350994696
1787729859.512955, NoOp Chain Depth 64 Size 0 Mode ref, Ref Stage 61, run, start, 9848925351014504
1787729859.512980, NoOp Chain Depth 64 Size 0 Mode ref, Ref Stage 61, run, end, 9848925351039096
1787729859.512997, NoOp Chain Depth 64 Size 0 Mode ref, Ref Stage 62, run, start, 9848925351056392
1787729859.513022, NoOp Chain Depth 64 Size 0 Mode ref, Ref Stage 62, run, end, 9848925351081064
1787729859.513287, NoOp Chain Depth 64 Size 0 Mode ref, Ref Stage 63, run, start, 9848925351346791
1787729859.513310, NoOp Chain Depth 64 Size 0 Mode ref, Ref Stage 63, run, end, 9848925351369703
1787729859.513326, NoOp Chain Depth 64 Size 0 Mode ref, pipeline - train, run, end, 216556620672450495903625429570435827302, 1787729859.509646, 34, 1, 9848925351385415
1787729859.513362, NoOp Chain Depth 64 Size 0 Mode ref, pipeline - train, run, start, 154774724128882946763881490494921623129, 1787729859.513351, 35, 1, 9848925351421095
1787729859.513385, NoOp Chain Depth 64 Size 0 Mode ref, Ref Stage 0, run, start, 9848925351444103
1787729859.513407, NoOp Chain Depth 64 Size 0 Mode ref, Ref Stage 0, run, end, 9848925351466375
1787729859.513422, NoOp Chain Depth 64 Size 0 Mode ref, Ref Stage 1, run, start, 9848925351481463
1787729859.513445, NoOp Chain Depth 64 Size 0 Mode ref, Ref Stage 1, run, end, 9848925351503975
1787729859.513461, NoOp Chain Depth 64 Size 0 Mode ref, Ref Stage 2, run, start, 9848925351520295
1787729859.513485, NoOp Chain Depth 64 Size 0 Mode ref, Ref Stage 2, run, end, 9848925351544327
1787729859.513502, NoOp Chain Depth 64 Size 0 Mode ref, Ref Stage 3, run, start, 9848925351561639
1787729859.513653, NoOp Chain Depth 64 Size 0 Mode ref, Ref Stage 3, run, end, 9848925351712279
1787729859.513668, NoOp Chain Depth 64 Size 0 Mode ref, Ref Stage 4, run, start, 9848925351727351
1787729859.513690, NoOp Chain Depth 64 Size 0 Mode ref, Ref Stage 4, run, end, 9848925351749239
1787729859.513705, NoOp Chain Depth 64 Size 0 Mode ref, Ref Stage 5, run, start, 9848925351764279
1787729859.513726, NoOp Chain Depth 64 Size 0 Mode ref, Ref Stage 5, run, end, 9848925351785815
1787729859.513741, NoOp Chain Depth 64 Size 0 Mode ref, Ref Stage 6, run, start, 9848925351800983
1787729859.513763, NoOp Chain Depth 64 Size 0 Mode ref, Ref Stage 6, run, end, 9848925351822743
1787729859.513778, NoOp Chain Depth 64 Size 0 Mode ref, Ref Stage 7, run, start, 9848925351837831
1787729859.513800, NoOp Chain Depth 64 Size 0 Mode ref, Ref Stage 7, run, end, 9848925351859719
1787729859.513815, NoOp Chain Depth 64 Size 0 Mode ref, Ref Stage 8, run, start, 9848925351874647
1787729859.513837, NoOp Chain Depth 64 Size 0 Mode ref, Ref Stage 8, run, end, 9848925351896199
1787729859.513852, NoOp Chain Depth 64 Size 0 Mode ref, Ref Stage 9, run, start, 9848925351911511
1787729859.513874, NoOp Chain Depth 64 Size 0 Mode ref, Ref Stage 9, run, end, 9848925351932983
1787729859.513889, NoOp Chain Depth 64 Size 0 Mode ref, Ref Stage 10, run, start, 9848925351948071
1787729859.513911, NoOp Chain Depth 64 Size 0 Mode ref, Ref Stage 10, run, end, 9848925351969671
1787729859.513925, NoOp Chain Depth 64 Size 0 Mode ref, Ref Stage 11, run, start, 9848925351984599
1787729859.513948, NoOp Chain Depth 64 Size 0 Mode ref, Ref Stage 11, run, end, 9848925352007271
1787729859.513963, NoOp Chain Depth 64 Size 0 Mode ref, Ref Stage 12, run, start, 9848925352022951
1787729859.513985, NoOp Chain Depth 64 Size 0 Mode ref, Ref Stage 12, run, end, 9848925352044647
1787729859.514002, NoOp Chain Depth 64 Size 0 Mode ref, Ref Stage 13, run, start, 9848925352061783
1787729859.514026, NoOp Chain Depth 64 Size 0 Mode ref, Ref Stage 13, run, end, 9848925352085895
1787729859.514171, NoOp Chain Depth 64 Size 0 Mode ref, Ref Stage 14, run, start, 9848925352231111
1787729859.514194, NoOp Chain Depth 64 Size 0 Mode ref, Ref Stage 14, run, end, 9848925352253543
1787729859.514209, NoOp Chain Depth 64 Size 0 Mode ref, Ref Stage 15, run, start, 9848925352268743
1787729859.514231, NoOp Chain Depth 64 Size 0 Mode ref, Ref Stage 15, run, end, 9848925352290567
1787729859.514246, NoOp Chain Depth 64 Size 0 Mode ref, Ref Stage 16, run, start, 9848925352305463
1787729859.514268, NoOp Chain Depth 64 Size 0 Mode ref, Ref Stage 16, run, end, 9848925352327015
1787729859.514282, NoOp Chain Depth 64 Size 0 Mode ref, Ref Stage 17, run, start, 9848925352341655
1787729859.514303, NoOp Chain Depth 64 Size 0 Mode ref, Ref Stage 17, run, end, 9848925352362775
1787729859.514318, NoOp Chain Depth 64 Size 0 Mode ref, Ref Stage 18, run, start, 9848925352377367
1787729859.514340, NoOp Chain Depth 64 Size 0 Mode ref, Ref Stage 18, run, end, 9848925352398807
1787729859.514354, NoOp Chain Depth 64 Size 0 Mode ref, Ref Stage 19, run, start, 9848925352413575
1787729859.514377, NoOp Chain Depth 64 Size 0 Mode ref, Ref Stage 19, run, end, 9848925352436567
1787729859.514392, NoOp Chain Depth 64 Size 0 Mode ref, Ref Stage 20, run, start, 9848925352451463
1787729859.514415, NoOp Chain Depth 64 Size 0 Mode ref, Ref Stage 20, run, end, 9848925352474471
1787729859.514427, NoOp Chain Depth 64 Size 0 Mode ref, Ref Stage 21, run, start, 9848925352486871
1787729859.514589, NoOp Chain Depth 64 Size 0 Mode ref, Ref Stage 21, run, end, 9848925352648135
1787729859.514604, NoOp Chain Depth 64 Size 0 Mode ref, Ref Stage 22, run, start, 9848925352663559
1787729859.514626, NoOp Chain Depth 64 Size 0 Mode ref, Ref Stage 22, run, end, 9848925352685287
1787729859.514641, NoOp Chain Depth 64 Size 0 Mode ref, Ref Stage 23, run, start, 9848925352700375
1787729859.514663, NoOp Chain Depth 64 Size 0 Mode ref, Ref Stage 23, run, end, 9848925352721879
1787729859.514678, NoOp Chain Depth 64 Size 0 Mode ref, Ref Stage 24, run, start, 9848925352736807
1787729859.514705, NoOp Chain Depth 64 Size 0 Mode ref, Ref Stage 24, run, end, 9848925352764007
1787729859.514720, NoOp Chain Depth 64 Size 0 Mode ref, Ref Stage 25, run, start, 9848925352778951
1787729859.514741, NoOp Chain Depth 64 Size 0 Mode ref, Ref Stage 25, run, end, 9848925352800711
1787729859.514756, NoOp Chain Depth 64 Size 0 Mode ref, Ref Stage 26, run, start, 9848925352815671
1787729859.514780, NoOp Chain Depth 64 Size 0 Mode ref, Ref Stage 26, run, end, 9848925352838951
1787729859.514795, NoOp Chain Depth 64 Size 0 Mode ref, Ref Stage 27, run, start, 9848925352854567
1787729859.514817, NoOp Chain Depth 64 Size 0 Mode ref, Ref Stage 27, run, end, 9848925352876295
1787729859.514832, NoOp Chain Depth 64 Size 0 Mode ref, Ref Stage 28, run, start, 9848925352891495
1787729859.514855, NoOp Chain Depth 64 Size 0 Mode ref, Ref Stage 28, run, end, 9848925352913895
1787729859.514870, NoOp Chain Depth 64 Size 0 Mode ref, Ref Stage 29, run, start, 9848925352929191
1787729859.514893, NoOp Chain Depth 64 Size 0 Mode ref, Ref Stage 29, run, end, 9848925352951687
1787729859.514907, NoOp Chain Depth 64 Size 0 Mode ref, Ref Stage 30, run, start, 9848925352966823
1787729859.514932, NoOp Chain Depth 64 Size 0 Mode ref, Ref Stage 30, run, end, 9848925352991095
1787729859.514949, NoOp Chain Depth 64 Size 0 Mode ref, Ref Stage 31, run, start, 9848925353008007
1787729859.514973, NoOp Chain Depth 64 Size 0 Mode ref, Ref Stage 31, run, end, 9848925353031911
1787729859.516448, NoOp Chain Depth 64 Size 0 Mode ref, Ref Stage 32, run, start, 9848925354507814
1787729859.516472, NoOp Chain Depth 64 Size 0 Mode ref, Ref Stage 32, run, end, 9848925354530838
1787729859.516487, NoOp Chain Depth 64 Size 0 Mode ref, Ref Stage 33, run, start, 9848925354546406
1787729859.516509, NoOp Chain Depth 64 Size 0 Mode ref, Ref Stage 33, run, end, 9848925354568518
1787729859.516524, NoOp Chain Depth 64 Size 0 Mode ref, Ref Stage 34, run, start, 9848925354583590
1787729859.516546, NoOp Chain Depth 64 Size 0 Mode ref, Ref Stage 34, run, end, 9848925354605478
1787729859.516561, NoOp Chain Depth 64 Size 0 Mode ref, Ref Stage 35, run, start, 9848925354620582
1787729859.516583, NoOp Chain Depth 64 Size 0 Mode ref, Ref Stage 35, run, end, 9848925354642070
1787729859.516598, NoOp Chain Depth 64 Size 0 Mode ref, Ref Stage 36, run, start, 9848925354657078
1787729859.516619, NoOp Chain Depth 64 Size 0 Mode ref, Ref Stage 36, run, end, 9848925354678854
1787729859.516635, NoOp Chain Depth 64 Size 0 Mode ref, Ref Stage 37, run, start, 9848925354694150
1787729859.516656, NoOp Chain Depth 64 Size 0 Mode ref, Ref Stage 37, run, end, 9848925354715510
1787729859.516671, NoOp Chain Depth 64 Size 0 Mode ref, Ref Stage 38, run, start, 9848925354730454
1787729859.516693, NoOp Chain Depth 64 Size 0 Mode ref, Ref Stage 38, run, end, 9848925354751990
1787729859.516708, NoOp Chain Depth 64 Size 0 Mode ref, Ref Stage 39, run, start, 9848925354766838
1787729859.516729, NoOp Chain Depth 64 Size 0 Mode ref, Ref Stage 39, run, end, 9848925354788230
1787729859.516746, NoOp Chain Depth 64 Size 0 Mode ref, Ref Stage 40, run, start, 9848925354805158
1787729859.516770, NoOp Chain Depth 64 Size 0 Mode ref, Ref Stage 40, run, end, 9848925354829222
1787729859.516787, NoOp Chain Depth 64 Size 0 Mode ref, Ref Stage 41, run, start, 9848925354846358
1787729859.516811, NoOp Chain Depth 64 Size 0 Mode ref, Ref Stage 41, run, end, 9848925354869990
1787729859.516828, NoOp Chain Depth 64 Size 0 Mode ref, Ref Stage 42, run, start, 9848925354887046
1787729859.516851, NoOp Chain Depth 64 Size 0 Mode ref, Ref Stage 42, run, end, 9848925354910726
1787729859.516868, NoOp Chain Depth 64 Size 0 Mode ref, Ref Stage 43, run, start, 9848925354927782
1787729859.516892, NoOp Chain Depth 64 Size 0 Mode ref, Ref Stage 43, run, end, 9848925354951494
1787729859.516909, NoOp Chain Depth 64 Size 0 Mode ref, Ref Stage 44, run, start, 9848925354968421
1787729859.516933, NoOp Chain Depth 64 Size 0 Mode ref, Ref Stage 44, run, end, 9848925354991877
1787729859.516950, NoOp Chain Depth 64 Size 0 Mode ref, Ref Stage 45, run, start, 9848925355009653
1787729859.517101, NoOp Chain Depth 64 Size 0 Mode ref, Ref Stage 45, run, end, 9848925355160613
1787729859.517116, NoOp Chain Depth 64 Size 0 Mode ref, Ref Stage 46, run, start, 9848925355175541
1787729859.517137, NoOp Chain Depth 64 Size 0 Mode ref, Ref Stage 46, run, end, 9848925355196757
1787729859.517153, NoOp Chain Depth 64 Size 0 Mode ref, Ref Stage 47, run, start, 9848925355211829
1787729859.517174, NoOp Chain Depth 64 Size 0 Mode ref, Ref Stage 47, run, end, 9848925355233221
1787729859.517189, NoOp Chain Depth 64 Size 0 Mode ref, Ref Stage 48, run, start, 9848925355248501
1787729859.517211, NoOp Chain Depth 64 Size 0 Mode ref, Ref Stage 48, run, end, 9848925355270293
1787729859.517228, NoOp Chain Depth 64 Size 0 Mode ref, Ref Stage 49, run, start, 9848925355287061
1787729859.517252, NoOp Chain Depth 64 Size 0 Mode ref, Ref Stage 49, run, end, 9848925355310981
1787729859.517268, NoOp Chain Depth 64 Size 0 Mode ref, Ref Stage 50, run, start, 9848925355327893
1787729859.517292, NoOp Chain Depth 64 Size 0 Mode ref, Ref Stage 50, run, end, 9848925355351221
1787729859.517309, NoOp Chain Depth 64 Size 0 Mode ref, Ref Stage 51, run, start, 9848925355368085
1787729859.517332, NoOp Chain Depth 64 Size 0 Mode ref, Ref Stage 51, run, end, 9848925355391477
1787729859.517349, NoOp Chain Depth 64 Size 0 Mode ref, Ref Stage 52, run, start, 9848925355408373
1787729859.517373, NoOp Chain Depth 64 Size 0 Mode ref, Ref Stage 52, run, end, 9848925355431845
1787729859.517389, NoOp Chain Depth 64 Size 0 Mode ref, Ref Stage 53, run, start, 9848925355448741
1787729859.517413, NoOp Chain Depth 64 Size 0 Mode ref, Ref Stage 53, run, end, 9848925355472229
1787729859.517430, NoOp Chain Depth 64 Size 0 Mode ref, Ref Stage 54, run, start, 9848925355489189
1787729859.517453, NoOp Chain Depth 64 Size 0 Mode ref, Ref Stage 54, run, end, 9848925355512437
1787729859.517470, NoOp Chain Depth 64 Size 0 Mode ref, Ref Stage 55, run, start, 9848925355529541
1787729859.517493, NoOp Chain Depth 64 Size 0 Mode ref, Ref Stage 55, run, end, 9848925355552885
1787729859.517511, NoOp Chain Depth 64 Size 0 Mode ref, Ref Stage 56, run, start, 9848925355570085
1787729859.517536, NoOp Chain Depth 64 Size 0 Mode ref, Ref Stage 56, run, end, 9848925355595109
1787729859.517555, NoOp Chain Depth 64 Size 0 Mode ref, Ref Stage 57, run, start, 9848925355614133
1787729859.517579, NoOp Chain Depth 64 Size 0 Mode ref, Ref Stage 57, run, end, 9848925355637797
1787729859.517726, NoOp Chain Depth 64 Size 0 Mode ref, Ref Stage 58, run, start, 9848925355785829
1787729859.517749, NoOp Chain Depth 64 Size 0 Mode ref, Ref Stage 58, run, end, 9848925355808261
1787729859.517764, NoOp Chain Depth 64 Size 0 Mode ref, Ref Stage 59, run, start, 9848925355823445
1787729859.517786, NoOp Chain Depth 64 Size 0 Mode ref, Ref Stage 59, run, end, 9848925355844949
1787729859.517803, NoOp Chain Depth 64 Size 0 Mode ref, Ref Stage 60, run, start, 9848925355862181
1787729859.517827, NoOp Chain Depth 64 Size 0 Mode ref, Ref Stage 60, run, end, 9848925355886021
1787729859.517844, NoOp Chain Depth 64 Size 0 Mode ref, Ref Stage 61, run, start, 9848925355903173
1787729859.517868, NoOp Chain Depth 64 Size 0 Mode ref, Ref Stage 61, run, end, 9848925355927637
1787729859.517885, NoOp Chain Depth 64 Size 0 Mode ref, Ref Stage 62, run, start, 9848925355944517
1787729859.517909, NoOp Chain Depth 64 Size 0 Mode ref, Ref Stage 62, run, end, 9848925355968485
1787729859.517926, NoOp Chain Depth 64 Size 0 Mode ref, Ref Stage 63, run, start, 9848925355985829
1787729859.517951, NoOp Chain Depth 64 Size 0 Mode ref, Ref Stage 63, run, end, 9848925356010677
1787729859.517969, NoOp Chain Depth 64 Size 0 Mode ref, pipeline - train, run, end, 154774724128882946763881490494921623129, 1787729859.513351, 35, 1, 9848925356028469
1787729859.518010, NoOp Chain Depth 64 Size 0 Mode ref, pipeline - train, run, start, 288581725851520054247474285617363260002, 1787729859.517997, 36, 1, 9848925356069877
1787729859.518167, NoOp Chain Depth 64 Size 0 Mode ref, Ref Stage 0, run, start, 9848925356226629
1787729859.518192, NoOp Chain Depth 64 Size 0 Mode ref, Ref Stage 0, run, end, 9848925356250885
1787729859.518208, NoOp Chain Depth 64 Size 0 Mode ref, Ref Stage 1, run, start, 9848925356266853
1787729859.518229, NoOp Chain Depth 64 Size 0 Mode ref, Ref Stage 1, run, end, 9848925356288789
1787729859.518245, NoOp Chain Depth 64 Size 0 Mode ref, Ref Stage 2, run, start, 9848925356303909
1787729859.518266, NoOp Chain Depth 64 Size 0 Mode ref, Ref Stage 2, run, end, 9848925356325525
1787729859.518282, NoOp Chain Depth 64 Size 0 Mode ref, Ref Stage 3, run, start, 9848925356340981
1787729859.518306, NoOp Chain Depth 64 Size 0 Mode ref, Ref Stage 3, run, end, 9848925356364757
1787729859.518322, NoOp Chain Depth 64 Size 0 Mode ref, Ref Stage 4, run, start, 9848925356381877
1787729859.518347, NoOp Chain Depth 64 Size 0 Mode ref, Ref Stage 4, run, end, 9848925356405797
1787729859.518364, NoOp Chain Depth 64 Size 0 Mode ref, Ref Stage 5, run, start, 9848925356423189
1787729859.518388, NoOp Chain Depth 64 Size 0 Mode ref, Ref Stage 5, run, end, 9848925356447205
1787729859.518405, NoOp Chain Depth 64 Size 0 Mode ref, Ref Stage 6, run, start, 9848925356464549
1787729859.518431, NoOp Chain Depth 64 Size 0 Mode ref, Ref Stage 6, run, end, 9848925356490901
1787729859.518449, NoOp Chain Depth 64 Size 0 Mode ref, Ref Stage 7, run, start, 9848925356508133
1787729859.518473, NoOp Chain Depth 64 Size 0 Mode ref, Ref Stage 7, run, end, 9848925356531989
1787729859.518490, NoOp Chain Depth 64 Size 0 Mode ref, Ref Stage 8, run, start, 9848925356549333
1787729859.518514, NoOp Chain Depth 64 Size 0 Mode ref, Ref Stage 8, run, end, 9848925356573173
1787729859.518531, NoOp Chain Depth 64 Size 0 Mode ref, Ref Stage 9, run, start, 9848925356590197
1787729859.518555, NoOp Chain Depth 64 Size 0 Mode ref, Ref Stage 9, run, end, 9848925356613861
1787729859.518572, NoOp Chain Depth 64 Size 0 Mode ref, Ref Stage 10, run, start, 9848925356630869
1787729859.518596, NoOp Chain Depth 64 Size 0 Mode ref, Ref Stage 10, run, end, 9848925356655717
1787729859.518614, NoOp Chain Depth 64 Size 0 Mode ref, Ref Stage 11, run, start, 9848925356672821
1787729859.518640, NoOp Chain Depth 64 Size 0 Mode ref, Ref Stage 11, run, end, 9848925356699189
1787729859.518657, NoOp Chain Depth 64 Size 0 Mode ref, Ref Stage 12, run, start, 9848925356716341
1787729859.518681, NoOp Chain Depth 64 Size 0 Mode ref, Ref Stage 12, run, end, 9848925356740485
1787729859.518698, NoOp Chain Depth 64 Size 0 Mode ref, Ref Stage 13, run, start, 9848925356757653
1787729859.518722, NoOp Chain Depth 64 Size 0 Mode ref, Ref Stage 13, run, end, 9848925356781077
1787729859.518739, NoOp Chain Depth 64 Size 0 Mode ref, Ref Stage 14, run, start, 9848925356798421
1787729859.518763, NoOp Chain Depth 64 Size 0 Mode ref, Ref Stage 14, run, end, 9848925356822197
1787729859.518781, NoOp Chain Depth 64 Size 0 Mode ref, Ref Stage 15, run, start, 9848925356840581
1787729859.518806, NoOp Chain Depth 64 Size 0 Mode ref, Ref Stage 15, run, end, 9848925356865525
1787729859.518823, NoOp Chain Depth 64 Size 0 Mode ref, Ref Stage 16, run, start, 9848925356882533
1787729859.518847, NoOp Chain Depth 64 Size 0 Mode ref, Ref Stage 16, run, end, 9848925356905909
1787729859.518864, NoOp Chain Depth 64 Size 0 Mode ref, Ref Stage 17, run, start, 9848925356922869
1787729859.518889, NoOp Chain Depth 64 Size 0 Mode ref, Ref Stage 17, run, end, 9848925356947989
1787729859.518906, NoOp Chain Depth 64 Size 0 Mode ref, Ref Stage 18, run, start, 9848925356964981
1787729859.518929, NoOp Chain Depth 64 Size 0 Mode ref, Ref Stage 18, run, end, 9848925356988821
1787729859.518948, NoOp Chain Depth 64 Size 0 Mode ref, Ref Stage 19, run, start, 9848925357006789
1787729859.519219, NoOp Chain Depth 64 Size 0 Mode ref, Ref Stage 19, run, end, 9848925357278596
1787729859.519235, NoOp Chain Depth 64 Size 0 Mode ref, Ref Stage 20, run, start, 9848925357294116
1787729859.519257, NoOp Chain Depth 64 Size 0 Mode ref, Ref Stage 20, run, end, 9848925357315988
1787729859.519272, NoOp Chain Depth 64 Size 0 Mode ref, Ref Stage 21, run, start, 9848925357331412
1787729859.519295, NoOp Chain Depth 64 Size 0 Mode ref, Ref Stage 21, run, end, 9848925357354836
1787729859.519311, NoOp Chain Depth 64 Size 0 Mode ref, Ref Stage 22, run, start, 9848925357370084
1787729859.519333, NoOp Chain Depth 64 Size 0 Mode ref, Ref Stage 22, run, end, 9848925357392212
1787729859.519348, NoOp Chain Depth 64 Size 0 Mode ref, Ref Stage 23, run, start, 9848925357407364
1787729859.519370, NoOp Chain Depth 64 Size 0 Mode ref, Ref Stage 23, run, end, 9848925357429028
1787729859.519385, NoOp Chain Depth 64 Size 0 Mode ref, Ref Stage 24, run, start, 9848925357444212
1787729859.519406, NoOp Chain Depth 64 Size 0 Mode ref, Ref Stage 24, run, end, 9848925357465636
1787729859.519421, NoOp Chain Depth 64 Size 0 Mode ref, Ref Stage 25, run, start, 9848925357480356
1787729859.519442, NoOp Chain Depth 64 Size 0 Mode ref, Ref Stage 25, run, end, 9848925357501636
1787729859.519457, NoOp Chain Depth 64 Size 0 Mode ref, Ref Stage 26, run, start, 9848925357516692
1787729859.519479, NoOp Chain Depth 64 Size 0 Mode ref, Ref Stage 26, run, end, 9848925357537908
1787729859.519494, NoOp Chain Depth 64 Size 0 Mode ref, Ref Stage 27, run, start, 9848925357553044
1787729859.519515, NoOp Chain Depth 64 Size 0 Mode ref, Ref Stage 27, run, end, 9848925357574628
1787729859.519530, NoOp Chain Depth 64 Size 0 Mode ref, Ref Stage 28, run, start, 9848925357589604
1787729859.519552, NoOp Chain Depth 64 Size 0 Mode ref, Ref Stage 28, run, end, 9848925357611092
1787729859.519567, NoOp Chain Depth 64 Size 0 Mode ref, Ref Stage 29, run, start, 9848925357626404
1787729859.519589, NoOp Chain Depth 64 Size 0 Mode ref, Ref Stage 29, run, end, 9848925357647988
1787729859.519603, NoOp Chain Depth 64 Size 0 Mode ref, Ref Stage 30, run, start, 9848925357662916
1787729859.519627, NoOp Chain Depth 64 Size 0 Mode ref, Ref Stage 30, run, end, 9848925357687348
1787729859.519643, NoOp Chain Depth 64 Size 0 Mode ref, Ref Stage 31, run, start, 9848925357702292
1787729859.519665, NoOp Chain Depth 64 Size 0 Mode ref, Ref Stage 31, run, end, 9848925357723828
1787729859.519679, NoOp Chain Depth 64 Size 0 Mode ref, Ref Stage 32, run, start, 9848925357738628
1787729859.519701, NoOp Chain Depth 64 Size 0 Mode ref, Ref Stage 32, run, end, 9848925357760212
1787729859.519716, NoOp Chain Depth 64 Size 0 Mode ref, Ref Stage 33, run, start, 9848925357775188
1787729859.519737, NoOp Chain Depth 64 Size 0 Mode ref, Ref Stage 33, run, end, 9848925357796772
1787729859.519753, NoOp Chain Depth 64 Size 0 Mode ref, Ref Stage 34, run, start, 9848925357811988
1787729859.519775, NoOp Chain Depth 64 Size 0 Mode ref, Ref Stage 34, run, end, 9848925357834308
1787729859.519790, NoOp Chain Depth 64 Size 0 Mode ref, Ref Stage 35, run, start, 9848925357849524
1787729859.519812, NoOp Chain Depth 64 Size 0 Mode ref, Ref Stage 35, run, end, 9848925357870772
1787729859.519827, NoOp Chain Depth 64 Size 0 Mode ref, Ref Stage 36, run, start, 9848925357886564
1787729859.519850, NoOp Chain Depth 64 Size 0 Mode ref, Ref Stage 36, run, end, 9848925357909284
1787729859.519865, NoOp Chain Depth 64 Size 0 Mode ref, Ref Stage 37, run, start, 9848925357924516
1787729859.519887, NoOp Chain Depth 64 Size 0 Mode ref, Ref Stage 37, run, end, 9848925357946004
1787729859.519902, NoOp Chain Depth 64 Size 0 Mode ref, Ref Stage 38, run, start, 9848925357961748
1787729859.519924, NoOp Chain Depth 64 Size 0 Mode ref, Ref Stage 38, run, end, 9848925357983348
1787729859.519939, NoOp Chain Depth 64 Size 0 Mode ref, Ref Stage 39, run, start, 9848925357998484
1787729859.519962, NoOp Chain Depth 64 Size 0 Mode ref, Ref Stage 39, run, end, 9848925358021572
1787729859.519977, NoOp Chain Depth 64 Size 0 Mode ref, Ref Stage 40, run, start, 9848925358036580
1787729859.519999, NoOp Chain Depth 64 Size 0 Mode ref, Ref Stage 40, run, end, 9848925358057940
1787729859.520014, NoOp Chain Depth 64 Size 0 Mode ref, Ref Stage 41, run, start, 9848925358073044
1787729859.520037, NoOp Chain Depth 64 Size 0 Mode ref, Ref Stage 41, run, end, 9848925358096036
1787729859.520052, NoOp Chain Depth 64 Size 0 Mode ref, Ref Stage 42, run, start, 9848925358111172
1787729859.520075, NoOp Chain Depth 64 Size 0 Mode ref, Ref Stage 42, run, end, 9848925358133812
1787729859.520089, NoOp Chain Depth 64 Size 0 Mode ref, Ref Stage 43, run, start, 9848925358148644
1787729859.520111, NoOp Chain Depth 64 Size 0 Mode ref, Ref Stage 43, run, end, 9848925358169972
1787729859.520125, NoOp Chain Depth 64 Size 0 Mode ref, Ref Stage 44, run, start, 9848925358184868
1787729859.520147, NoOp Chain Depth 64 Size 0 Mode ref, Ref Stage 44, run, end, 9848925358206404
1787729859.520164, NoOp Chain Depth 64 Size 0 Mode ref, Ref Stage 45, run, start, 9848925358223588
1787729859.520186, NoOp Chain Depth 64 Size 0 Mode ref, Ref Stage 45, run, end, 9848925358245348
1787729859.520201, NoOp Chain Depth 64 Size 0 Mode ref, Ref Stage 46, run, start, 9848925358260564
1787729859.520224, NoOp Chain Depth 64 Size 0 Mode ref, Ref Stage 46, run, end, 9848925358283124
1787729859.520239, NoOp Chain Depth 64 Size 0 Mode ref, Ref Stage 47, run, start, 9848925358298340
1787729859.520262, NoOp Chain Depth 64 Size 0 Mode ref, Ref Stage 47, run, end, 9848925358320948
1787729859.520277, NoOp Chain Depth 64 Size 0 Mode ref, Ref Stage 48, run, start, 9848925358335812
1787729859.520299, NoOp Chain Depth 64 Size 0 Mode ref, Ref Stage 48, run, end, 9848925358358612
1787729859.520314, NoOp Chain Depth 64 Size 0 Mode ref, Ref Stage 49, run, start, 9848925358373236
1787729859.520339, NoOp Chain Depth 64 Size 0 Mode ref, Ref Stage 49, run, end, 9848925358398356
1787729859.520354, NoOp Chain Depth 64 Size 0 Mode ref, Ref Stage 50, run, start, 9848925358413284
1787729859.520375, NoOp Chain Depth 64 Size 0 Mode ref, Ref Stage 50, run, end, 9848925358434372
1787729859.520390, NoOp Chain Depth 64 Size 0 Mode ref, Ref Stage 51, run, start, 9848925358449348
1787729859.520411, NoOp Chain Depth 64 Size 0 Mode ref, Ref Stage 51, run, end, 9848925358470708
1787729859.520427, NoOp Chain Depth 64 Size 0 Mode ref, Ref Stage 52, run, start, 9848925358486324
1787729859.520448, NoOp Chain Depth 64 Size 0 Mode ref, Ref Stage 52, run, end, 9848925358507476
1787729859.520463, NoOp Chain Depth 64 Size 0 Mode ref, Ref Stage 53, run, start, 9848925358521956
1787729859.520484, NoOp Chain Depth 64 Size 0 Mode ref, Ref Stage 53, run, end, 9848925358543076
1787729859.520499, NoOp Chain Depth 64 Size 0 Mode ref, Ref Stage 54, run, start, 9848925358557796
1787729859.520519, NoOp Chain Depth 64 Size 0 Mode ref, Ref Stage 54, run, end, 9848925358578772
1787729859.520535, NoOp Chain Depth 64 Size 0 Mode ref, Ref Stage 55, run, start, 9848925358594708
1787729859.520559, NoOp Chain Depth 64 Size 0 Mode ref, Ref Stage 55, run, end, 9848925358618196
1787729859.520571, NoOp Chain Depth 64 Size 0 Mode ref, Ref Stage 56, run, start, 9848925358630548
1787729859.520604, NoOp Chain Depth 64 Size 0 Mode ref, Ref Stage 56, run, end, 9848925358662948
1787729859.520620, NoOp Chain Depth 64 Size 0 Mode ref, Ref Stage 57, run, start, 9848925358678900
1787729859.520642, NoOp Chain Depth 64 Size 0 Mode ref, Ref Stage 57, run, end, 9848925358701332
1787729859.520657, NoOp Chain Depth 64 Size 0 Mode ref, Ref Stage 58, run, start, 9848925358716260
1787729859.520679, NoOp Chain Depth 64 Size 0 Mode ref, Ref Stage 58, run, end, 9848925358737956
1787729859.520695, NoOp Chain Depth 64 Size 0 Mode ref, Ref Stage 59, run, start, 9848925358754324
1787729859.520718, NoOp Chain Depth 64 Size 0 Mode ref, Ref Stage 59, run, end, 9848925358776772
1787729859.520733, NoOp Chain Depth 64 Size 0 Mode ref, Ref Stage 60, run, start, 9848925358792756
1787729859.520755, NoOp Chain Depth 64 Size 0 Mode ref, Ref Stage 60, run, end, 9848925358814100
1787729859.520770, NoOp Chain Depth 64 Size 0 Mode ref, Ref Stage 61, run, start, 9848925358829108
1787729859.520792, NoOp Chain Depth 64 Size 0 Mode ref, Ref Stage 61, run, end, 9848925358851940
1787729859.520808, NoOp Chain Depth 64 Size 0 Mode ref, Ref Stage 62, run, start, 9848925358866980
1787729859.520830, NoOp Chain Depth 64 Size 0 Mode ref, Ref Stage 62, run, end, 9848925358889187
1787729859.520845, NoOp Chain Depth 64 Size 0 Mode ref, Ref Stage 63, run, start, 9848925358904643
1787729859.520868, NoOp Chain Depth 64 Size 0 Mode ref, Ref Stage 63, run, end, 9848925358927347
1787729859.520883, NoOp Chain Depth 64 Size 0 Mode ref, pipeline - train, run, end, 288581725851520054247474285617363260002, 1787729859.517997, 36, 1, 9848925358942467
1787729859.520917, NoOp Chain Depth 64 Size 0 Mode ref, pipeline - train, run, start, 178605155019589194102866023742377479626, 1787729859.520908, 37, 1, 9848925358977123
1787729859.520941, NoOp Chain Depth 64 Size 0 Mode ref, Ref Stage 0, run, start, 9848925358999955
1787729859.520968, NoOp Chain Depth 64 Size 0 Mode ref, Ref Stage 0, run, end, 9848925359026883
1787729859.520985, NoOp Chain Depth 64 Size 0 Mode ref, Ref Stage 1, run, start, 9848925359044243
1787729859.521009, NoOp Chain Depth 64 Size 0 Mode ref, Ref Stage 1, run, end, 9848925359068707
1787729859.521026, NoOp Chain Depth 64 Size 0 Mode ref, Ref Stage 2, run, start, 9848925359085651
1787729859.521051, NoOp Chain Depth 64 Size 0 Mode ref, Ref Stage 2, run, end, 9848925359110691
1787729859.521679, NoOp Chain Depth 64 Size 0 Mode ref, Ref Stage 3, run, start, 9848925359739123
1787729859.521703, NoOp Chain Depth 64 Size 0 Mode ref, Ref Stage 3, run, end, 9848925359762499
1787729859.521835, NoOp Chain Depth 64 Size 0 Mode ref, Ref Stage 4, run, start, 9848925359894835
1787729859.521869, NoOp Chain Depth 64 Size 0 Mode ref, Ref Stage 4, run, end, 9848925359928675
1787729859.521885, NoOp Chain Depth 64 Size 0 Mode ref, Ref Stage 5, run, start, 9848925359944675
1787729859.521908, NoOp Chain Depth 64 Size 0 Mode ref, Ref Stage 5, run, end, 9848925359966803
1787729859.521923, NoOp Chain Depth 64 Size 0 Mode ref, Ref Stage 6, run, start, 9848925359982131
1787729859.521946, NoOp Chain Depth 64 Size 0 Mode ref, Ref Stage 6, run, end, 9848925360005203
1787729859.521962, NoOp Chain Depth 64 Size 0 Mode ref, Ref Stage 7, run, start, 9848925360020995
1787729859.521984, NoOp Chain Depth 64 Size 0 Mode ref, Ref Stage 7, run, end, 9848925360043139
1787729859.521999, NoOp Chain Depth 64 Size 0 Mode ref, Ref Stage 8, run, start, 9848925360058499
1787729859.522022, NoOp Chain Depth 64 Size 0 Mode ref, Ref Stage 8, run, end, 9848925360081011
1787729859.522037, NoOp Chain Depth 64 Size 0 Mode ref, Ref Stage 9, run, start, 9848925360096035
1787729859.522058, NoOp Chain Depth 64 Size 0 Mode ref, Ref Stage 9, run, end, 9848925360117699
1787729859.522074, NoOp Chain Depth 64 Size 0 Mode ref, Ref Stage 10, run, start, 9848925360132771
1787729859.522095, NoOp Chain Depth 64 Size 0 Mode ref, Ref Stage 10, run, end, 9848925360154131
1787729859.522110, NoOp Chain Depth 64 Size 0 Mode ref, Ref Stage 11, run, start, 9848925360169171
1787729859.522132, NoOp Chain Depth 64 Size 0 Mode ref, Ref Stage 11, run, end, 9848925360190867
1787729859.522149, NoOp Chain Depth 64 Size 0 Mode ref, Ref Stage 12, run, start, 9848925360208051
1787729859.522173, NoOp Chain Depth 64 Size 0 Mode ref, Ref Stage 12, run, end, 9848925360232355
1787729859.522190, NoOp Chain Depth 64 Size 0 Mode ref, Ref Stage 13, run, start, 9848925360249443
1787729859.522214, NoOp Chain Depth 64 Size 0 Mode ref, Ref Stage 13, run, end, 9848925360273139
1787729859.522231, NoOp Chain Depth 64 Size 0 Mode ref, Ref Stage 14, run, start, 9848925360290691
1787729859.522255, NoOp Chain Depth 64 Size 0 Mode ref, Ref Stage 14, run, end, 9848925360314467
1787729859.522272, NoOp Chain Depth 64 Size 0 Mode ref, Ref Stage 15, run, start, 9848925360331587
1787729859.522296, NoOp Chain Depth 64 Size 0 Mode ref, Ref Stage 15, run, end, 9848925360355267
1787729859.522313, NoOp Chain Depth 64 Size 0 Mode ref, Ref Stage 16, run, start, 9848925360372227
1787729859.522337, NoOp Chain Depth 64 Size 0 Mode ref, Ref Stage 16, run, end, 9848925360396147
1787729859.522354, NoOp Chain Depth 64 Size 0 Mode ref, Ref Stage 17, run, start, 9848925360413315
1787729859.522377, NoOp Chain Depth 64 Size 0 Mode ref, Ref Stage 17, run, end, 9848925360436675
1787729859.522395, NoOp Chain Depth 64 Size 0 Mode ref, Ref Stage 18, run, start, 9848925360454003
1787729859.522544, NoOp Chain Depth 64 Size 0 Mode ref, Ref Stage 18, run, end, 9848925360603315
1787729859.522559, NoOp Chain Depth 64 Size 0 Mode ref, Ref Stage 19, run, start, 9848925360618339
1787729859.522581, NoOp Chain Depth 64 Size 0 Mode ref, Ref Stage 19, run, end, 9848925360639955
1787729859.522596, NoOp Chain Depth 64 Size 0 Mode ref, Ref Stage 20, run, start, 9848925360655155
1787729859.522618, NoOp Chain Depth 64 Size 0 Mode ref, Ref Stage 20, run, end, 9848925360676771
1787729859.522632, NoOp Chain Depth 64 Size 0 Mode ref, Ref Stage 21, run, start, 9848925360691907
1787729859.522654, NoOp Chain Depth 64 Size 0 Mode ref, Ref Stage 21, run, end, 9848925360713363
1787729859.522669, NoOp Chain Depth 64 Size 0 Mode ref, Ref Stage 22, run, start, 9848925360728659
1787729859.522691, NoOp Chain Depth 64 Size 0 Mode ref, Ref Stage 22, run, end, 9848925360750435
1787729859.522708, NoOp Chain Depth 64 Size 0 Mode ref, Ref Stage 23, run, start, 9848925360767907
1787729859.522732, NoOp Chain Depth 64 Size 0 Mode ref, Ref Stage 23, run, end, 9848925360791810
1787729859.522749, NoOp Chain Depth 64 Size 0 Mode ref, Ref Stage 24, run, start, 9848925360808914
1787729859.522774, NoOp Chain Depth 64 Size 0 Mode ref, Ref Stage 24, run, end, 9848925360832706
1787729859.522791, NoOp Chain Depth 64 Size 0 Mode ref, Ref Stage 25, run, start, 9848925360850210
1787729859.522815, NoOp Chain Depth 64 Size 0 Mode ref, Ref Stage 25, run, end, 9848925360873906
1787729859.522959, NoOp Chain Depth 64 Size 0 Mode ref, Ref Stage 26, run, start, 9848925361018850
1787729859.522983, NoOp Chain Depth 64 Size 0 Mode ref, Ref Stage 26, run, end, 9848925361042690
1787729859.522999, NoOp Chain Depth 64 Size 0 Mode ref, Ref Stage 27, run, start, 9848925361057890
1787729859.523020, NoOp Chain Depth 64 Size 0 Mode ref, Ref Stage 27, run, end, 9848925361079682
1787729859.523036, NoOp Chain Depth 64 Size 0 Mode ref, Ref Stage 28, run, start, 9848925361095026
1787729859.523058, NoOp Chain Depth 64 Size 0 Mode ref, Ref Stage 28, run, end, 9848925361117058
1787729859.523073, NoOp Chain Depth 64 Size 0 Mode ref, Ref Stage 29, run, start, 9848925361132114
1787729859.523094, NoOp Chain Depth 64 Size 0 Mode ref, Ref Stage 29, run, end, 9848925361153714
1787729859.523110, NoOp Chain Depth 64 Size 0 Mode ref, Ref Stage 30, run, start, 9848925361168962
1787729859.523131, NoOp Chain Depth 64 Size 0 Mode ref, Ref Stage 30, run, end, 9848925361190562
1787729859.523146, NoOp Chain Depth 64 Size 0 Mode ref, Ref Stage 31, run, start, 9848925361205618
1787729859.523300, NoOp Chain Depth 64 Size 0 Mode ref, Ref Stage 31, run, end, 9848925361359330
1787729859.523315, NoOp Chain Depth 64 Size 0 Mode ref, Ref Stage 32, run, start, 9848925361374274
1787729859.523337, NoOp Chain Depth 64 Size 0 Mode ref, Ref Stage 32, run, end, 9848925361396050
1787729859.523352, NoOp Chain Depth 64 Size 0 Mode ref, Ref Stage 33, run, start, 9848925361411010
1787729859.523374, NoOp Chain Depth 64 Size 0 Mode ref, Ref Stage 33, run, end, 9848925361432850
1787729859.523389, NoOp Chain Depth 64 Size 0 Mode ref, Ref Stage 34, run, start, 9848925361447954
1787729859.523410, NoOp Chain Depth 64 Size 0 Mode ref, Ref Stage 34, run, end, 9848925361469538
1787729859.523425, NoOp Chain Depth 64 Size 0 Mode ref, Ref Stage 35, run, start, 9848925361484418
1787729859.523447, NoOp Chain Depth 64 Size 0 Mode ref, Ref Stage 35, run, end, 9848925361505762
1787729859.523461, NoOp Chain Depth 64 Size 0 Mode ref, Ref Stage 36, run, start, 9848925361520338
1787729859.523482, NoOp Chain Depth 64 Size 0 Mode ref, Ref Stage 36, run, end, 9848925361541490
1787729859.523497, NoOp Chain Depth 64 Size 0 Mode ref, Ref Stage 37, run, start, 9848925361556274
1787729859.523518, NoOp Chain Depth 64 Size 0 Mode ref, Ref Stage 37, run, end, 9848925361577522
1787729859.523533, NoOp Chain Depth 64 Size 0 Mode ref, Ref Stage 38, run, start, 9848925361592018
1787729859.523554, NoOp Chain Depth 64 Size 0 Mode ref, Ref Stage 38, run, end, 9848925361613346
1787729859.523569, NoOp Chain Depth 64 Size 0 Mode ref, Ref Stage 39, run, start, 9848925361628082
1787729859.523592, NoOp Chain Depth 64 Size 0 Mode ref, Ref Stage 39, run, end, 9848925361651122
1787729859.523607, NoOp Chain Depth 64 Size 0 Mode ref, Ref Stage 40, run, start, 9848925361665970
1787729859.523628, NoOp Chain Depth 64 Size 0 Mode ref, Ref Stage 40, run, end, 9848925361686850
1787729859.523642, NoOp Chain Depth 64 Size 0 Mode ref, Ref Stage 41, run, start, 9848925361701410
1787729859.523663, NoOp Chain Depth 64 Size 0 Mode ref, Ref Stage 41, run, end, 9848925361722418
1787729859.523680, NoOp Chain Depth 64 Size 0 Mode ref, Ref Stage 42, run, start, 9848925361739282
1787729859.523704, NoOp Chain Depth 64 Size 0 Mode ref, Ref Stage 42, run, end, 9848925361762674
1787729859.523721, NoOp Chain Depth 64 Size 0 Mode ref, Ref Stage 43, run, start, 9848925361779874
1787729859.523744, NoOp Chain Depth 64 Size 0 Mode ref, Ref Stage 43, run, end, 9848925361803410
1787729859.523761, NoOp Chain Depth 64 Size 0 Mode ref, Ref Stage 44, run, start, 9848925361820386
1787729859.523784, NoOp Chain Depth 64 Size 0 Mode ref, Ref Stage 44, run, end, 9848925361843634
1787729859.523802, NoOp Chain Depth 64 Size 0 Mode ref, Ref Stage 45, run, start, 9848925361860994
1787729859.523825, NoOp Chain Depth 64 Size 0 Mode ref, Ref Stage 45, run, end, 9848925361884690
1787729859.523842, NoOp Chain Depth 64 Size 0 Mode ref, Ref Stage 46, run, start, 9848925361901538
1787729859.523866, NoOp Chain Depth 64 Size 0 Mode ref, Ref Stage 46, run, end, 9848925361925426
1787729859.523883, NoOp Chain Depth 64 Size 0 Mode ref, Ref Stage 47, run, start, 9848925361942594
1787729859.523907, NoOp Chain Depth 64 Size 0 Mode ref, Ref Stage 47, run, end, 9848925361966450
1787729859.523925, NoOp Chain Depth 64 Size 0 Mode ref, Ref Stage 48, run, start, 9848925361983858
1787729859.523950, NoOp Chain Depth 64 Size 0 Mode ref, Ref Stage 48, run, end, 9848925362009042
1787729859.524101, NoOp Chain Depth 64 Size 0 Mode ref, Ref Stage 49, run, start, 9848925362160594
1787729859.524124, NoOp Chain Depth 64 Size 0 Mode ref, Ref Stage 49, run, end, 9848925362183442
1787729859.524139, NoOp Chain Depth 64 Size 0 Mode ref, Ref Stage 50, run, start, 9848925362198674
1787729859.524161, NoOp Chain Depth 64 Size 0 Mode ref, Ref Stage 50, run, end, 9848925362220658
1787729859.524179, NoOp Chain Depth 64 Size 0 Mode ref, Ref Stage 51, run, start, 9848925362237794
1787729859.524203, NoOp Chain Depth 64 Size 0 Mode ref, Ref Stage 51, run, end, 9848925362262114
1787729859.524220, NoOp Chain Depth 64 Size 0 Mode ref, Ref Stage 52, run, start, 9848925362279634
1787729859.524244, NoOp Chain Depth 64 Size 0 Mode ref, Ref Stage 52, run, end, 9848925362303538
1787729859.524261, NoOp Chain Depth 64 Size 0 Mode ref, Ref Stage 53, run, start, 9848925362320434
1787729859.524285, NoOp Chain Depth 64 Size 0 Mode ref, Ref Stage 53, run, end, 9848925362344162
1787729859.524302, NoOp Chain Depth 64 Size 0 Mode ref, Ref Stage 54, run, start, 9848925362361458
1787729859.524328, NoOp Chain Depth 64 Size 0 Mode ref, Ref Stage 54, run, end, 9848925362386978
1787729859.524346, NoOp Chain Depth 64 Size 0 Mode ref, Ref Stage 55, run, start, 9848925362404946
1787729859.524370, NoOp Chain Depth 64 Size 0 Mode ref, Ref Stage 55, run, end, 9848925362428946
1787729859.524524, NoOp Chain Depth 64 Size 0 Mode ref, Ref Stage 56, run, start, 9848925362583586
1787729859.524547, NoOp Chain Depth 64 Size 0 Mode ref, Ref Stage 56, run, end, 9848925362606258
1787729859.524562, NoOp Chain Depth 64 Size 0 Mode ref, Ref Stage 57, run, start, 9848925362621634
1787729859.524584, NoOp Chain Depth 64 Size 0 Mode ref, Ref Stage 57, run, end, 9848925362643218
1787729859.524599, NoOp Chain Depth 64 Size 0 Mode ref, Ref Stage 58, run, start, 9848925362658722
1787729859.524621, NoOp Chain Depth 64 Size 0 Mode ref, Ref Stage 58, run, end, 9848925362680674
1787729859.524637, NoOp Chain Depth 64 Size 0 Mode ref, Ref Stage 59, run, start, 9848925362695986
1787729859.524658, NoOp Chain Depth 64 Size 0 Mode ref, Ref Stage 59, run, end, 9848925362717314
1787729859.524673, NoOp Chain Depth 64 Size 0 Mode ref, Ref Stage 60, run, start, 9848925362732674
1787729859.524697, NoOp Chain Depth 64 Size 0 Mode ref, Ref Stage 60, run, end, 9848925362755826
1787729859.524712, NoOp Chain Depth 64 Size 0 Mode ref, Ref Stage 61, run, start, 9848925362771218
1787729859.524735, NoOp Chain Depth 64 Size 0 Mode ref, Ref Stage 61, run, end, 9848925362794562
1787729859.524752, NoOp Chain Depth 64 Size 0 Mode ref, Ref Stage 62, run, start, 9848925362811746
1787729859.524776, NoOp Chain Depth 64 Size 0 Mode ref, Ref Stage 62, run, end, 9848925362835617
1787729859.524795, NoOp Chain Depth 64 Size 0 Mode ref, Ref Stage 63, run, start, 9848925362854273
1787729859.524915, NoOp Chain Depth 64 Size 0 Mode ref, Ref Stage 63, run, end, 9848925362975617
1787729859.524936, NoOp Chain Depth 64 Size 0 Mode ref, pipeline - train, run, end, 178605155019589194102866023742377479626, 1787729859.520908, 37, 1, 9848925362995809
1787729859.525105, NoOp Chain Depth 64 Size 0 Mode ref, pipeline - train, run, start, 169546897835629119603669043644955352841, 1787729859.525095, 38, 1, 9848925363165137
1787729859.525130, NoOp Chain Depth 64 Size 0 Mode ref, Ref Stage 0, run, start, 9848925363189057
1787729859.525152, NoOp Chain Depth 64 Size 0 Mode ref, Ref Stage 0, run, end, 9848925363211937
1787729859.525168, NoOp Chain Depth 64 Size 0 Mode ref, Ref Stage 1, run, start, 9848925363227681
1787729859.525190, NoOp Chain Depth 64 Size 0 Mode ref, Ref Stage 1, run, end, 9848925363249697
1787729859.525208, NoOp Chain Depth 64 Size 0 Mode ref, Ref Stage 2, run, start, 9848925363267233
1787729859.525235, NoOp Chain Depth 64 Size 0 Mode ref, Ref Stage 2, run, end, 9848925363294529
1787729859.525253, NoOp Chain Depth 64 Size 0 Mode ref, Ref Stage 3, run, start, 9848925363312497
1787729859.525277, NoOp Chain Depth 64 Size 0 Mode ref, Ref Stage 3, run, end, 9848925363336721
1787729859.525420, NoOp Chain Depth 64 Size 0 Mode ref, Ref Stage 4, run, start, 9848925363479985
1787729859.525443, NoOp Chain Depth 64 Size 0 Mode ref, Ref Stage 4, run, end, 9848925363502641
1787729859.525458, NoOp Chain Depth 64 Size 0 Mode ref, Ref Stage 5, run, start, 9848925363517745
1787729859.525481, NoOp Chain Depth 64 Size 0 Mode ref, Ref Stage 5, run, end, 9848925363540289
1787729859.525496, NoOp Chain Depth 64 Size 0 Mode ref, Ref Stage 6, run, start, 9848925363555521
1787729859.525518, NoOp Chain Depth 64 Size 0 Mode ref, Ref Stage 6, run, end, 9848925363577425
1787729859.525533, NoOp Chain Depth 64 Size 0 Mode ref, Ref Stage 7, run, start, 9848925363592497
1787729859.525555, NoOp Chain Depth 64 Size 0 Mode ref, Ref Stage 7, run, end, 9848925363614465
1787729859.525570, NoOp Chain Depth 64 Size 0 Mode ref, Ref Stage 8, run, start, 9848925363629361
1787729859.525592, NoOp Chain Depth 64 Size 0 Mode ref, Ref Stage 8, run, end, 9848925363651217
1787729859.525607, NoOp Chain Depth 64 Size 0 Mode ref, Ref Stage 9, run, start, 9848925363666113
1787729859.525629, NoOp Chain Depth 64 Size 0 Mode ref, Ref Stage 9, run, end, 9848925363688129
1787729859.525644, NoOp Chain Depth 64 Size 0 Mode ref, Ref Stage 10, run, start, 9848925363703137
1787729859.525665, NoOp Chain Depth 64 Size 0 Mode ref, Ref Stage 10, run, end, 9848925363724721
1787729859.525681, NoOp Chain Depth 64 Size 0 Mode ref, Ref Stage 11, run, start, 9848925363739985
1787729859.525703, NoOp Chain Depth 64 Size 0 Mode ref, Ref Stage 11, run, end, 9848925363761953
1787729859.525717, NoOp Chain Depth 64 Size 0 Mode ref, Ref Stage 12, run, start, 9848925363776785
1787729859.525741, NoOp Chain Depth 64 Size 0 Mode ref, Ref Stage 12, run, end, 9848925363800769
1787729859.525759, NoOp Chain Depth 64 Size 0 Mode ref, Ref Stage 13, run, start, 9848925363818641
1787729859.525784, NoOp Chain Depth 64 Size 0 Mode ref, Ref Stage 13, run, end, 9848925363842801
1787729859.525800, NoOp Chain Depth 64 Size 0 Mode ref, Ref Stage 14, run, start, 9848925363859873
1787729859.525824, NoOp Chain Depth 64 Size 0 Mode ref, Ref Stage 14, run, end, 9848925363883569
1787729859.525841, NoOp Chain Depth 64 Size 0 Mode ref, Ref Stage 15, run, start, 9848925363900497
1787729859.525993, NoOp Chain Depth 64 Size 0 Mode ref, Ref Stage 15, run, end, 9848925364052657
1787729859.526009, NoOp Chain Depth 64 Size 0 Mode ref, Ref Stage 16, run, start, 9848925364068641
1787729859.526032, NoOp Chain Depth 64 Size 0 Mode ref, Ref Stage 16, run, end, 9848925364090817
1787729859.526047, NoOp Chain Depth 64 Size 0 Mode ref, Ref Stage 17, run, start, 9848925364105953
1787729859.526068, NoOp Chain Depth 64 Size 0 Mode ref, Ref Stage 17, run, end, 9848925364127793
1787729859.526084, NoOp Chain Depth 64 Size 0 Mode ref, Ref Stage 18, run, start, 9848925364143105
1787729859.526106, NoOp Chain Depth 64 Size 0 Mode ref, Ref Stage 18, run, end, 9848925364164977
1787729859.526121, NoOp Chain Depth 64 Size 0 Mode ref, Ref Stage 19, run, start, 9848925364180017
1787729859.526142, NoOp Chain Depth 64 Size 0 Mode ref, Ref Stage 19, run, end, 9848925364201809
1787729859.526158, NoOp Chain Depth 64 Size 0 Mode ref, Ref Stage 20, run, start, 9848925364216817
1787729859.526179, NoOp Chain Depth 64 Size 0 Mode ref, Ref Stage 20, run, end, 9848925364238481
1787729859.526196, NoOp Chain Depth 64 Size 0 Mode ref, Ref Stage 21, run, start, 9848925364255505
1787729859.526220, NoOp Chain Depth 64 Size 0 Mode ref, Ref Stage 21, run, end, 9848925364279297
1787729859.526237, NoOp Chain Depth 64 Size 0 Mode ref, Ref Stage 22, run, start, 9848925364296641
1787729859.526261, NoOp Chain Depth 64 Size 0 Mode ref, Ref Stage 22, run, end, 9848925364320257
1787729859.526280, NoOp Chain Depth 64 Size 0 Mode ref, Ref Stage 23, run, start, 9848925364339041
1787729859.526305, NoOp Chain Depth 64 Size 0 Mode ref, Ref Stage 23, run, end, 9848925364363985
1787729859.526322, NoOp Chain Depth 64 Size 0 Mode ref, Ref Stage 24, run, start, 9848925364381009
1787729859.526345, NoOp Chain Depth 64 Size 0 Mode ref, Ref Stage 24, run, end, 9848925364404801
1787729859.526363, NoOp Chain Depth 64 Size 0 Mode ref, Ref Stage 25, run, start, 9848925364421809
1787729859.526387, NoOp Chain Depth 64 Size 0 Mode ref, Ref Stage 25, run, end, 9848925364446385
1787729859.526404, NoOp Chain Depth 64 Size 0 Mode ref, Ref Stage 26, run, start, 9848925364463297
1787729859.526429, NoOp Chain Depth 64 Size 0 Mode ref, Ref Stage 26, run, end, 9848925364488545
1787729859.526446, NoOp Chain Depth 64 Size 0 Mode ref, Ref Stage 27, run, start, 9848925364506641
1787729859.526472, NoOp Chain Depth 64 Size 0 Mode ref, Ref Stage 27, run, end, 9848925364531745
1787729859.526489, NoOp Chain Depth 64 Size 0 Mode ref, Ref Stage 28, run, start, 9848925364548785
1787729859.526514, NoOp Chain Depth 64 Size 0 Mode ref, Ref Stage 28, run, end, 9848925364573617
1787729859.526532, NoOp Chain Depth 64 Size 0 Mode ref, Ref Stage 29, run, start, 9848925364590753
1787729859.526555, NoOp Chain Depth 64 Size 0 Mode ref, Ref Stage 29, run, end, 9848925364614401
1787729859.526572, NoOp Chain Depth 64 Size 0 Mode ref, Ref Stage 30, run, start, 9848925364631297
1787729859.526595, NoOp Chain Depth 64 Size 0 Mode ref, Ref Stage 30, run, end, 9848925364654609
1787729859.526741, NoOp Chain Depth 64 Size 0 Mode ref, Ref Stage 31, run, start, 9848925364800784
1787729859.526764, NoOp Chain Depth 64 Size 0 Mode ref, Ref Stage 31, run, end, 9848925364823728
1787729859.526780, NoOp Chain Depth 64 Size 0 Mode ref, Ref Stage 32, run, start, 9848925364839120
1787729859.526802, NoOp Chain Depth 64 Size 0 Mode ref, Ref Stage 32, run, end, 9848925364861264
1787729859.526817, NoOp Chain Depth 64 Size 0 Mode ref, Ref Stage 33, run, start, 9848925364876608
1787729859.526839, NoOp Chain Depth 64 Size 0 Mode ref, Ref Stage 33, run, end, 9848925364898464
1787729859.526854, NoOp Chain Depth 64 Size 0 Mode ref, Ref Stage 34, run, start, 9848925364913456
1787729859.526876, NoOp Chain Depth 64 Size 0 Mode ref, Ref Stage 34, run, end, 9848925364935168
1787729859.526891, NoOp Chain Depth 64 Size 0 Mode ref, Ref Stage 35, run, start, 9848925364950256
1787729859.526913, NoOp Chain Depth 64 Size 0 Mode ref, Ref Stage 35, run, end, 9848925364972240
1787729859.526928, NoOp Chain Depth 64 Size 0 Mode ref, Ref Stage 36, run, start, 9848925364987376
1787729859.526954, NoOp Chain Depth 64 Size 0 Mode ref, Ref Stage 36, run, end, 9848925365013168
1787729859.526969, NoOp Chain Depth 64 Size 0 Mode ref, Ref Stage 37, run, start, 9848925365028672
1787729859.526991, NoOp Chain Depth 64 Size 0 Mode ref, Ref Stage 37, run, end, 9848925365050240
1787729859.527006, NoOp Chain Depth 64 Size 0 Mode ref, Ref Stage 38, run, start, 9848925365065264
1787729859.527029, NoOp Chain Depth 64 Size 0 Mode ref, Ref Stage 38, run, end, 9848925365088032
1787729859.527049, NoOp Chain Depth 64 Size 0 Mode ref, Ref Stage 39, run, start, 9848925365108352
1787729859.527071, NoOp Chain Depth 64 Size 0 Mode ref, Ref Stage 39, run, end, 9848925365130016
1787729859.527086, NoOp Chain Depth 64 Size 0 Mode ref, Ref Stage 40, run, start, 9848925365144976
1787729859.527107, NoOp Chain Depth 64 Size 0 Mode ref, Ref Stage 40, run, end, 9848925365166352
1787729859.527122, NoOp Chain Depth 64 Size 0 Mode ref, Ref Stage 41, run, start, 9848925365181248
1787729859.527143, NoOp Chain Depth 64 Size 0 Mode ref, Ref Stage 41, run, end, 9848925365202096
1787729859.527158, NoOp Chain Depth 64 Size 0 Mode ref, Ref Stage 42, run, start, 9848925365216944
1787729859.527179, NoOp Chain Depth 64 Size 0 Mode ref, Ref Stage 42, run, end, 9848925365238048
1787729859.527194, NoOp Chain Depth 64 Size 0 Mode ref, Ref Stage 43, run, start, 9848925365252960
1787729859.527215, NoOp Chain Depth 64 Size 0 Mode ref, Ref Stage 43, run, end, 9848925365274352
1787729859.527230, NoOp Chain Depth 64 Size 0 Mode ref, Ref Stage 44, run, start, 9848925365289408
1787729859.527254, NoOp Chain Depth 64 Size 0 Mode ref, Ref Stage 44, run, end, 9848925365312912
1787729859.527268, NoOp Chain Depth 64 Size 0 Mode ref, Ref Stage 45, run, start, 9848925365327760
1787729859.527290, NoOp Chain Depth 64 Size 0 Mode ref, Ref Stage 45, run, end, 9848925365349088
1787729859.527306, NoOp Chain Depth 64 Size 0 Mode ref, Ref Stage 46, run, start, 9848925365365440
1787729859.527328, NoOp Chain Depth 64 Size 0 Mode ref, Ref Stage 46, run, end, 9848925365387744
1787729859.527344, NoOp Chain Depth 64 Size 0 Mode ref, Ref Stage 47, run, start, 9848925365402848
1787729859.527364, NoOp Chain Depth 64 Size 0 Mode ref, Ref Stage 47, run, end, 9848925365423888
1787729859.527380, NoOp Chain Depth 64 Size 0 Mode ref, Ref Stage 48, run, start, 9848925365438896
1787729859.527401, NoOp Chain Depth 64 Size 0 Mode ref, Ref Stage 48, run, end, 9848925365460048
1787729859.527416, NoOp Chain Depth 64 Size 0 Mode ref, Ref Stage 49, run, start, 9848925365475120
1787729859.527438, NoOp Chain Depth 64 Size 0 Mode ref, Ref Stage 49, run, end, 9848925365497472
1787729859.527453, NoOp Chain Depth 64 Size 0 Mode ref, Ref Stage 50, run, start, 9848925365512544
1787729859.527475, NoOp Chain Depth 64 Size 0 Mode ref, Ref Stage 50, run, end, 9848925365533984
1787729859.527491, NoOp Chain Depth 64 Size 0 Mode ref, Ref Stage 51, run, start, 9848925365550208
1787729859.527512, NoOp Chain Depth 64 Size 0 Mode ref, Ref Stage 51, run, end, 9848925365571600
1787729859.527527, NoOp Chain Depth 64 Size 0 Mode ref, Ref Stage 52, run, start, 9848925365586448
1787729859.527548, NoOp Chain Depth 64 Size 0 Mode ref, Ref Stage 52, run, end, 9848925365607456
1787729859.527563, NoOp Chain Depth 64 Size 0 Mode ref, Ref Stage 53, run, start, 9848925365622256
1787729859.527587, NoOp Chain Depth 64 Size 0 Mode ref, Ref Stage 53, run, end, 9848925365646224
1787729859.527599, NoOp Chain Depth 64 Size 0 Mode ref, Ref Stage 54, run, start, 9848925365658240
1787729859.527631, NoOp Chain Depth 64 Size 0 Mode ref, Ref Stage 54, run, end, 9848925365690176
1787729859.527648, NoOp Chain Depth 64 Size 0 Mode ref, Ref Stage 55, run, start, 9848925365707088
1787729859.527670, NoOp Chain Depth 64 Size 0 Mode ref, Ref Stage 55, run, end, 9848925365729616
1787729859.527685, NoOp Chain Depth 64 Size 0 Mode ref, Ref Stage 56, run, start, 9848925365744960
1787729859.527707, NoOp Chain Depth 64 Size 0 Mode ref, Ref Stage 56, run, end, 9848925365766432
1787729859.527722, NoOp Chain Depth 64 Size 0 Mode ref, Ref Stage 57, run, start, 9848925365781600
1787729859.527746, NoOp Chain Depth 64 Size 0 Mode ref, Ref Stage 57, run, end, 9848925365805040
1787729859.527761, NoOp Chain Depth 64 Size 0 Mode ref, Ref Stage 58, run, start, 9848925365820208
1787729859.527782, NoOp Chain Depth 64 Size 0 Mode ref, Ref Stage 58, run, end, 9848925365841472
1787729859.527797, NoOp Chain Depth 64 Size 0 Mode ref, Ref Stage 59, run, start, 9848925365856448
1787729859.527818, NoOp Chain Depth 64 Size 0 Mode ref, Ref Stage 59, run, end, 9848925365877472
1787729859.527834, NoOp Chain Depth 64 Size 0 Mode ref, Ref Stage 60, run, start, 9848925365893360
1787729859.527857, NoOp Chain Depth 64 Size 0 Mode ref, Ref Stage 60, run, end, 9848925365916608
1787729859.527872, NoOp Chain Depth 64 Size 0 Mode ref, Ref Stage 61, run, start, 9848925365931600
1787729859.527894, NoOp Chain Depth 64 Size 0 Mode ref, Ref Stage 61, run, end, 9848925365952864
1787729859.527908, NoOp Chain Depth 64 Size 0 Mode ref, Ref Stage 62, run, start, 9848925365967664
1787729859.527929, NoOp Chain Depth 64 Size 0 Mode ref, Ref Stage 62, run, end, 9848925365988704
1787729859.527947, NoOp Chain Depth 64 Size 0 Mode ref, Ref Stage 63, run, start, 9848925366006288
1787729859.527969, NoOp Chain Depth 64 Size 0 Mode ref, Ref Stage 63, run, end, 9848925366028384
1787729859.527984, NoOp Chain Depth 64 Size 0 Mode ref, pipeline - train, run, end, 169546897835629119603669043644955352841, 1787729859.525095, 38, 1, 9848925366043744
1787729859.528019, NoOp Chain Depth 64 Size 0 Mode ref, pipeline - train, run, start, 93829292208535363167864708462710261918, 1787729859.528009, 39, 1, 9848925366078144
1787729859.528043, NoOp Chain Depth 64 Size 0 Mode ref, Ref Stage 0, run, start, 9848925366101856
1787729859.528064, NoOp Chain Depth 64 Size 0 Mode ref, Ref Stage 0, run, end, 9848925366123696
1787729859.528080, NoOp Chain Depth 64 Size 0 Mode ref, Ref Stage 1, run, start, 9848925366138976
1787729859.528103, NoOp Chain Depth 64 Size 0 Mode ref, Ref Stage 1, run, end, 9848925366162368
1787729859.528115, NoOp Chain Depth 64 Size 0 Mode ref, Ref Stage 2, run, start, 9848925366174416
1787729859.528147, NoOp Chain Depth 64 Size 0 Mode ref, Ref Stage 2, run, end, 9848925366206464
1787729859.528163, NoOp Chain Depth 64 Size 0 Mode ref, Ref Stage 3, run, start, 9848925366222256
1787729859.528186, NoOp Chain Depth 64 Size 0 Mode ref, Ref Stage 3, run, end, 9848925366245152
1787729859.528201, NoOp Chain Depth 64 Size 0 Mode ref, Ref Stage 4, run, start, 9848925366260432
1787729859.528223, NoOp Chain Depth 64 Size 0 Mode ref, Ref Stage 4, run, end, 9848925366282560
1787729859.528239, NoOp Chain Depth 64 Size 0 Mode ref, Ref Stage 5, run, start, 9848925366297936
1787729859.528262, NoOp Chain Depth 64 Size 0 Mode ref, Ref Stage 5, run, end, 9848925366321280
1787729859.528277, NoOp Chain Depth 64 Size 0 Mode ref, Ref Stage 6, run, start, 9848925366336288
1787729859.528298, NoOp Chain Depth 64 Size 0 Mode ref, Ref Stage 6, run, end, 9848925366357632
1787729859.528314, NoOp Chain Depth 64 Size 0 Mode ref, Ref Stage 7, run, start, 9848925366372992
1787729859.528337, NoOp Chain Depth 64 Size 0 Mode ref, Ref Stage 7, run, end, 9848925366396112
1787729859.528352, NoOp Chain Depth 64 Size 0 Mode ref, Ref Stage 8, run, start, 9848925366411552
1787729859.528375, NoOp Chain Depth 64 Size 0 Mode ref, Ref Stage 8, run, end, 9848925366434096
1787729859.528390, NoOp Chain Depth 64 Size 0 Mode ref, Ref Stage 9, run, start, 9848925366449216
1787729859.528412, NoOp Chain Depth 64 Size 0 Mode ref, Ref Stage 9, run, end, 9848925366471760
1787729859.528428, NoOp Chain Depth 64 Size 0 Mode ref, Ref Stage 10, run, start, 9848925366487504
1787729859.528450, NoOp Chain Depth 64 Size 0 Mode ref, Ref Stage 10, run, end, 9848925366509680
1787729859.528465, NoOp Chain Depth 64 Size 0 Mode ref, Ref Stage 11, run, start, 9848925366524480
1787729859.528488, NoOp Chain Depth 64 Size 0 Mode ref, Ref Stage 11, run, end, 9848925366546960
1787729859.528503, NoOp Chain Depth 64 Size 0 Mode ref, Ref Stage 12, run, start, 9848925366561920
1787729859.528524, NoOp Chain Depth 64 Size 0 Mode ref, Ref Stage 12, run, end, 9848925366583232
1787729859.528541, NoOp Chain Depth 64 Size 0 Mode ref, Ref Stage 13, run, start, 9848925366599968
1787729859.528562, NoOp Chain Depth 64 Size 0 Mode ref, Ref Stage 13, run, end, 9848925366621280
1787729859.528577, NoOp Chain Depth 64 Size 0 Mode ref, Ref Stage 14, run, start, 9848925366636015
1787729859.528598, NoOp Chain Depth 64 Size 0 Mode ref, Ref Stage 14, run, end, 9848925366657311
1787729859.528613, NoOp Chain Depth 64 Size 0 Mode ref, Ref Stage 15, run, start, 9848925366672479
1787729859.528635, NoOp Chain Depth 64 Size 0 Mode ref, Ref Stage 15, run, end, 9848925366694175
1787729859.528651, NoOp Chain Depth 64 Size 0 Mode ref, Ref Stage 16, run, start, 9848925366710399
1787729859.528674, NoOp Chain Depth 64 Size 0 Mode ref, Ref Stage 16, run, end, 9848925366733151
1787729859.528689, NoOp Chain Depth 64 Size 0 Mode ref, Ref Stage 17, run, start, 9848925366748063
1787729859.528710, NoOp Chain Depth 64 Size 0 Mode ref, Ref Stage 17, run, end, 9848925366769679
1787729859.528725, NoOp Chain Depth 64 Size 0 Mode ref, Ref Stage 18, run, start, 9848925366784751
1787729859.528747, NoOp Chain Depth 64 Size 0 Mode ref, Ref Stage 18, run, end, 9848925366806127
1787729859.528762, NoOp Chain Depth 64 Size 0 Mode ref, Ref Stage 19, run, start, 9848925366821087
1787729859.528783, NoOp Chain Depth 64 Size 0 Mode ref, Ref Stage 19, run, end, 9848925366842303
1787729859.528798, NoOp Chain Depth 64 Size 0 Mode ref, Ref Stage 20, run, start, 9848925366857183
1787729859.528819, NoOp Chain Depth 64 Size 0 Mode ref, Ref Stage 20, run, end, 9848925366878383
1787729859.528835, NoOp Chain Depth 64 Size 0 Mode ref, Ref Stage 21, run, start, 9848925366894319
1787729859.528858, NoOp Chain Depth 64 Size 0 Mode ref, Ref Stage 21, run, end, 9848925366916815
1787729859.528872, NoOp Chain Depth 64 Size 0 Mode ref, Ref Stage 22, run, start, 9848925366931727
1787729859.528894, NoOp Chain Depth 64 Size 0 Mode ref, Ref Stage 22, run, end, 9848925366953151
1787729859.528913, NoOp Chain Depth 64 Size 0 Mode ref, Ref Stage 23, run, start, 9848925366972015
1787729859.528935, NoOp Chain Depth 64 Size 0 Mode ref, Ref Stage 23, run, end, 9848925366994511
1787729859.528952, NoOp Chain Depth 64 Size 0 Mode ref, Ref Stage 24, run, start, 9848925367010959
1787729859.528976, NoOp Chain Depth 64 Size 0 Mode ref, Ref Stage 24, run, end, 9848925367035631
1787729859.528994, NoOp Chain Depth 64 Size 0 Mode ref, Ref Stage 25, run, start, 9848925367052751
1787729859.529017, NoOp Chain Depth 64 Size 0 Mode ref, Ref Stage 25, run, end, 9848925367076047
1787729859.529034, NoOp Chain Depth 64 Size 0 Mode ref, Ref Stage 26, run, start, 9848925367093183
1787729859.529059, NoOp Chain Depth 64 Size 0 Mode ref, Ref Stage 26, run, end, 9848925367118175
1787729859.529076, NoOp Chain Depth 64 Size 0 Mode ref, Ref Stage 27, run, start, 9848925367135407
1787729859.529101, NoOp Chain Depth 64 Size 0 Mode ref, Ref Stage 27, run, end, 9848925367160767
1787729859.529119, NoOp Chain Depth 64 Size 0 Mode ref, Ref Stage 28, run, start, 9848925367177743
1787729859.529197, NoOp Chain Depth 64 Size 0 Mode ref, Ref Stage 28, run, end, 9848925367256223
1787729859.529215, NoOp Chain Depth 64 Size 0 Mode ref, Ref Stage 29, run, start, 9848925367274111
1787729859.529239, NoOp Chain Depth 64 Size 0 Mode ref, Ref Stage 29, run, end, 9848925367297887
1787729859.529255, NoOp Chain Depth 64 Size 0 Mode ref, Ref Stage 30, run, start, 9848925367314783
1787729859.529280, NoOp Chain Depth 64 Size 0 Mode ref, Ref Stage 30, run, end, 9848925367338991
1787729859.529296, NoOp Chain Depth 64 Size 0 Mode ref, Ref Stage 31, run, start, 9848925367355727
1787729859.529320, NoOp Chain Depth 64 Size 0 Mode ref, Ref Stage 31, run, end, 9848925367379247
1787729859.529338, NoOp Chain Depth 64 Size 0 Mode ref, Ref Stage 32, run, start, 9848925367397439
1787729859.529361, NoOp Chain Depth 64 Size 0 Mode ref, Ref Stage 32, run, end, 9848925367420047
1787729859.529379, NoOp Chain Depth 64 Size 0 Mode ref, Ref Stage 33, run, start, 9848925367438079
1787729859.530384, NoOp Chain Depth 64 Size 0 Mode ref, Ref Stage 33, run, end, 9848925368443487
1787729859.530401, NoOp Chain Depth 64 Size 0 Mode ref, Ref Stage 34, run, start, 9848925368459871
1787729859.530423, NoOp Chain Depth 64 Size 0 Mode ref, Ref Stage 34, run, end, 9848925368482479
1787729859.530438, NoOp Chain Depth 64 Size 0 Mode ref, Ref Stage 35, run, start, 9848925368497519
1787729859.530460, NoOp Chain Depth 64 Size 0 Mode ref, Ref Stage 35, run, end, 9848925368519518
1787729859.530475, NoOp Chain Depth 64 Size 0 Mode ref, Ref Stage 36, run, start, 9848925368534462
1787729859.530497, NoOp Chain Depth 64 Size 0 Mode ref, Ref Stage 36, run, end, 9848925368556174
1787729859.530512, NoOp Chain Depth 64 Size 0 Mode ref, Ref Stage 37, run, start, 9848925368571150
1787729859.530533, NoOp Chain Depth 64 Size 0 Mode ref, Ref Stage 37, run, end, 9848925368592590
1787729859.530548, NoOp Chain Depth 64 Size 0 Mode ref, Ref Stage 38, run, start, 9848925368607726
1787729859.530570, NoOp Chain Depth 64 Size 0 Mode ref, Ref Stage 38, run, end, 9848925368629134
1787729859.530585, NoOp Chain Depth 64 Size 0 Mode ref, Ref Stage 39, run, start, 9848925368643934
1787729859.530606, NoOp Chain Depth 64 Size 0 Mode ref, Ref Stage 39, run, end, 9848925368664926
1787729859.530751, NoOp Chain Depth 64 Size 0 Mode ref, Ref Stage 40, run, start, 9848925368809966
1787729859.530773, NoOp Chain Depth 64 Size 0 Mode ref, Ref Stage 40, run, end, 9848925368832446
1787729859.530788, NoOp Chain Depth 64 Size 0 Mode ref, Ref Stage 41, run, start, 9848925368847230
1787729859.530810, NoOp Chain Depth 64 Size 0 Mode ref, Ref Stage 41, run, end, 9848925368868814
1787729859.530824, NoOp Chain Depth 64 Size 0 Mode ref, Ref Stage 42, run, start, 9848925368883630
1787729859.530846, NoOp Chain Depth 64 Size 0 Mode ref, Ref Stage 42, run, end, 9848925368904990
1787729859.530861, NoOp Chain Depth 64 Size 0 Mode ref, Ref Stage 43, run, start, 9848925368920254
1787729859.530882, NoOp Chain Depth 64 Size 0 Mode ref, Ref Stage 43, run, end, 9848925368941534
1787729859.530897, NoOp Chain Depth 64 Size 0 Mode ref, Ref Stage 44, run, start, 9848925368956478
1787729859.530919, NoOp Chain Depth 64 Size 0 Mode ref, Ref Stage 44, run, end, 9848925368977854
1787729859.530933, NoOp Chain Depth 64 Size 0 Mode ref, Ref Stage 45, run, start, 9848925368992622
1787729859.530956, NoOp Chain Depth 64 Size 0 Mode ref, Ref Stage 45, run, end, 9848925369015374
1787729859.530971, NoOp Chain Depth 64 Size 0 Mode ref, Ref Stage 46, run, start, 9848925369030830
1787729859.530993, NoOp Chain Depth 64 Size 0 Mode ref, Ref Stage 46, run, end, 9848925369052190
1787729859.531008, NoOp Chain Depth 64 Size 0 Mode ref, Ref Stage 47, run, start, 9848925369067038
1787729859.531029, NoOp Chain Depth 64 Size 0 Mode ref, Ref Stage 47, run, end, 9848925369088126
1787729859.531044, NoOp Chain Depth 64 Size 0 Mode ref, Ref Stage 48, run, start, 9848925369103022
1787729859.531066, NoOp Chain Depth 64 Size 0 Mode ref, Ref Stage 48, run, end, 9848925369124830
1787729859.531082, NoOp Chain Depth 64 Size 0 Mode ref, Ref Stage 49, run, start, 9848925369141742
1787729859.531107, NoOp Chain Depth 64 Size 0 Mode ref, Ref Stage 49, run, end, 9848925369166430
1787729859.531210, NoOp Chain Depth 64 Size 0 Mode ref, Ref Stage 50, run, start, 9848925369269726
1787729859.531236, NoOp Chain Depth 64 Size 0 Mode ref, Ref Stage 50, run, end, 9848925369295166
1787729859.531253, NoOp Chain Depth 64 Size 0 Mode ref, Ref Stage 51, run, start, 9848925369312686
1787729859.531278, NoOp Chain Depth 64 Size 0 Mode ref, Ref Stage 51, run, end, 9848925369336846
1787729859.531295, NoOp Chain Depth 64 Size 0 Mode ref, Ref Stage 52, run, start, 9848925369354046
1787729859.531321, NoOp Chain Depth 64 Size 0 Mode ref, Ref Stage 52, run, end, 9848925369380398
1787729859.531339, NoOp Chain Depth 64 Size 0 Mode ref, Ref Stage 53, run, start, 9848925369397950
1787729859.531362, NoOp Chain Depth 64 Size 0 Mode ref, Ref Stage 53, run, end, 9848925369421502
1787729859.531422, NoOp Chain Depth 64 Size 0 Mode ref, Ref Stage 54, run, start, 9848925369481806
1787729859.531447, NoOp Chain Depth 64 Size 0 Mode ref, Ref Stage 54, run, end, 9848925369506590
1787729859.531462, NoOp Chain Depth 64 Size 0 Mode ref, Ref Stage 55, run, start, 9848925369521854
1787729859.531484, NoOp Chain Depth 64 Size 0 Mode ref, Ref Stage 55, run, end, 9848925369543630
1787729859.531500, NoOp Chain Depth 64 Size 0 Mode ref, Ref Stage 56, run, start, 9848925369559182
1787729859.531522, NoOp Chain Depth 64 Size 0 Mode ref, Ref Stage 56, run, end, 9848925369580846
1787729859.531536, NoOp Chain Depth 64 Size 0 Mode ref, Ref Stage 57, run, start, 9848925369595646
1787729859.531558, NoOp Chain Depth 64 Size 0 Mode ref, Ref Stage 57, run, end, 9848925369616910
1787729859.531573, NoOp Chain Depth 64 Size 0 Mode ref, Ref Stage 58, run, start, 9848925369632222
1787729859.531595, NoOp Chain Depth 64 Size 0 Mode ref, Ref Stage 58, run, end, 9848925369654126
1787729859.531610, NoOp Chain Depth 64 Size 0 Mode ref, Ref Stage 59, run, start, 9848925369669326
1787729859.531632, NoOp Chain Depth 64 Size 0 Mode ref, Ref Stage 59, run, end, 9848925369690878
1787729859.531648, NoOp Chain Depth 64 Size 0 Mode ref, Ref Stage 60, run, start, 9848925369708014
1787729859.531672, NoOp Chain Depth 64 Size 0 Mode ref, Ref Stage 60, run, end, 9848925369731982
1787729859.531690, NoOp Chain Depth 64 Size 0 Mode ref, Ref Stage 61, run, start, 9848925369749102
1787729859.531715, NoOp Chain Depth 64 Size 0 Mode ref, Ref Stage 61, run, end, 9848925369773742
1787729859.531731, NoOp Chain Depth 64 Size 0 Mode ref, Ref Stage 62, run, start, 9848925369790894
1787729859.531755, NoOp Chain Depth 64 Size 0 Mode ref, Ref Stage 62, run, end, 9848925369814542
1787729859.531773, NoOp Chain Depth 64 Size 0 Mode ref, Ref Stage 63, run, start, 9848925369832270
1787729859.531797, NoOp Chain Depth 64 Size 0 Mode ref, Ref Stage 63, run, end, 9848925369856238
1787729859.531814, NoOp Chain Depth 64 Size 0 Mode ref, pipeline - train, run, end, 93829292208535363167864708462710261918, 1787729859.528009, 39, 1, 9848925369873422
1787729859.531854, NoOp Chain Depth 64 Size 0 Mode ref, pipeline - train, run, start, 42264197523568201773670173747493786163, 1787729859.531842, 40, 1, 9848925369913726
1787729859.531881, NoOp Chain Depth 64 Size 0 Mode ref, Ref Stage 0, run, start, 9848925369940238
1787729859.531905, NoOp Chain Depth 64 Size 0 Mode ref, Ref Stage 0, run, end, 9848925369964478
1787729859.531922, NoOp Chain Depth 64 Size 0 Mode ref, Ref Stage 1, run, start, 9848925369981694
1787729859.531948, NoOp Chain Depth 64 Size 0 Mode ref, Ref Stage 1, run, end, 9848925370007630
1787729859.532098, NoOp Chain Depth 64 Size 0 Mode ref, Ref Stage 2, run, start, 9848925370157454
1787729859.532121, NoOp Chain Depth 64 Size 0 Mode ref, Ref Stage 2, run, end, 9848925370180174
1787729859.532136, NoOp Chain Depth 64 Size 0 Mode ref, Ref Stage 3, run, start, 9848925370195438
1787729859.532158, NoOp Chain Depth 64 Size 0 Mode ref, Ref Stage 3, run, end, 9848925370217438
1787729859.532175, NoOp Chain Depth 64 Size 0 Mode ref, Ref Stage 4, run, start, 9848925370234766
1787729859.532329, NoOp Chain Depth 64 Size 0 Mode ref, Ref Stage 4, run, end, 9848925370388206
1787729859.532344, NoOp Chain Depth 64 Size 0 Mode ref, Ref Stage 5, run, start, 9848925370403726
1787729859.532366, NoOp Chain Depth 64 Size 0 Mode ref, Ref Stage 5, run, end, 9848925370425502
1787729859.532381, NoOp Chain Depth 64 Size 0 Mode ref, Ref Stage 6, run, start, 9848925370440574
1787729859.532403, NoOp Chain Depth 64 Size 0 Mode ref, Ref Stage 6, run, end, 9848925370462302
1787729859.532418, NoOp Chain Depth 64 Size 0 Mode ref, Ref Stage 7, run, start, 9848925370477309
1787729859.532439, NoOp Chain Depth 64 Size 0 Mode ref, Ref Stage 7, run, end, 9848925370498765
1787729859.532454, NoOp Chain Depth 64 Size 0 Mode ref, Ref Stage 8, run, start, 9848925370513501
1787729859.532476, NoOp Chain Depth 64 Size 0 Mode ref, Ref Stage 8, run, end, 9848925370534829
1787729859.532490, NoOp Chain Depth 64 Size 0 Mode ref, Ref Stage 9, run, start, 9848925370549709
1787729859.532512, NoOp Chain Depth 64 Size 0 Mode ref, Ref Stage 9, run, end, 9848925370571005
1787729859.532528, NoOp Chain Depth 64 Size 0 Mode ref, Ref Stage 10, run, start, 9848925370587181
1787729859.532550, NoOp Chain Depth 64 Size 0 Mode ref, Ref Stage 10, run, end, 9848925370608989
1787729859.532564, NoOp Chain Depth 64 Size 0 Mode ref, Ref Stage 11, run, start, 9848925370623789
1787729859.532586, NoOp Chain Depth 64 Size 0 Mode ref, Ref Stage 11, run, end, 9848925370645277
1787729859.532601, NoOp Chain Depth 64 Size 0 Mode ref, Ref Stage 12, run, start, 9848925370660285
1787729859.532623, NoOp Chain Depth 64 Size 0 Mode ref, Ref Stage 12, run, end, 9848925370681837
1787729859.532637, NoOp Chain Depth 64 Size 0 Mode ref, Ref Stage 13, run, start, 9848925370696845
1787729859.532659, NoOp Chain Depth 64 Size 0 Mode ref, Ref Stage 13, run, end, 9848925370718509
1787729859.532803, NoOp Chain Depth 64 Size 0 Mode ref, Ref Stage 14, run, start, 9848925370862525
1787729859.532826, NoOp Chain Depth 64 Size 0 Mode ref, Ref Stage 14, run, end, 9848925370884829
1787729859.532840, NoOp Chain Depth 64 Size 0 Mode ref, Ref Stage 15, run, start, 9848925370899709
1787729859.532862, NoOp Chain Depth 64 Size 0 Mode ref, Ref Stage 15, run, end, 9848925370921341
1787729859.532877, NoOp Chain Depth 64 Size 0 Mode ref, Ref Stage 16, run, start, 9848925370936317
1787729859.532899, NoOp Chain Depth 64 Size 0 Mode ref, Ref Stage 16, run, end, 9848925370957933
1787729859.532914, NoOp Chain Depth 64 Size 0 Mode ref, Ref Stage 17, run, start, 9848925370973133
1787729859.532935, NoOp Chain Depth 64 Size 0 Mode ref, Ref Stage 17, run, end, 9848925370994653
1787729859.532952, NoOp Chain Depth 64 Size 0 Mode ref, Ref Stage 18, run, start, 9848925371011389
1787729859.532974, NoOp Chain Depth 64 Size 0 Mode ref, Ref Stage 18, run, end, 9848925371033549
1787729859.532990, NoOp Chain Depth 64 Size 0 Mode ref, Ref Stage 19, run, start, 9848925371048589
1787729859.533011, NoOp Chain Depth 64 Size 0 Mode ref, Ref Stage 19, run, end, 9848925371070541
1787729859.533026, NoOp Chain Depth 64 Size 0 Mode ref, Ref Stage 20, run, start, 9848925371085533
1787729859.533048, NoOp Chain Depth 64 Size 0 Mode ref, Ref Stage 20, run, end, 9848925371107245
1787729859.533063, NoOp Chain Depth 64 Size 0 Mode ref, Ref Stage 21, run, start, 9848925371121949
1787729859.533084, NoOp Chain Depth 64 Size 0 Mode ref, Ref Stage 21, run, end, 9848925371143069
1787729859.533099, NoOp Chain Depth 64 Size 0 Mode ref, Ref Stage 22, run, start, 9848925371158477
1787729859.533123, NoOp Chain Depth 64 Size 0 Mode ref, Ref Stage 22, run, end, 9848925371182541
1787729859.533140, NoOp Chain Depth 64 Size 0 Mode ref, Ref Stage 23, run, start, 9848925371199437
1787729859.533164, NoOp Chain Depth 64 Size 0 Mode ref, Ref Stage 23, run, end, 9848925371223085
1787729859.533181, NoOp Chain Depth 64 Size 0 Mode ref, Ref Stage 24, run, start, 9848925371239965
1787729859.533205, NoOp Chain Depth 64 Size 0 Mode ref, Ref Stage 24, run, end, 9848925371263741
1787729859.533221, NoOp Chain Depth 64 Size 0 Mode ref, Ref Stage 25, run, start, 9848925371280621
1787729859.533245, NoOp Chain Depth 64 Size 0 Mode ref, Ref Stage 25, run, end, 9848925371304301
1787729859.533262, NoOp Chain Depth 64 Size 0 Mode ref, Ref Stage 26, run, start, 9848925371321485
1787729859.533286, NoOp Chain Depth 64 Size 0 Mode ref, Ref Stage 26, run, end, 9848925371345629
1787729859.533303, NoOp Chain Depth 64 Size 0 Mode ref, Ref Stage 27, run, start, 9848925371362973
1787729859.533328, NoOp Chain Depth 64 Size 0 Mode ref, Ref Stage 27, run, end, 9848925371387277
1787729859.533345, NoOp Chain Depth 64 Size 0 Mode ref, Ref Stage 28, run, start, 9848925371404445
1787729859.533369, NoOp Chain Depth 64 Size 0 Mode ref, Ref Stage 28, run, end, 9848925371428173
1787729859.533386, NoOp Chain Depth 64 Size 0 Mode ref, Ref Stage 29, run, start, 9848925371445101
1787729859.533409, NoOp Chain Depth 64 Size 0 Mode ref, Ref Stage 29, run, end, 9848925371468493
1787729859.533427, NoOp Chain Depth 64 Size 0 Mode ref, Ref Stage 30, run, start, 9848925371485709
1787729859.533450, NoOp Chain Depth 64 Size 0 Mode ref, Ref Stage 30, run, end, 9848925371509149
1787729859.533589, NoOp Chain Depth 64 Size 0 Mode ref, Ref Stage 31, run, start, 9848925371648717
1787729859.533623, NoOp Chain Depth 64 Size 0 Mode ref, Ref Stage 31, run, end, 9848925371682861
1787729859.533639, NoOp Chain Depth 64 Size 0 Mode ref, Ref Stage 32, run, start, 9848925371698717
1787729859.533662, NoOp Chain Depth 64 Size 0 Mode ref, Ref Stage 32, run, end, 9848925371721021
1787729859.533677, NoOp Chain Depth 64 Size 0 Mode ref, Ref Stage 33, run, start, 9848925371736029
1787729859.533698, NoOp Chain Depth 64 Size 0 Mode ref, Ref Stage 33, run, end, 9848925371757629
1787729859.533715, NoOp Chain Depth 64 Size 0 Mode ref, Ref Stage 34, run, start, 9848925371774877
1787729859.533740, NoOp Chain Depth 64 Size 0 Mode ref, Ref Stage 34, run, end, 9848925371798909
1787729859.533757, NoOp Chain Depth 64 Size 0 Mode ref, Ref Stage 35, run, start, 9848925371815965
1787729859.533781, NoOp Chain Depth 64 Size 0 Mode ref, Ref Stage 35, run, end, 9848925371839837
1787729859.533796, NoOp Chain Depth 64 Size 0 Mode ref, Ref Stage 36, run, start, 9848925371855213
1787729859.533818, NoOp Chain Depth 64 Size 0 Mode ref, Ref Stage 36, run, end, 9848925371877117
1787729859.533833, NoOp Chain Depth 64 Size 0 Mode ref, Ref Stage 37, run, start, 9848925371892333
1787729859.533855, NoOp Chain Depth 64 Size 0 Mode ref, Ref Stage 37, run, end, 9848925371914397
1787729859.533870, NoOp Chain Depth 64 Size 0 Mode ref, Ref Stage 38, run, start, 9848925371929661
1787729859.533892, NoOp Chain Depth 64 Size 0 Mode ref, Ref Stage 38, run, end, 9848925371951789
1787729859.533908, NoOp Chain Depth 64 Size 0 Mode ref, Ref Stage 39, run, start, 9848925371966941
1787729859.533929, NoOp Chain Depth 64 Size 0 Mode ref, Ref Stage 39, run, end, 9848925371988541
1787729859.533946, NoOp Chain Depth 64 Size 0 Mode ref, Ref Stage 40, run, start, 9848925372004973
1787729859.533970, NoOp Chain Depth 64 Size 0 Mode ref, Ref Stage 40, run, end, 9848925372029789
1787729859.534117, NoOp Chain Depth 64 Size 0 Mode ref, Ref Stage 41, run, start, 9848925372176093
1787729859.534140, NoOp Chain Depth 64 Size 0 Mode ref, Ref Stage 41, run, end, 9848925372199501
1787729859.534156, NoOp Chain Depth 64 Size 0 Mode ref, Ref Stage 42, run, start, 9848925372215661
1787729859.534181, NoOp Chain Depth 64 Size 0 Mode ref, Ref Stage 42, run, end, 9848925372239805
1787729859.534198, NoOp Chain Depth 64 Size 0 Mode ref, Ref Stage 43, run, start, 9848925372257117
1787729859.534222, NoOp Chain Depth 64 Size 0 Mode ref, Ref Stage 43, run, end, 9848925372281133
1787729859.534239, NoOp Chain Depth 64 Size 0 Mode ref, Ref Stage 44, run, start, 9848925372298045
1787729859.534263, NoOp Chain Depth 64 Size 0 Mode ref, Ref Stage 44, run, end, 9848925372321996
1787729859.534408, NoOp Chain Depth 64 Size 0 Mode ref, Ref Stage 45, run, start, 9848925372467436
1787729859.534431, NoOp Chain Depth 64 Size 0 Mode ref, Ref Stage 45, run, end, 9848925372490428
1787729859.534446, NoOp Chain Depth 64 Size 0 Mode ref, Ref Stage 46, run, start, 9848925372506044
1787729859.534469, NoOp Chain Depth 64 Size 0 Mode ref, Ref Stage 46, run, end, 9848925372528172
1787729859.534484, NoOp Chain Depth 64 Size 0 Mode ref, Ref Stage 47, run, start, 9848925372543340
1787729859.534506, NoOp Chain Depth 64 Size 0 Mode ref, Ref Stage 47, run, end, 9848925372565340
1787729859.534521, NoOp Chain Depth 64 Size 0 Mode ref, Ref Stage 48, run, start, 9848925372580684
1787729859.534543, NoOp Chain Depth 64 Size 0 Mode ref, Ref Stage 48, run, end, 9848925372602716
1787729859.534559, NoOp Chain Depth 64 Size 0 Mode ref, Ref Stage 49, run, start, 9848925372617788
1787729859.534580, NoOp Chain Depth 64 Size 0 Mode ref, Ref Stage 49, run, end, 9848925372639788
1787729859.534596, NoOp Chain Depth 64 Size 0 Mode ref, Ref Stage 50, run, start, 9848925372655084
1787729859.534618, NoOp Chain Depth 64 Size 0 Mode ref, Ref Stage 50, run, end, 9848925372677196
1787729859.534633, NoOp Chain Depth 64 Size 0 Mode ref, Ref Stage 51, run, start, 9848925372692604
1787729859.534659, NoOp Chain Depth 64 Size 0 Mode ref, Ref Stage 51, run, end, 9848925372717820
1787729859.534670, NoOp Chain Depth 64 Size 0 Mode ref, Ref Stage 52, run, start, 9848925372729772
1787729859.534708, NoOp Chain Depth 64 Size 0 Mode ref, Ref Stage 52, run, end, 9848925372768060
1787729859.534853, NoOp Chain Depth 64 Size 0 Mode ref, Ref Stage 53, run, start, 9848925372912588
1787729859.534876, NoOp Chain Depth 64 Size 0 Mode ref, Ref Stage 53, run, end, 9848925372935148
1787729859.534891, NoOp Chain Depth 64 Size 0 Mode ref, Ref Stage 54, run, start, 9848925372950076
1787729859.534912, NoOp Chain Depth 64 Size 0 Mode ref, Ref Stage 54, run, end, 9848925372971612
1787729859.534928, NoOp Chain Depth 64 Size 0 Mode ref, Ref Stage 55, run, start, 9848925372987004
1787729859.534951, NoOp Chain Depth 64 Size 0 Mode ref, Ref Stage 55, run, end, 9848925373009948
1787729859.534966, NoOp Chain Depth 64 Size 0 Mode ref, Ref Stage 56, run, start, 9848925373025532
1787729859.534987, NoOp Chain Depth 64 Size 0 Mode ref, Ref Stage 56, run, end, 9848925373046940
1787729859.535003, NoOp Chain Depth 64 Size 0 Mode ref, Ref Stage 57, run, start, 9848925373062140
1787729859.535025, NoOp Chain Depth 64 Size 0 Mode ref, Ref Stage 57, run, end, 9848925373084124
1787729859.535040, NoOp Chain Depth 64 Size 0 Mode ref, Ref Stage 58, run, start, 9848925373099324
1787729859.535062, NoOp Chain Depth 64 Size 0 Mode ref, Ref Stage 58, run, end, 9848925373121196
1787729859.535077, NoOp Chain Depth 64 Size 0 Mode ref, Ref Stage 59, run, start, 9848925373136364
1787729859.535098, NoOp Chain Depth 64 Size 0 Mode ref, Ref Stage 59, run, end, 9848925373157788
1787729859.535114, NoOp Chain Depth 64 Size 0 Mode ref, Ref Stage 60, run, start, 9848925373172892
1787729859.535137, NoOp Chain Depth 64 Size 0 Mode ref, Ref Stage 60, run, end, 9848925373196364
1787729859.535154, NoOp Chain Depth 64 Size 0 Mode ref, Ref Stage 61, run, start, 9848925373213452
1787729859.535178, NoOp Chain Depth 64 Size 0 Mode ref, Ref Stage 61, run, end, 9848925373237596
1787729859.535195, NoOp Chain Depth 64 Size 0 Mode ref, Ref Stage 62, run, start, 9848925373254668
1787729859.535220, NoOp Chain Depth 64 Size 0 Mode ref, Ref Stage 62, run, end, 9848925373279564
1787729859.535237, NoOp Chain Depth 64 Size 0 Mode ref, Ref Stage 63, run, start, 9848925373296716
1787729859.535262, NoOp Chain Depth 64 Size 0 Mode ref, Ref Stage 63, run, end, 9848925373321340
1787729859.535281, NoOp Chain Depth 64 Size 0 Mode ref, pipeline - train, run, end, 42264197523568201773670173747493786163, 1787729859.531842, 40, 1, 9848925373340076
1787729859.535320, NoOp Chain Depth 64 Size 0 Mode ref, pipeline - train, run, start, 156439488108063758113208838183852362265, 1787729859.535308, 41, 1, 9848925373379340
1787729859.535347, NoOp Chain Depth 64 Size 0 Mode ref, Ref Stage 0, run, start, 9848925373405836
1787729859.535371, NoOp Chain Depth 64 Size 0 Mode ref, Ref Stage 0, run, end, 9848925373429836
1787729859.535388, NoOp Chain Depth 64 Size 0 Mode ref, Ref Stage 1, run, start, 9848925373447516
1787729859.535412, NoOp Chain Depth 64 Size 0 Mode ref, Ref Stage 1, run, end, 9848925373471644
1787729859.535429, NoOp Chain Depth 64 Size 0 Mode ref, Ref Stage 2, run, start, 9848925373488476
1787729859.535455, NoOp Chain Depth 64 Size 0 Mode ref, Ref Stage 2, run, end, 9848925373514924
1787729859.535471, NoOp Chain Depth 64 Size 0 Mode ref, Ref Stage 3, run, start, 9848925373530156
1787729859.535495, NoOp Chain Depth 64 Size 0 Mode ref, Ref Stage 3, run, end, 9848925373553948
1787729859.535510, NoOp Chain Depth 64 Size 0 Mode ref, Ref Stage 4, run, start, 9848925373569468
1787729859.535532, NoOp Chain Depth 64 Size 0 Mode ref, Ref Stage 4, run, end, 9848925373591932
1787729859.535548, NoOp Chain Depth 64 Size 0 Mode ref, Ref Stage 5, run, start, 9848925373607436
1787729859.535572, NoOp Chain Depth 64 Size 0 Mode ref, Ref Stage 5, run, end, 9848925373630972
1787729859.535587, NoOp Chain Depth 64 Size 0 Mode ref, Ref Stage 6, run, start, 9848925373646284
1787729859.535609, NoOp Chain Depth 64 Size 0 Mode ref, Ref Stage 6, run, end, 9848925373669020
1787729859.535627, NoOp Chain Depth 64 Size 0 Mode ref, Ref Stage 7, run, start, 9848925373685996
1787729859.535650, NoOp Chain Depth 64 Size 0 Mode ref, Ref Stage 7, run, end, 9848925373708924
1787729859.535665, NoOp Chain Depth 64 Size 0 Mode ref, Ref Stage 8, run, start, 9848925373724380
1787729859.535687, NoOp Chain Depth 64 Size 0 Mode ref, Ref Stage 8, run, end, 9848925373746012
1787729859.535702, NoOp Chain Depth 64 Size 0 Mode ref, Ref Stage 9, run, start, 9848925373761276
1787729859.535725, NoOp Chain Depth 64 Size 0 Mode ref, Ref Stage 9, run, end, 9848925373784124
1787729859.535740, NoOp Chain Depth 64 Size 0 Mode ref, Ref Stage 10, run, start, 9848925373799260
1787729859.535761, NoOp Chain Depth 64 Size 0 Mode ref, Ref Stage 10, run, end, 9848925373820524
1787729859.535777, NoOp Chain Depth 64 Size 0 Mode ref, Ref Stage 11, run, start, 9848925373836604
1787729859.535799, NoOp Chain Depth 64 Size 0 Mode ref, Ref Stage 11, run, end, 9848925373858060
1787729859.535814, NoOp Chain Depth 64 Size 0 Mode ref, Ref Stage 12, run, start, 9848925373873068
1787729859.535835, NoOp Chain Depth 64 Size 0 Mode ref, Ref Stage 12, run, end, 9848925373894332
1787729859.535851, NoOp Chain Depth 64 Size 0 Mode ref, Ref Stage 13, run, start, 9848925373910812
1787729859.535873, NoOp Chain Depth 64 Size 0 Mode ref, Ref Stage 13, run, end, 9848925373932508
1787729859.535888, NoOp Chain Depth 64 Size 0 Mode ref, Ref Stage 14, run, start, 9848925373947388
1787729859.535910, NoOp Chain Depth 64 Size 0 Mode ref, Ref Stage 14, run, end, 9848925373969196
1787729859.535925, NoOp Chain Depth 64 Size 0 Mode ref, Ref Stage 15, run, start, 9848925373984300
1787729859.535948, NoOp Chain Depth 64 Size 0 Mode ref, Ref Stage 15, run, end, 9848925374006924
1787729859.535963, NoOp Chain Depth 64 Size 0 Mode ref, Ref Stage 16, run, start, 9848925374022556
1787729859.535985, NoOp Chain Depth 64 Size 0 Mode ref, Ref Stage 16, run, end, 9848925374044204
1787729859.536000, NoOp Chain Depth 64 Size 0 Mode ref, Ref Stage 17, run, start, 9848925374059260
1787729859.536021, NoOp Chain Depth 64 Size 0 Mode ref, Ref Stage 17, run, end, 9848925374080444
1787729859.536036, NoOp Chain Depth 64 Size 0 Mode ref, Ref Stage 18, run, start, 9848925374095436
1787729859.536058, NoOp Chain Depth 64 Size 0 Mode ref, Ref Stage 18, run, end, 9848925374117628
1787729859.536073, NoOp Chain Depth 64 Size 0 Mode ref, Ref Stage 19, run, start, 9848925374132668
1787729859.536095, NoOp Chain Depth 64 Size 0 Mode ref, Ref Stage 19, run, end, 9848925374154028
1787729859.536111, NoOp Chain Depth 64 Size 0 Mode ref, Ref Stage 20, run, start, 9848925374169964
1787729859.536136, NoOp Chain Depth 64 Size 0 Mode ref, Ref Stage 20, run, end, 9848925374195820
1787729859.536152, NoOp Chain Depth 64 Size 0 Mode ref, Ref Stage 21, run, start, 9848925374210844
1787729859.536174, NoOp Chain Depth 64 Size 0 Mode ref, Ref Stage 21, run, end, 9848925374233084
1787729859.536191, NoOp Chain Depth 64 Size 0 Mode ref, Ref Stage 22, run, start, 9848925374250156
1787729859.536213, NoOp Chain Depth 64 Size 0 Mode ref, Ref Stage 22, run, end, 9848925374272556
1787729859.536228, NoOp Chain Depth 64 Size 0 Mode ref, Ref Stage 23, run, start, 9848925374287644
1787729859.536251, NoOp Chain Depth 64 Size 0 Mode ref, Ref Stage 23, run, end, 9848925374309868
1787729859.536265, NoOp Chain Depth 64 Size 0 Mode ref, Ref Stage 24, run, start, 9848925374324764
1787729859.536286, NoOp Chain Depth 64 Size 0 Mode ref, Ref Stage 24, run, end, 9848925374345803
1787729859.536301, NoOp Chain Depth 64 Size 0 Mode ref, Ref Stage 25, run, start, 9848925374360651
1787729859.536323, NoOp Chain Depth 64 Size 0 Mode ref, Ref Stage 25, run, end, 9848925374381851
1787729859.536338, NoOp Chain Depth 64 Size 0 Mode ref, Ref Stage 26, run, start, 9848925374397003
1787729859.536359, NoOp Chain Depth 64 Size 0 Mode ref, Ref Stage 26, run, end, 9848925374418251
1787729859.536374, NoOp Chain Depth 64 Size 0 Mode ref, Ref Stage 27, run, start, 9848925374433339
1787729859.536395, NoOp Chain Depth 64 Size 0 Mode ref, Ref Stage 27, run, end, 9848925374454619
1787729859.536412, NoOp Chain Depth 64 Size 0 Mode ref, Ref Stage 28, run, start, 9848925374471259
1787729859.536433, NoOp Chain Depth 64 Size 0 Mode ref, Ref Stage 28, run, end, 9848925374492715
1787729859.536449, NoOp Chain Depth 64 Size 0 Mode ref, Ref Stage 29, run, start, 9848925374508491
1787729859.536472, NoOp Chain Depth 64 Size 0 Mode ref, Ref Stage 29, run, end, 9848925374531579
1787729859.536978, NoOp Chain Depth 64 Size 0 Mode ref, Ref Stage 30, run, start, 9848925375037499
1787729859.537000, NoOp Chain Depth 64 Size 0 Mode ref, Ref Stage 30, run, end, 9848925375059899
1787729859.537796, NoOp Chain Depth 64 Size 0 Mode ref, Ref Stage 31, run, start, 9848925375855835
1787729859.537820, NoOp Chain Depth 64 Size 0 Mode ref, Ref Stage 31, run, end, 9848925375878891
1787729859.537835, NoOp Chain Depth 64 Size 0 Mode ref, Ref Stage 32, run, start, 9848925375894203
1787729859.537857, NoOp Chain Depth 64 Size 0 Mode ref, Ref Stage 32, run, end, 9848925375915979
1787729859.537872, NoOp Chain Depth 64 Size 0 Mode ref, Ref Stage 33, run, start, 9848925375930907
1787729859.537893, NoOp Chain Depth 64 Size 0 Mode ref, Ref Stage 33, run, end, 9848925375952667
1787729859.537909, NoOp Chain Depth 64 Size 0 Mode ref, Ref Stage 34, run, start, 9848925375967723
1787729859.537930, NoOp Chain Depth 64 Size 0 Mode ref, Ref Stage 34, run, end, 9848925375989371
1787729859.537946, NoOp Chain Depth 64 Size 0 Mode ref, Ref Stage 35, run, start, 9848925376005515
1787729859.537968, NoOp Chain Depth 64 Size 0 Mode ref, Ref Stage 35, run, end, 9848925376027275
1787729859.538081, NoOp Chain Depth 64 Size 0 Mode ref, Ref Stage 36, run, start, 9848925376140219
1787729859.538103, NoOp Chain Depth 64 Size 0 Mode ref, Ref Stage 36, run, end, 9848925376162347
1787729859.538118, NoOp Chain Depth 64 Size 0 Mode ref, Ref Stage 37, run, start, 9848925376177211
1787729859.538139, NoOp Chain Depth 64 Size 0 Mode ref, Ref Stage 37, run, end, 9848925376198651
1787729859.538154, NoOp Chain Depth 64 Size 0 Mode ref, Ref Stage 38, run, start, 9848925376213243
1787729859.538176, NoOp Chain Depth 64 Size 0 Mode ref, Ref Stage 38, run, end, 9848925376234747
1787729859.538190, NoOp Chain Depth 64 Size 0 Mode ref, Ref Stage 39, run, start, 9848925376249755
1787729859.538212, NoOp Chain Depth 64 Size 0 Mode ref, Ref Stage 39, run, end, 9848925376271066
1787729859.538226, NoOp Chain Depth 64 Size 0 Mode ref, Ref Stage 40, run, start, 9848925376285770
1787729859.538248, NoOp Chain Depth 64 Size 0 Mode ref, Ref Stage 40, run, end, 9848925376307146
1787729859.538263, NoOp Chain Depth 64 Size 0 Mode ref, Ref Stage 41, run, start, 9848925376322314
1787729859.538285, NoOp Chain Depth 64 Size 0 Mode ref, Ref Stage 41, run, end, 9848925376344202
1787729859.538399, NoOp Chain Depth 64 Size 0 Mode ref, Ref Stage 42, run, start, 9848925376457882
1787729859.538420, NoOp Chain Depth 64 Size 0 Mode ref, Ref Stage 42, run, end, 9848925376479722
1787729859.538436, NoOp Chain Depth 64 Size 0 Mode ref, Ref Stage 43, run, start, 9848925376495002
1787729859.538457, NoOp Chain Depth 64 Size 0 Mode ref, Ref Stage 43, run, end, 9848925376516618
1787729859.538473, NoOp Chain Depth 64 Size 0 Mode ref, Ref Stage 44, run, start, 9848925376531978
1787729859.538494, NoOp Chain Depth 64 Size 0 Mode ref, Ref Stage 44, run, end, 9848925376553466
1787729859.538509, NoOp Chain Depth 64 Size 0 Mode ref, Ref Stage 45, run, start, 9848925376568522
1787729859.538531, NoOp Chain Depth 64 Size 0 Mode ref, Ref Stage 45, run, end, 9848925376590218
1787729859.538546, NoOp Chain Depth 64 Size 0 Mode ref, Ref Stage 46, run, start, 9848925376605738
1787729859.538568, NoOp Chain Depth 64 Size 0 Mode ref, Ref Stage 46, run, end, 9848925376627466
1787729859.538681, NoOp Chain Depth 64 Size 0 Mode ref, Ref Stage 47, run, start, 9848925376740554
1787729859.538703, NoOp Chain Depth 64 Size 0 Mode ref, Ref Stage 47, run, end, 9848925376762330
1787729859.538718, NoOp Chain Depth 64 Size 0 Mode ref, Ref Stage 48, run, start, 9848925376777210
1787729859.538739, NoOp Chain Depth 64 Size 0 Mode ref, Ref Stage 48, run, end, 9848925376798714
1787729859.538757, NoOp Chain Depth 64 Size 0 Mode ref, Ref Stage 49, run, start, 9848925376816826
1787729859.538779, NoOp Chain Depth 64 Size 0 Mode ref, Ref Stage 49, run, end, 9848925376838474
1787729859.538794, NoOp Chain Depth 64 Size 0 Mode ref, Ref Stage 50, run, start, 9848925376853578
1787729859.538818, NoOp Chain Depth 64 Size 0 Mode ref, Ref Stage 50, run, end, 9848925376877098
1787729859.538830, NoOp Chain Depth 64 Size 0 Mode ref, Ref Stage 51, run, start, 9848925376889786
1787729859.538863, NoOp Chain Depth 64 Size 0 Mode ref, Ref Stage 51, run, end, 9848925376922218
1787729859.538879, NoOp Chain Depth 64 Size 0 Mode ref, Ref Stage 52, run, start, 9848925376938042
1787729859.538900, NoOp Chain Depth 64 Size 0 Mode ref, Ref Stage 52, run, end, 9848925376959898
1787729859.538916, NoOp Chain Depth 64 Size 0 Mode ref, Ref Stage 53, run, start, 9848925376974906
1787729859.538937, NoOp Chain Depth 64 Size 0 Mode ref, Ref Stage 53, run, end, 9848925376996682
1787729859.539052, NoOp Chain Depth 64 Size 0 Mode ref, Ref Stage 54, run, start, 9848925377111466
1787729859.539075, NoOp Chain Depth 64 Size 0 Mode ref, Ref Stage 54, run, end, 9848925377134058
1787729859.539090, NoOp Chain Depth 64 Size 0 Mode ref, Ref Stage 55, run, start, 9848925377149130
1787729859.539111, NoOp Chain Depth 64 Size 0 Mode ref, Ref Stage 55, run, end, 9848925377170442
1787729859.539126, NoOp Chain Depth 64 Size 0 Mode ref, Ref Stage 56, run, start, 9848925377185434
1787729859.539148, NoOp Chain Depth 64 Size 0 Mode ref, Ref Stage 56, run, end, 9848925377206874
1787729859.539163, NoOp Chain Depth 64 Size 0 Mode ref, Ref Stage 57, run, start, 9848925377222122
1787729859.539184, NoOp Chain Depth 64 Size 0 Mode ref, Ref Stage 57, run, end, 9848925377243546
1787729859.539200, NoOp Chain Depth 64 Size 0 Mode ref, Ref Stage 58, run, start, 9848925377258650
1787729859.539221, NoOp Chain Depth 64 Size 0 Mode ref, Ref Stage 58, run, end, 9848925377280602
1787729859.539334, NoOp Chain Depth 64 Size 0 Mode ref, Ref Stage 59, run, start, 9848925377393626
1787729859.539356, NoOp Chain Depth 64 Size 0 Mode ref, Ref Stage 59, run, end, 9848925377415402
1787729859.539371, NoOp Chain Depth 64 Size 0 Mode ref, Ref Stage 60, run, start, 9848925377430458
1787729859.539392, NoOp Chain Depth 64 Size 0 Mode ref, Ref Stage 60, run, end, 9848925377451866
1787729859.539408, NoOp Chain Depth 64 Size 0 Mode ref, Ref Stage 61, run, start, 9848925377466986
1787729859.539429, NoOp Chain Depth 64 Size 0 Mode ref, Ref Stage 61, run, end, 9848925377488410
1787729859.539444, NoOp Chain Depth 64 Size 0 Mode ref, Ref Stage 62, run, start, 9848925377503450
1787729859.539465, NoOp Chain Depth 64 Size 0 Mode ref, Ref Stage 62, run, end, 9848925377524538
1787729859.539481, NoOp Chain Depth 64 Size 0 Mode ref, Ref Stage 63, run, start, 9848925377539978
1787729859.539502, NoOp Chain Depth 64 Size 0 Mode ref, Ref Stage 63, run, end, 9848925377561370
1787729859.539517, NoOp Chain Depth 64 Size 0 Mode ref, pipeline - train, run, end, 156439488108063758113208838183852362265, 1787729859.535308, 41, 1, 9848925377576298
1787729859.539551, NoOp Chain Depth 64 Size 0 Mode ref, pipeline - train, run, start, 81782670220143181724693818418632887767, 1787729859.539541, 42, 1, 9848925377610618
1787729859.539574, NoOp Chain Depth 64 Size 0 Mode ref, Ref Stage 0, run, start, 9848925377633114
1787729859.539596, NoOp Chain Depth 64 Size 0 Mode ref, Ref Stage 0, run, end, 9848925377655050
1787729859.539711, NoOp Chain Depth 64 Size 0 Mode ref, Ref Stage 1, run, start, 9848925377770090
1787729859.539733, NoOp Chain Depth 64 Size 0 Mode ref, Ref Stage 1, run, end, 9848925377792154
1787729859.539748, NoOp Chain Depth 64 Size 0 Mode ref, Ref Stage 2, run, start, 9848925377807354
1787729859.539770, NoOp Chain Depth 64 Size 0 Mode ref, Ref Stage 2, run, end, 9848925377828906
1787729859.539785, NoOp Chain Depth 64 Size 0 Mode ref, Ref Stage 3, run, start, 9848925377843978
1787729859.539806, NoOp Chain Depth 64 Size 0 Mode ref, Ref Stage 3, run, end, 9848925377865722
1787729859.539823, NoOp Chain Depth 64 Size 0 Mode ref, Ref Stage 4, run, start, 9848925377882538
1787729859.539845, NoOp Chain Depth 64 Size 0 Mode ref, Ref Stage 4, run, end, 9848925377904282
1787729859.539860, NoOp Chain Depth 64 Size 0 Mode ref, Ref Stage 5, run, start, 9848925377919482
1787729859.539882, NoOp Chain Depth 64 Size 0 Mode ref, Ref Stage 5, run, end, 9848925377941194
1787729859.539995, NoOp Chain Depth 64 Size 0 Mode ref, Ref Stage 6, run, start, 9848925378054426
1787729859.540018, NoOp Chain Depth 64 Size 0 Mode ref, Ref Stage 6, run, end, 9848925378077210
1787729859.540033, NoOp Chain Depth 64 Size 0 Mode ref, Ref Stage 7, run, start, 9848925378092634
1787729859.540055, NoOp Chain Depth 64 Size 0 Mode ref, Ref Stage 7, run, end, 9848925378114185
1787729859.540070, NoOp Chain Depth 64 Size 0 Mode ref, Ref Stage 8, run, start, 9848925378129257
1787729859.540091, NoOp Chain Depth 64 Size 0 Mode ref, Ref Stage 8, run, end, 9848925378150345
1787729859.540106, NoOp Chain Depth 64 Size 0 Mode ref, Ref Stage 9, run, start, 9848925378165193
1787729859.540128, NoOp Chain Depth 64 Size 0 Mode ref, Ref Stage 9, run, end, 9848925378186969
1787729859.540143, NoOp Chain Depth 64 Size 0 Mode ref, Ref Stage 10, run, start, 9848925378202137
1787729859.540164, NoOp Chain Depth 64 Size 0 Mode ref, Ref Stage 10, run, end, 9848925378223657
1787729859.540179, NoOp Chain Depth 64 Size 0 Mode ref, Ref Stage 11, run, start, 9848925378238617
1787729859.540201, NoOp Chain Depth 64 Size 0 Mode ref, Ref Stage 11, run, end, 9848925378259865
1787729859.540216, NoOp Chain Depth 64 Size 0 Mode ref, Ref Stage 12, run, start, 9848925378275017
1787729859.540237, NoOp Chain Depth 64 Size 0 Mode ref, Ref Stage 12, run, end, 9848925378296537
1787729859.540252, NoOp Chain Depth 64 Size 0 Mode ref, Ref Stage 13, run, start, 9848925378311513
1787729859.540273, NoOp Chain Depth 64 Size 0 Mode ref, Ref Stage 13, run, end, 9848925378332761
1787729859.540389, NoOp Chain Depth 64 Size 0 Mode ref, Ref Stage 14, run, start, 9848925378448953
1787729859.540412, NoOp Chain Depth 64 Size 0 Mode ref, Ref Stage 14, run, end, 9848925378471193
1787729859.540427, NoOp Chain Depth 64 Size 0 Mode ref, Ref Stage 15, run, start, 9848925378486233
1787729859.540448, NoOp Chain Depth 64 Size 0 Mode ref, Ref Stage 15, run, end, 9848925378507673
1787729859.540463, NoOp Chain Depth 64 Size 0 Mode ref, Ref Stage 16, run, start, 9848925378522633
1787729859.540485, NoOp Chain Depth 64 Size 0 Mode ref, Ref Stage 16, run, end, 9848925378543913
1787729859.540500, NoOp Chain Depth 64 Size 0 Mode ref, Ref Stage 17, run, start, 9848925378558937
1787729859.540521, NoOp Chain Depth 64 Size 0 Mode ref, Ref Stage 17, run, end, 9848925378580441
1787729859.540536, NoOp Chain Depth 64 Size 0 Mode ref, Ref Stage 18, run, start, 9848925378595337
1787729859.540558, NoOp Chain Depth 64 Size 0 Mode ref, Ref Stage 18, run, end, 9848925378616921
1787729859.540673, NoOp Chain Depth 64 Size 0 Mode ref, Ref Stage 19, run, start, 9848925378732617
1787729859.540695, NoOp Chain Depth 64 Size 0 Mode ref, Ref Stage 19, run, end, 9848925378754729
1787729859.540710, NoOp Chain Depth 64 Size 0 Mode ref, Ref Stage 20, run, start, 9848925378769769
1787729859.540732, NoOp Chain Depth 64 Size 0 Mode ref, Ref Stage 20, run, end, 9848925378791209
1787729859.540747, NoOp Chain Depth 64 Size 0 Mode ref, Ref Stage 21, run, start, 9848925378806137
1787729859.540769, NoOp Chain Depth 64 Size 0 Mode ref, Ref Stage 21, run, end, 9848925378827977
1787729859.540784, NoOp Chain Depth 64 Size 0 Mode ref, Ref Stage 22, run, start, 9848925378843049
1787729859.540805, NoOp Chain Depth 64 Size 0 Mode ref, Ref Stage 22, run, end, 9848925378864569
1787729859.540820, NoOp Chain Depth 64 Size 0 Mode ref, Ref Stage 23, run, start, 9848925378879369
1787729859.540842, NoOp Chain Depth 64 Size 0 Mode ref, Ref Stage 23, run, end, 9848925378900857
1787729859.540856, NoOp Chain Depth 64 Size 0 Mode ref, Ref Stage 24, run, start, 9848925378915657
1787729859.540878, NoOp Chain Depth 64 Size 0 Mode ref, Ref Stage 24, run, end, 9848925378937241
1787729859.540895, NoOp Chain Depth 64 Size 0 Mode ref, Ref Stage 25, run, start, 9848925378953929
1787729859.540916, NoOp Chain Depth 64 Size 0 Mode ref, Ref Stage 25, run, end, 9848925378975369
1787729859.541037, NoOp Chain Depth 64 Size 0 Mode ref, Ref Stage 26, run, start, 9848925379096553
1787729859.541060, NoOp Chain Depth 64 Size 0 Mode ref, Ref Stage 26, run, end, 9848925379119401
1787729859.541075, NoOp Chain Depth 64 Size 0 Mode ref, Ref Stage 27, run, start, 9848925379134345
1787729859.541097, NoOp Chain Depth 64 Size 0 Mode ref, Ref Stage 27, run, end, 9848925379155913
1787729859.541111, NoOp Chain Depth 64 Size 0 Mode ref, Ref Stage 28, run, start, 9848925379170953
1787729859.541133, NoOp Chain Depth 64 Size 0 Mode ref, Ref Stage 28, run, end, 9848925379192505
1787729859.541148, NoOp Chain Depth 64 Size 0 Mode ref, Ref Stage 29, run, start, 9848925379207417
1787729859.541170, NoOp Chain Depth 64 Size 0 Mode ref, Ref Stage 29, run, end, 9848925379228873
1787729859.541185, NoOp Chain Depth 64 Size 0 Mode ref, Ref Stage 30, run, start, 9848925379244025
1787729859.541208, NoOp Chain Depth 64 Size 0 Mode ref, Ref Stage 30, run, end, 9848925379267241
1787729859.541222, NoOp Chain Depth 64 Size 0 Mode ref, Ref Stage 31, run, start, 9848925379281577
1787729859.541353, NoOp Chain Depth 64 Size 0 Mode ref, Ref Stage 31, run, end, 9848925379411961
1787729859.541368, NoOp Chain Depth 64 Size 0 Mode ref, Ref Stage 32, run, start, 9848925379427049
1787729859.541389, NoOp Chain Depth 64 Size 0 Mode ref, Ref Stage 32, run, end, 9848925379448409
1787729859.541404, NoOp Chain Depth 64 Size 0 Mode ref, Ref Stage 33, run, start, 9848925379463561
1787729859.541426, NoOp Chain Depth 64 Size 0 Mode ref, Ref Stage 33, run, end, 9848925379485385
1787729859.541441, NoOp Chain Depth 64 Size 0 Mode ref, Ref Stage 34, run, start, 9848925379500537
1787729859.541463, NoOp Chain Depth 64 Size 0 Mode ref, Ref Stage 34, run, end, 9848925379522233
1787729859.541478, NoOp Chain Depth 64 Size 0 Mode ref, Ref Stage 35, run, start, 9848925379537273
1787729859.541500, NoOp Chain Depth 64 Size 0 Mode ref, Ref Stage 35, run, end, 9848925379558841
1787729859.541514, NoOp Chain Depth 64 Size 0 Mode ref, Ref Stage 36, run, start, 9848925379573865
1787729859.541536, NoOp Chain Depth 64 Size 0 Mode ref, Ref Stage 36, run, end, 9848925379595513
1787729859.541551, NoOp Chain Depth 64 Size 0 Mode ref, Ref Stage 37, run, start, 9848925379610297
1787729859.541572, NoOp Chain Depth 64 Size 0 Mode ref, Ref Stage 37, run, end, 9848925379631529
1787729859.541588, NoOp Chain Depth 64 Size 0 Mode ref, Ref Stage 38, run, start, 9848925379647081
1787729859.541710, NoOp Chain Depth 64 Size 0 Mode ref, Ref Stage 38, run, end, 9848925379769609
1787729859.541725, NoOp Chain Depth 64 Size 0 Mode ref, Ref Stage 39, run, start, 9848925379784649
1787729859.541747, NoOp Chain Depth 64 Size 0 Mode ref, Ref Stage 39, run, end, 9848925379806569
1787729859.541762, NoOp Chain Depth 64 Size 0 Mode ref, Ref Stage 40, run, start, 9848925379821337
1787729859.541784, NoOp Chain Depth 64 Size 0 Mode ref, Ref Stage 40, run, end, 9848925379843129
1787729859.541800, NoOp Chain Depth 64 Size 0 Mode ref, Ref Stage 41, run, start, 9848925379859593
1787729859.541823, NoOp Chain Depth 64 Size 0 Mode ref, Ref Stage 41, run, end, 9848925379882649
1787729859.541836, NoOp Chain Depth 64 Size 0 Mode ref, Ref Stage 42, run, start, 9848925379894985
1787729859.541867, NoOp Chain Depth 64 Size 0 Mode ref, Ref Stage 42, run, end, 9848925379926713
1787729859.541882, NoOp Chain Depth 64 Size 0 Mode ref, Ref Stage 43, run, start, 9848925379941625
1787729859.541907, NoOp Chain Depth 64 Size 0 Mode ref, Ref Stage 43, run, end, 9848925379966281
1787729859.542020, NoOp Chain Depth 64 Size 0 Mode ref, Ref Stage 44, run, start, 9848925380079929
1787729859.542054, NoOp Chain Depth 64 Size 0 Mode ref, Ref Stage 44, run, end, 9848925380113657
1787729859.542070, NoOp Chain Depth 64 Size 0 Mode ref, Ref Stage 45, run, start, 9848925380129369
1787729859.542092, NoOp Chain Depth 64 Size 0 Mode ref, Ref Stage 45, run, end, 9848925380151225
1787729859.542109, NoOp Chain Depth 64 Size 0 Mode ref, Ref Stage 46, run, start, 9848925380168872
1787729859.542134, NoOp Chain Depth 64 Size 0 Mode ref, Ref Stage 46, run, end, 9848925380192744
1787729859.542145, NoOp Chain Depth 64 Size 0 Mode ref, Ref Stage 47, run, start, 9848925380204504
1787729859.542177, NoOp Chain Depth 64 Size 0 Mode ref, Ref Stage 47, run, end, 9848925380236776
1787729859.542193, NoOp Chain Depth 64 Size 0 Mode ref, Ref Stage 48, run, start, 9848925380252088
1787729859.542215, NoOp Chain Depth 64 Size 0 Mode ref, Ref Stage 48, run, end, 9848925380273880
1787729859.542231, NoOp Chain Depth 64 Size 0 Mode ref, Ref Stage 49, run, start, 9848925380290072
1787729859.542254, NoOp Chain Depth 64 Size 0 Mode ref, Ref Stage 49, run, end, 9848925380313192
1787729859.542266, NoOp Chain Depth 64 Size 0 Mode ref, Ref Stage 50, run, start, 9848925380325224
1787729859.542300, NoOp Chain Depth 64 Size 0 Mode ref, Ref Stage 50, run, end, 9848925380359560
1787729859.542416, NoOp Chain Depth 64 Size 0 Mode ref, Ref Stage 51, run, start, 9848925380475000
1787729859.542438, NoOp Chain Depth 64 Size 0 Mode ref, Ref Stage 51, run, end, 9848925380497032
1787729859.542453, NoOp Chain Depth 64 Size 0 Mode ref, Ref Stage 52, run, start, 9848925380512376
1787729859.542475, NoOp Chain Depth 64 Size 0 Mode ref, Ref Stage 52, run, end, 9848925380533928
1787729859.542490, NoOp Chain Depth 64 Size 0 Mode ref, Ref Stage 53, run, start, 9848925380548824
1787729859.542513, NoOp Chain Depth 64 Size 0 Mode ref, Ref Stage 53, run, end, 9848925380572328
1787729859.542525, NoOp Chain Depth 64 Size 0 Mode ref, Ref Stage 54, run, start, 9848925380584296
1787729859.542557, NoOp Chain Depth 64 Size 0 Mode ref, Ref Stage 54, run, end, 9848925380616040
1787729859.542572, NoOp Chain Depth 64 Size 0 Mode ref, Ref Stage 55, run, start, 9848925380631096
1787729859.542593, NoOp Chain Depth 64 Size 0 Mode ref, Ref Stage 55, run, end, 9848925380652968
1787729859.542708, NoOp Chain Depth 64 Size 0 Mode ref, Ref Stage 56, run, start, 9848925380767192
1787729859.542730, NoOp Chain Depth 64 Size 0 Mode ref, Ref Stage 56, run, end, 9848925380789368
1787729859.542745, NoOp Chain Depth 64 Size 0 Mode ref, Ref Stage 57, run, start, 9848925380804648
1787729859.542767, NoOp Chain Depth 64 Size 0 Mode ref, Ref Stage 57, run, end, 9848925380826328
1787729859.542782, NoOp Chain Depth 64 Size 0 Mode ref, Ref Stage 58, run, start, 9848925380841336
1787729859.542805, NoOp Chain Depth 64 Size 0 Mode ref, Ref Stage 58, run, end, 9848925380864760
1787729859.542817, NoOp Chain Depth 64 Size 0 Mode ref, Ref Stage 59, run, start, 9848925380876728
1787729859.542850, NoOp Chain Depth 64 Size 0 Mode ref, Ref Stage 59, run, end, 9848925380909384
1787729859.542865, NoOp Chain Depth 64 Size 0 Mode ref, Ref Stage 60, run, start, 9848925380924568
1787729859.542887, NoOp Chain Depth 64 Size 0 Mode ref, Ref Stage 60, run, end, 9848925380946296
1787729859.542903, NoOp Chain Depth 64 Size 0 Mode ref, Ref Stage 61, run, start, 9848925380962536
1787729859.542925, NoOp Chain Depth 64 Size 0 Mode ref, Ref Stage 61, run, end, 9848925380984600
1787729859.542940, NoOp Chain Depth 64 Size 0 Mode ref, Ref Stage 62, run, start, 9848925380999448
1787729859.542964, NoOp Chain Depth 64 Size 0 Mode ref, Ref Stage 62, run, end, 9848925381023528
1787729859.543080, NoOp Chain Depth 64 Size 0 Mode ref, Ref Stage 63, run, start, 9848925381139080
1787729859.543102, NoOp Chain Depth 64 Size 0 Mode ref, Ref Stage 63, run, end, 9848925381161032
1787729859.543117, NoOp Chain Depth 64 Size 0 Mode ref, pipeline - train, run, end, 81782670220143181724693818418632887767, 1787729859.539541, 42, 1, 9848925381176664
1787729859.543152, NoOp Chain Depth 64 Size 0 Mode ref, pipeline - train, run, start, 58096035008797554001695781652408680887, 1787729859.543142, 43, 1, 9848925381211560
1787729859.543175, NoOp Chain Depth 64 Size 0 Mode ref, Ref Stage 0, run, start, 9848925381234408
1787729859.543199, NoOp Chain Depth 64 Size 0 Mode ref, Ref Stage 0, run, end, 9848925381258392
1787729859.543211, NoOp Chain Depth 64 Size 0 Mode ref, Ref Stage 1, run, start, 9848925381270456
1787729859.543246, NoOp Chain Depth 64 Size 0 Mode ref, Ref Stage 1, run, end, 9848925381305064
1787729859.543262, NoOp Chain Depth 64 Size 0 Mode ref, Ref Stage 2, run, start, 9848925381320840
1787729859.543283, NoOp Chain Depth 64 Size 0 Mode ref, Ref Stage 2, run, end, 9848925381342520
1787729859.543398, NoOp Chain Depth 64 Size 0 Mode ref, Ref Stage 3, run, start, 9848925381457368
1787729859.543421, NoOp Chain Depth 64 Size 0 Mode ref, Ref Stage 3, run, end, 9848925381480008
1787729859.543436, NoOp Chain Depth 64 Size 0 Mode ref, Ref Stage 4, run, start, 9848925381495080
1787729859.543457, NoOp Chain Depth 64 Size 0 Mode ref, Ref Stage 4, run, end, 9848925381516584
1787729859.543472, NoOp Chain Depth 64 Size 0 Mode ref, Ref Stage 5, run, start, 9848925381531384
1787729859.543495, NoOp Chain Depth 64 Size 0 Mode ref, Ref Stage 5, run, end, 9848925381554504
1787729859.543507, NoOp Chain Depth 64 Size 0 Mode ref, Ref Stage 6, run, start, 9848925381566568
1787729859.543540, NoOp Chain Depth 64 Size 0 Mode ref, Ref Stage 6, run, end, 9848925381598712
1787729859.543554, NoOp Chain Depth 64 Size 0 Mode ref, Ref Stage 7, run, start, 9848925381613448
1787729859.543576, NoOp Chain Depth 64 Size 0 Mode ref, Ref Stage 7, run, end, 9848925381634952
1787729859.543591, NoOp Chain Depth 64 Size 0 Mode ref, Ref Stage 8, run, start, 9848925381650744
1787729859.543613, NoOp Chain Depth 64 Size 0 Mode ref, Ref Stage 8, run, end, 9848925381672744
1787729859.543629, NoOp Chain Depth 64 Size 0 Mode ref, Ref Stage 9, run, start, 9848925381688168
1787729859.543651, NoOp Chain Depth 64 Size 0 Mode ref, Ref Stage 9, run, end, 9848925381710056
1787729859.543764, NoOp Chain Depth 64 Size 0 Mode ref, Ref Stage 10, run, start, 9848925381823624
1787729859.543787, NoOp Chain Depth 64 Size 0 Mode ref, Ref Stage 10, run, end, 9848925381846024
1787729859.543802, NoOp Chain Depth 64 Size 0 Mode ref, Ref Stage 11, run, start, 9848925381861080
1787729859.543823, NoOp Chain Depth 64 Size 0 Mode ref, Ref Stage 11, run, end, 9848925381882600
1787729859.543838, NoOp Chain Depth 64 Size 0 Mode ref, Ref Stage 12, run, start, 9848925381897288
1787729859.543859, NoOp Chain Depth 64 Size 0 Mode ref, Ref Stage 12, run, end, 9848925381918696
1787729859.543875, NoOp Chain Depth 64 Size 0 Mode ref, Ref Stage 13, run, start, 9848925381933752
1787729859.543898, NoOp Chain Depth 64 Size 0 Mode ref, Ref Stage 13, run, end, 9848925381956744
1787729859.543909, NoOp Chain Depth 64 Size 0 Mode ref, Ref Stage 14, run, start, 9848925381968728
1787729859.544039, NoOp Chain Depth 64 Size 0 Mode ref, Ref Stage 14, run, end, 9848925382098791
1787729859.544054, NoOp Chain Depth 64 Size 0 Mode ref, Ref Stage 15, run, start, 9848925382113559
1787729859.544076, NoOp Chain Depth 64 Size 0 Mode ref, Ref Stage 15, run, end, 9848925382135031
1787729859.544091, NoOp Chain Depth 64 Size 0 Mode ref, Ref Stage 16, run, start, 9848925382149847
1787729859.544112, NoOp Chain Depth 64 Size 0 Mode ref, Ref Stage 16, run, end, 9848925382171335
1787729859.544127, NoOp Chain Depth 64 Size 0 Mode ref, Ref Stage 17, run, start, 9848925382186279
1787729859.544148, NoOp Chain Depth 64 Size 0 Mode ref, Ref Stage 17, run, end, 9848925382207495
1787729859.544163, NoOp Chain Depth 64 Size 0 Mode ref, Ref Stage 18, run, start, 9848925382222439
1787729859.544186, NoOp Chain Depth 64 Size 0 Mode ref, Ref Stage 18, run, end, 9848925382245575
1787729859.544199, NoOp Chain Depth 64 Size 0 Mode ref, Ref Stage 19, run, start, 9848925382257991
1787729859.544231, NoOp Chain Depth 64 Size 0 Mode ref, Ref Stage 19, run, end, 9848925382290775
1787729859.544247, NoOp Chain Depth 64 Size 0 Mode ref, Ref Stage 20, run, start, 9848925382305975
1787729859.544268, NoOp Chain Depth 64 Size 0 Mode ref, Ref Stage 20, run, end, 9848925382327687
1787729859.544284, NoOp Chain Depth 64 Size 0 Mode ref, Ref Stage 21, run, start, 9848925382343495
1787729859.544306, NoOp Chain Depth 64 Size 0 Mode ref, Ref Stage 21, run, end, 9848925382365303
1787729859.544323, NoOp Chain Depth 64 Size 0 Mode ref, Ref Stage 22, run, start, 9848925382382087
1787729859.544344, NoOp Chain Depth 64 Size 0 Mode ref, Ref Stage 22, run, end, 9848925382403607
1787729859.544359, NoOp Chain Depth 64 Size 0 Mode ref, Ref Stage 23, run, start, 9848925382418487
1787729859.544381, NoOp Chain Depth 64 Size 0 Mode ref, Ref Stage 23, run, end, 9848925382440087
1787729859.544396, NoOp Chain Depth 64 Size 0 Mode ref, Ref Stage 24, run, start, 9848925382455367
1787729859.544418, NoOp Chain Depth 64 Size 0 Mode ref, Ref Stage 24, run, end, 9848925382477111
1787729859.544529, NoOp Chain Depth 64 Size 0 Mode ref, Ref Stage 25, run, start, 9848925382587991
1787729859.544551, NoOp Chain Depth 64 Size 0 Mode ref, Ref Stage 25, run, end, 9848925382610023
1787729859.544566, NoOp Chain Depth 64 Size 0 Mode ref, Ref Stage 26, run, start, 9848925382625191
1787729859.544588, NoOp Chain Depth 64 Size 0 Mode ref, Ref Stage 26, run, end, 9848925382646919
1787729859.544603, NoOp Chain Depth 64 Size 0 Mode ref, Ref Stage 27, run, start, 9848925382662055
1787729859.544624, NoOp Chain Depth 64 Size 0 Mode ref, Ref Stage 27, run, end, 9848925382683815
1787729859.544640, NoOp Chain Depth 64 Size 0 Mode ref, Ref Stage 28, run, start, 9848925382698935
1787729859.544661, NoOp Chain Depth 64 Size 0 Mode ref, Ref Stage 28, run, end, 9848925382720487
1787729859.544676, NoOp Chain Depth 64 Size 0 Mode ref, Ref Stage 29, run, start, 9848925382735719
1787729859.544698, NoOp Chain Depth 64 Size 0 Mode ref, Ref Stage 29, run, end, 9848925382757319
1787729859.544714, NoOp Chain Depth 64 Size 0 Mode ref, Ref Stage 30, run, start, 9848925382773047
1787729859.544739, NoOp Chain Depth 64 Size 0 Mode ref, Ref Stage 30, run, end, 9848925382798167
1787729859.544751, NoOp Chain Depth 64 Size 0 Mode ref, Ref Stage 31, run, start, 9848925382810071
1787729859.544886, NoOp Chain Depth 64 Size 0 Mode ref, Ref Stage 31, run, end, 9848925382945143
1787729859.544901, NoOp Chain Depth 64 Size 0 Mode ref, Ref Stage 32, run, start, 9848925382960247
1787729859.544923, NoOp Chain Depth 64 Size 0 Mode ref, Ref Stage 32, run, end, 9848925382981991
1787729859.544938, NoOp Chain Depth 64 Size 0 Mode ref, Ref Stage 33, run, start, 9848925382997047
1787729859.544961, NoOp Chain Depth 64 Size 0 Mode ref, Ref Stage 33, run, end, 9848925383020167
1787729859.544977, NoOp Chain Depth 64 Size 0 Mode ref, Ref Stage 34, run, start, 9848925383036071
1787729859.544998, NoOp Chain Depth 64 Size 0 Mode ref, Ref Stage 34, run, end, 9848925383057767
1787729859.545013, NoOp Chain Depth 64 Size 0 Mode ref, Ref Stage 35, run, start, 9848925383072743
1787729859.545035, NoOp Chain Depth 64 Size 0 Mode ref, Ref Stage 35, run, end, 9848925383094167
1787729859.545050, NoOp Chain Depth 64 Size 0 Mode ref, Ref Stage 36, run, start, 9848925383108855
1787729859.545071, NoOp Chain Depth 64 Size 0 Mode ref, Ref Stage 36, run, end, 9848925383130455
1787729859.545188, NoOp Chain Depth 64 Size 0 Mode ref, Ref Stage 37, run, start, 9848925383247751
1787729859.545210, NoOp Chain Depth 64 Size 0 Mode ref, Ref Stage 37, run, end, 9848925383269639
1787729859.545225, NoOp Chain Depth 64 Size 0 Mode ref, Ref Stage 38, run, start, 9848925383284711
1787729859.545247, NoOp Chain Depth 64 Size 0 Mode ref, Ref Stage 38, run, end, 9848925383306407
1787729859.545263, NoOp Chain Depth 64 Size 0 Mode ref, Ref Stage 39, run, start, 9848925383322071
1787729859.545284, NoOp Chain Depth 64 Size 0 Mode ref, Ref Stage 39, run, end, 9848925383343639
1787729859.545300, NoOp Chain Depth 64 Size 0 Mode ref, Ref Stage 40, run, start, 9848925383358743
1787729859.545321, NoOp Chain Depth 64 Size 0 Mode ref, Ref Stage 40, run, end, 9848925383380407
1787729859.545336, NoOp Chain Depth 64 Size 0 Mode ref, Ref Stage 41, run, start, 9848925383395319
1787729859.545357, NoOp Chain Depth 64 Size 0 Mode ref, Ref Stage 41, run, end, 9848925383416631
1787729859.545475, NoOp Chain Depth 64 Size 0 Mode ref, Ref Stage 42, run, start, 9848925383534999
1787729859.545498, NoOp Chain Depth 64 Size 0 Mode ref, Ref Stage 42, run, end, 9848925383556871
1787729859.545514, NoOp Chain Depth 64 Size 0 Mode ref, Ref Stage 43, run, start, 9848925383573623
1787729859.545536, NoOp Chain Depth 64 Size 0 Mode ref, Ref Stage 43, run, end, 9848925383595223
1787729859.545551, NoOp Chain Depth 64 Size 0 Mode ref, Ref Stage 44, run, start, 9848925383610423
1787729859.545573, NoOp Chain Depth 64 Size 0 Mode ref, Ref Stage 44, run, end, 9848925383632023
1787729859.545588, NoOp Chain Depth 64 Size 0 Mode ref, Ref Stage 45, run, start, 9848925383647159
1787729859.545609, NoOp Chain Depth 64 Size 0 Mode ref, Ref Stage 45, run, end, 9848925383668951
1787729859.545624, NoOp Chain Depth 64 Size 0 Mode ref, Ref Stage 46, run, start, 9848925383684007
1787729859.545646, NoOp Chain Depth 64 Size 0 Mode ref, Ref Stage 46, run, end, 9848925383705495
1787729859.545661, NoOp Chain Depth 64 Size 0 Mode ref, Ref Stage 47, run, start, 9848925383720615
1787729859.545683, NoOp Chain Depth 64 Size 0 Mode ref, Ref Stage 47, run, end, 9848925383742359
1787729859.545698, NoOp Chain Depth 64 Size 0 Mode ref, Ref Stage 48, run, start, 9848925383757191
1787729859.545721, NoOp Chain Depth 64 Size 0 Mode ref, Ref Stage 48, run, end, 9848925383780503
1787729859.545733, NoOp Chain Depth 64 Size 0 Mode ref, Ref Stage 49, run, start, 9848925383792519
1787729859.545766, NoOp Chain Depth 64 Size 0 Mode ref, Ref Stage 49, run, end, 9848925383825047
1787729859.545880, NoOp Chain Depth 64 Size 0 Mode ref, Ref Stage 50, run, start, 9848925383939318
1787729859.545902, NoOp Chain Depth 64 Size 0 Mode ref, Ref Stage 50, run, end, 9848925383961478
1787729859.545918, NoOp Chain Depth 64 Size 0 Mode ref, Ref Stage 51, run, start, 9848925383976774
1787729859.545939, NoOp Chain Depth 64 Size 0 Mode ref, Ref Stage 51, run, end, 9848925383998374
1787729859.545956, NoOp Chain Depth 64 Size 0 Mode ref, Ref Stage 52, run, start, 9848925384015142
1787729859.545979, NoOp Chain Depth 64 Size 0 Mode ref, Ref Stage 52, run, end, 9848925384038678
1787729859.545995, NoOp Chain Depth 64 Size 0 Mode ref, Ref Stage 53, run, start, 9848925384054758
1787729859.546017, NoOp Chain Depth 64 Size 0 Mode ref, Ref Stage 53, run, end, 9848925384076278
1787729859.546032, NoOp Chain Depth 64 Size 0 Mode ref, Ref Stage 54, run, start, 9848925384091558
1787729859.546054, NoOp Chain Depth 64 Size 0 Mode ref, Ref Stage 54, run, end, 9848925384113174
1787729859.546069, NoOp Chain Depth 64 Size 0 Mode ref, Ref Stage 55, run, start, 9848925384128774
1787729859.546094, NoOp Chain Depth 64 Size 0 Mode ref, Ref Stage 55, run, end, 9848925384153670
1787729859.546106, NoOp Chain Depth 64 Size 0 Mode ref, Ref Stage 56, run, start, 9848925384165638
1787729859.546236, NoOp Chain Depth 64 Size 0 Mode ref, Ref Stage 56, run, end, 9848925384294966
1787729859.546251, NoOp Chain Depth 64 Size 0 Mode ref, Ref Stage 57, run, start, 9848925384310134
1787729859.546274, NoOp Chain Depth 64 Size 0 Mode ref, Ref Stage 57, run, end, 9848925384333254
1787729859.546286, NoOp Chain Depth 64 Size 0 Mode ref, Ref Stage 58, run, start, 9848925384345158
1787729859.546318, NoOp Chain Depth 64 Size 0 Mode ref, Ref Stage 58, run, end, 9848925384377286
1787729859.546334, NoOp Chain Depth 64 Size 0 Mode ref, Ref Stage 59, run, start, 9848925384393190
1787729859.546356, NoOp Chain Depth 64 Size 0 Mode ref, Ref Stage 59, run, end, 9848925384415286
1787729859.546371, NoOp Chain Depth 64 Size 0 Mode ref, Ref Stage 60, run, start, 9848925384430582
1787729859.546393, NoOp Chain Depth 64 Size 0 Mode ref, Ref Stage 60, run, end, 9848925384452246
1787729859.546408, NoOp Chain Depth 64 Size 0 Mode ref, Ref Stage 61, run, start, 9848925384467398
1787729859.546430, NoOp Chain Depth 64 Size 0 Mode ref, Ref Stage 61, run, end, 9848925384489430
1787729859.546445, NoOp Chain Depth 64 Size 0 Mode ref, Ref Stage 62, run, start, 9848925384504454
1787729859.546470, NoOp Chain Depth 64 Size 0 Mode ref, Ref Stage 62, run, end, 9848925384529142
1787729859.546482, NoOp Chain Depth 64 Size 0 Mode ref, Ref Stage 63, run, start, 9848925384541286
1787729859.546613, NoOp Chain Depth 64 Size 0 Mode ref, Ref Stage 63, run, end, 9848925384671814
1787729859.546630, NoOp Chain Depth 64 Size 0 Mode ref, pipeline - train, run, end, 58096035008797554001695781652408680887, 1787729859.543142, 43, 1, 9848925384688982
1787729859.546664, NoOp Chain Depth 64 Size 0 Mode ref, pipeline - train, run, start, 7444954910795265748807083994680328076, 1787729859.546654, 44, 1, 9848925384724038
1787729859.546688, NoOp Chain Depth 64 Size 0 Mode ref, Ref Stage 0, run, start, 9848925384747254
1787729859.546710, NoOp Chain Depth 64 Size 0 Mode ref, Ref Stage 0, run, end, 9848925384769430
1787729859.546725, NoOp Chain Depth 64 Size 0 Mode ref, Ref Stage 1, run, start, 9848925384784742
1787729859.546748, NoOp Chain Depth 64 Size 0 Mode ref, Ref Stage 1, run, end, 9848925384807238
1787729859.546862, NoOp Chain Depth 64 Size 0 Mode ref, Ref Stage 2, run, start, 9848925384921798
1787729859.546885, NoOp Chain Depth 64 Size 0 Mode ref, Ref Stage 2, run, end, 9848925384944102
1787729859.546900, NoOp Chain Depth 64 Size 0 Mode ref, Ref Stage 3, run, start, 9848925384959302
1787729859.546922, NoOp Chain Depth 64 Size 0 Mode ref, Ref Stage 3, run, end, 9848925384981046
1787729859.546937, NoOp Chain Depth 64 Size 0 Mode ref, Ref Stage 4, run, start, 9848925384996662
1787729859.546962, NoOp Chain Depth 64 Size 0 Mode ref, Ref Stage 4, run, end, 9848925385021510
1787729859.546974, NoOp Chain Depth 64 Size 0 Mode ref, Ref Stage 5, run, start, 9848925385033798
1787729859.547008, NoOp Chain Depth 64 Size 0 Mode ref, Ref Stage 5, run, end, 9848925385066998
1787729859.547024, NoOp Chain Depth 64 Size 0 Mode ref, Ref Stage 6, run, start, 9848925385082998
1787729859.547045, NoOp Chain Depth 64 Size 0 Mode ref, Ref Stage 6, run, end, 9848925385104598
1787729859.547060, NoOp Chain Depth 64 Size 0 Mode ref, Ref Stage 7, run, start, 9848925385119702
1787729859.547082, NoOp Chain Depth 64 Size 0 Mode ref, Ref Stage 7, run, end, 9848925385141222
1787729859.547097, NoOp Chain Depth 64 Size 0 Mode ref, Ref Stage 8, run, start, 9848925385156262
1787729859.547119, NoOp Chain Depth 64 Size 0 Mode ref, Ref Stage 8, run, end, 9848925385177862
1787729859.547134, NoOp Chain Depth 64 Size 0 Mode ref, Ref Stage 9, run, start, 9848925385193286
1787729859.547158, NoOp Chain Depth 64 Size 0 Mode ref, Ref Stage 9, run, end, 9848925385217846
1787729859.547170, NoOp Chain Depth 64 Size 0 Mode ref, Ref Stage 10, run, start, 9848925385229606
1787729859.547300, NoOp Chain Depth 64 Size 0 Mode ref, Ref Stage 10, run, end, 9848925385359830
1787729859.547315, NoOp Chain Depth 64 Size 0 Mode ref, Ref Stage 11, run, start, 9848925385374934
1787729859.547337, NoOp Chain Depth 64 Size 0 Mode ref, Ref Stage 11, run, end, 9848925385396422
1787729859.547352, NoOp Chain Depth 64 Size 0 Mode ref, Ref Stage 12, run, start, 9848925385411318
1787729859.547375, NoOp Chain Depth 64 Size 0 Mode ref, Ref Stage 12, run, end, 9848925385434534
1787729859.547387, NoOp Chain Depth 64 Size 0 Mode ref, Ref Stage 13, run, start, 9848925385446422
1787729859.547420, NoOp Chain Depth 64 Size 0 Mode ref, Ref Stage 13, run, end, 9848925385479062
1787729859.547435, NoOp Chain Depth 64 Size 0 Mode ref, Ref Stage 14, run, start, 9848925385494230
1787729859.547457, NoOp Chain Depth 64 Size 0 Mode ref, Ref Stage 14, run, end, 9848925385516246
1787729859.547572, NoOp Chain Depth 64 Size 0 Mode ref, Ref Stage 15, run, start, 9848925385632006
1787729859.547595, NoOp Chain Depth 64 Size 0 Mode ref, Ref Stage 15, run, end, 9848925385654134
1787729859.547610, NoOp Chain Depth 64 Size 0 Mode ref, Ref Stage 16, run, start, 9848925385669350
1787729859.547632, NoOp Chain Depth 64 Size 0 Mode ref, Ref Stage 16, run, end, 9848925385691430
1787729859.547647, NoOp Chain Depth 64 Size 0 Mode ref, Ref Stage 17, run, start, 9848925385706726
1787729859.547669, NoOp Chain Depth 64 Size 0 Mode ref, Ref Stage 17, run, end, 9848925385728454
1787729859.547685, NoOp Chain Depth 64 Size 0 Mode ref, Ref Stage 18, run, start, 9848925385743878
1787729859.547706, NoOp Chain Depth 64 Size 0 Mode ref, Ref Stage 18, run, end, 9848925385765462
1787729859.547723, NoOp Chain Depth 64 Size 0 Mode ref, Ref Stage 19, run, start, 9848925385782358
1787729859.547745, NoOp Chain Depth 64 Size 0 Mode ref, Ref Stage 19, run, end, 9848925385804070
1787729859.547760, NoOp Chain Depth 64 Size 0 Mode ref, Ref Stage 20, run, start, 9848925385819014
1787729859.547781, NoOp Chain Depth 64 Size 0 Mode ref, Ref Stage 20, run, end, 9848925385840774
1787729859.547797, NoOp Chain Depth 64 Size 0 Mode ref, Ref Stage 21, run, start, 9848925385856214
1787729859.547819, NoOp Chain Depth 64 Size 0 Mode ref, Ref Stage 21, run, end, 9848925385878262
1787729859.547933, NoOp Chain Depth 64 Size 0 Mode ref, Ref Stage 22, run, start, 9848925385992822
1787729859.547957, NoOp Chain Depth 64 Size 0 Mode ref, Ref Stage 22, run, end, 9848925386016197
1787729859.547973, NoOp Chain Depth 64 Size 0 Mode ref, Ref Stage 23, run, start, 9848925386031989
1787729859.547994, NoOp Chain Depth 64 Size 0 Mode ref, Ref Stage 23, run, end, 9848925386053413
1787729859.548009, NoOp Chain Depth 64 Size 0 Mode ref, Ref Stage 24, run, start, 9848925386068245
1787729859.548030, NoOp Chain Depth 64 Size 0 Mode ref, Ref Stage 24, run, end, 9848925386089813
1787729859.548045, NoOp Chain Depth 64 Size 0 Mode ref, Ref Stage 25, run, start, 9848925386104629
1787729859.548068, NoOp Chain Depth 64 Size 0 Mode ref, Ref Stage 25, run, end, 9848925386127493
1787729859.548081, NoOp Chain Depth 64 Size 0 Mode ref, Ref Stage 26, run, start, 9848925386139973
1787729859.548115, NoOp Chain Depth 64 Size 0 Mode ref, Ref Stage 26, run, end, 9848925386174757
1787729859.548230, NoOp Chain Depth 64 Size 0 Mode ref, Ref Stage 27, run, start, 9848925386289909
1787729859.548253, NoOp Chain Depth 64 Size 0 Mode ref, Ref Stage 27, run, end, 9848925386312277
1787729859.548268, NoOp Chain Depth 64 Size 0 Mode ref, Ref Stage 28, run, start, 9848925386327685
1787729859.548290, NoOp Chain Depth 64 Size 0 Mode ref, Ref Stage 28, run, end, 9848925386349605
1787729859.548306, NoOp Chain Depth 64 Size 0 Mode ref, Ref Stage 29, run, start, 9848925386364709
1787729859.548327, NoOp Chain Depth 64 Size 0 Mode ref, Ref Stage 29, run, end, 9848925386386229
1787729859.548342, NoOp Chain Depth 64 Size 0 Mode ref, Ref Stage 30, run, start, 9848925386401957
1787729859.548366, NoOp Chain Depth 64 Size 0 Mode ref, Ref Stage 30, run, end, 9848925386425237
1787729859.548378, NoOp Chain Depth 64 Size 0 Mode ref, Ref Stage 31, run, start, 9848925386437205
1787729859.548412, NoOp Chain Depth 64 Size 0 Mode ref, Ref Stage 31, run, end, 9848925386471525
1787729859.548424, NoOp Chain Depth 64 Size 0 Mode ref, Ref Stage 32, run, start, 9848925386483701
1787729859.548457, NoOp Chain Depth 64 Size 0 Mode ref, Ref Stage 32, run, end, 9848925386516645
1787729859.548473, NoOp Chain Depth 64 Size 0 Mode ref, Ref Stage 33, run, start, 9848925386531973
1787729859.548495, NoOp Chain Depth 64 Size 0 Mode ref, Ref Stage 33, run, end, 9848925386553797
1787729859.548511, NoOp Chain Depth 64 Size 0 Mode ref, Ref Stage 34, run, start, 9848925386570277
1787729859.548535, NoOp Chain Depth 64 Size 0 Mode ref, Ref Stage 34, run, end, 9848925386595253
1787729859.548551, NoOp Chain Depth 64 Size 0 Mode ref, Ref Stage 35, run, start, 9848925386610341
1787729859.548573, NoOp Chain Depth 64 Size 0 Mode ref, Ref Stage 35, run, end, 9848925386632037
1787729859.548688, NoOp Chain Depth 64 Size 0 Mode ref, Ref Stage 36, run, start, 9848925386747525
1787729859.548711, NoOp Chain Depth 64 Size 0 Mode ref, Ref Stage 36, run, end, 9848925386770101
1787729859.548726, NoOp Chain Depth 64 Size 0 Mode ref, Ref Stage 37, run, start, 9848925386785685
1787729859.548748, NoOp Chain Depth 64 Size 0 Mode ref, Ref Stage 37, run, end, 9848925386807973
1787729859.548859, NoOp Chain Depth 64 Size 0 Mode ref, Ref Stage 38, run, start, 9848925386918821
1787729859.548882, NoOp Chain Depth 64 Size 0 Mode ref, Ref Stage 38, run, end, 9848925386941333
1787729859.548897, NoOp Chain Depth 64 Size 0 Mode ref, Ref Stage 39, run, start, 9848925386956293
1787729859.548918, NoOp Chain Depth 64 Size 0 Mode ref, Ref Stage 39, run, end, 9848925386977877
1787729859.548935, NoOp Chain Depth 64 Size 0 Mode ref, Ref Stage 40, run, start, 9848925386994389
1787729859.548958, NoOp Chain Depth 64 Size 0 Mode ref, Ref Stage 40, run, end, 9848925387017333
1787729859.548974, NoOp Chain Depth 64 Size 0 Mode ref, Ref Stage 41, run, start, 9848925387033029
1787729859.548997, NoOp Chain Depth 64 Size 0 Mode ref, Ref Stage 41, run, end, 9848925387056453
1787729859.549009, NoOp Chain Depth 64 Size 0 Mode ref, Ref Stage 42, run, start, 9848925387068533
1787729859.549042, NoOp Chain Depth 64 Size 0 Mode ref, Ref Stage 42, run, end, 9848925387101429
1787729859.549058, NoOp Chain Depth 64 Size 0 Mode ref, Ref Stage 43, run, start, 9848925387117669
1787729859.549080, NoOp Chain Depth 64 Size 0 Mode ref, Ref Stage 43, run, end, 9848925387139349
1787729859.549095, NoOp Chain Depth 64 Size 0 Mode ref, Ref Stage 44, run, start, 9848925387154501
1787729859.549117, NoOp Chain Depth 64 Size 0 Mode ref, Ref Stage 44, run, end, 9848925387176757
1787729859.549237, NoOp Chain Depth 64 Size 0 Mode ref, Ref Stage 45, run, start, 9848925387296197
1787729859.549259, NoOp Chain Depth 64 Size 0 Mode ref, Ref Stage 45, run, end, 9848925387318261
1787729859.549274, NoOp Chain Depth 64 Size 0 Mode ref, Ref Stage 46, run, start, 9848925387333365
1787729859.549296, NoOp Chain Depth 64 Size 0 Mode ref, Ref Stage 46, run, end, 9848925387355205
1787729859.549311, NoOp Chain Depth 64 Size 0 Mode ref, Ref Stage 47, run, start, 9848925387370469
1787729859.549333, NoOp Chain Depth 64 Size 0 Mode ref, Ref Stage 47, run, end, 9848925387391973
1787729859.549348, NoOp Chain Depth 64 Size 0 Mode ref, Ref Stage 48, run, start, 9848925387407253
1787729859.549370, NoOp Chain Depth 64 Size 0 Mode ref, Ref Stage 48, run, end, 9848925387429013
1787729859.549385, NoOp Chain Depth 64 Size 0 Mode ref, Ref Stage 49, run, start, 9848925387444165
1787729859.549407, NoOp Chain Depth 64 Size 0 Mode ref, Ref Stage 49, run, end, 9848925387466181
1787729859.549423, NoOp Chain Depth 64 Size 0 Mode ref, Ref Stage 50, run, start, 9848925387482069
1787729859.549448, NoOp Chain Depth 64 Size 0 Mode ref, Ref Stage 50, run, end, 9848925387506757
1787729859.549461, NoOp Chain Depth 64 Size 0 Mode ref, Ref Stage 51, run, start, 9848925387520613
1787729859.549594, NoOp Chain Depth 64 Size 0 Mode ref, Ref Stage 51, run, end, 9848925387653189
1787729859.549609, NoOp Chain Depth 64 Size 0 Mode ref, Ref Stage 52, run, start, 9848925387668501
1787729859.549631, NoOp Chain Depth 64 Size 0 Mode ref, Ref Stage 52, run, end, 9848925387690565
1787729859.549646, NoOp Chain Depth 64 Size 0 Mode ref, Ref Stage 53, run, start, 9848925387705557
1787729859.549668, NoOp Chain Depth 64 Size 0 Mode ref, Ref Stage 53, run, end, 9848925387727109
1787729859.549683, NoOp Chain Depth 64 Size 0 Mode ref, Ref Stage 54, run, start, 9848925387742181
1787729859.549706, NoOp Chain Depth 64 Size 0 Mode ref, Ref Stage 54, run, end, 9848925387765349
1787729859.549718, NoOp Chain Depth 64 Size 0 Mode ref, Ref Stage 55, run, start, 9848925387777397
1787729859.549751, NoOp Chain Depth 64 Size 0 Mode ref, Ref Stage 55, run, end, 9848925387809909
1787729859.549766, NoOp Chain Depth 64 Size 0 Mode ref, Ref Stage 56, run, start, 9848925387824965
1787729859.549792, NoOp Chain Depth 64 Size 0 Mode ref, Ref Stage 56, run, end, 9848925387851284
1787729859.549804, NoOp Chain Depth 64 Size 0 Mode ref, Ref Stage 57, run, start, 9848925387863524
1787729859.549939, NoOp Chain Depth 64 Size 0 Mode ref, Ref Stage 57, run, end, 9848925387998692
1787729859.549956, NoOp Chain Depth 64 Size 0 Mode ref, Ref Stage 58, run, start, 9848925388015684
1787729859.549978, NoOp Chain Depth 64 Size 0 Mode ref, Ref Stage 58, run, end, 9848925388037588
1787729859.549994, NoOp Chain Depth 64 Size 0 Mode ref, Ref Stage 59, run, start, 9848925388052660
1787729859.550015, NoOp Chain Depth 64 Size 0 Mode ref, Ref Stage 59, run, end, 9848925388074132
1787729859.550030, NoOp Chain Depth 64 Size 0 Mode ref, Ref Stage 60, run, start, 9848925388089204
1787729859.550052, NoOp Chain Depth 64 Size 0 Mode ref, Ref Stage 60, run, end, 9848925388110884
1787729859.550068, NoOp Chain Depth 64 Size 0 Mode ref, Ref Stage 61, run, start, 9848925388127860
1787729859.550094, NoOp Chain Depth 64 Size 0 Mode ref, Ref Stage 61, run, end, 9848925388153028
1787729859.550106, NoOp Chain Depth 64 Size 0 Mode ref, Ref Stage 62, run, start, 9848925388165268
1787729859.550234, NoOp Chain Depth 64 Size 0 Mode ref, Ref Stage 62, run, end, 9848925388293268
1787729859.550249, NoOp Chain Depth 64 Size 0 Mode ref, Ref Stage 63, run, start, 9848925388308564
1787729859.550271, NoOp Chain Depth 64 Size 0 Mode ref, Ref Stage 63, run, end, 9848925388329604
1787729859.550285, NoOp Chain Depth 64 Size 0 Mode ref, pipeline - train, run, end, 7444954910795265748807083994680328076, 1787729859.546654, 44, 1, 9848925388344724
1787729859.550320, NoOp Chain Depth 64 Size 0 Mode ref, pipeline - train, run, start, 317000451537230011698121018456696038646, 1787729859.550310, 45, 1, 9848925388379348
1787729859.550343, NoOp Chain Depth 64 Size 0 Mode ref, Ref Stage 0, run, start, 9848925388402020
1787729859.550365, NoOp Chain Depth 64 Size 0 Mode ref, Ref Stage 0, run, end, 9848925388424084
1787729859.550380, NoOp Chain Depth 64 Size 0 Mode ref, Ref Stage 1, run, start, 9848925388439428
1787729859.550405, NoOp Chain Depth 64 Size 0 Mode ref, Ref Stage 1, run, end, 9848925388463924
1787729859.550417, NoOp Chain Depth 64 Size 0 Mode ref, Ref Stage 2, run, start, 9848925388476052
1787729859.550450, NoOp Chain Depth 64 Size 0 Mode ref, Ref Stage 2, run, end, 9848925388509844
1787729859.550465, NoOp Chain Depth 64 Size 0 Mode ref, Ref Stage 3, run, start, 9848925388524532
1787729859.550593, NoOp Chain Depth 64 Size 0 Mode ref, Ref Stage 3, run, end, 9848925388652404
1787729859.550608, NoOp Chain Depth 64 Size 0 Mode ref, Ref Stage 4, run, start, 9848925388667540
1787729859.550630, NoOp Chain Depth 64 Size 0 Mode ref, Ref Stage 4, run, end, 9848925388689140
1787729859.550645, NoOp Chain Depth 64 Size 0 Mode ref, Ref Stage 5, run, start, 9848925388704068
1787729859.550666, NoOp Chain Depth 64 Size 0 Mode ref, Ref Stage 5, run, end, 9848925388725524
1787729859.550682, NoOp Chain Depth 64 Size 0 Mode ref, Ref Stage 6, run, start, 9848925388740708
1787729859.550703, NoOp Chain Depth 64 Size 0 Mode ref, Ref Stage 6, run, end, 9848925388762148
1787729859.550718, NoOp Chain Depth 64 Size 0 Mode ref, Ref Stage 7, run, start, 9848925388777316
1787729859.550739, NoOp Chain Depth 64 Size 0 Mode ref, Ref Stage 7, run, end, 9848925388798500
1787729859.550755, NoOp Chain Depth 64 Size 0 Mode ref, Ref Stage 8, run, start, 9848925388813732
1787729859.550779, NoOp Chain Depth 64 Size 0 Mode ref, Ref Stage 8, run, end, 9848925388838468
1787729859.550792, NoOp Chain Depth 64 Size 0 Mode ref, Ref Stage 9, run, start, 9848925388850676
1787729859.550921, NoOp Chain Depth 64 Size 0 Mode ref, Ref Stage 9, run, end, 9848925388980020
1787729859.550936, NoOp Chain Depth 64 Size 0 Mode ref, Ref Stage 10, run, start, 9848925388995236
1787729859.550959, NoOp Chain Depth 64 Size 0 Mode ref, Ref Stage 10, run, end, 9848925389018292
1787729859.550975, NoOp Chain Depth 64 Size 0 Mode ref, Ref Stage 11, run, start, 9848925389034116
1787729859.550998, NoOp Chain Depth 64 Size 0 Mode ref, Ref Stage 11, run, end, 9848925389057652
1787729859.551011, NoOp Chain Depth 64 Size 0 Mode ref, Ref Stage 12, run, start, 9848925389069892
1787729859.551042, NoOp Chain Depth 64 Size 0 Mode ref, Ref Stage 12, run, end, 9848925389101652
1787729859.551057, NoOp Chain Depth 64 Size 0 Mode ref, Ref Stage 13, run, start, 9848925389116788
1787729859.551079, NoOp Chain Depth 64 Size 0 Mode ref, Ref Stage 13, run, end, 9848925389138404
1787729859.551095, NoOp Chain Depth 64 Size 0 Mode ref, Ref Stage 14, run, start, 9848925389154404
1787729859.551120, NoOp Chain Depth 64 Size 0 Mode ref, Ref Stage 14, run, end, 9848925389179172
1787729859.551132, NoOp Chain Depth 64 Size 0 Mode ref, Ref Stage 15, run, start, 9848925389191124
1787729859.551261, NoOp Chain Depth 64 Size 0 Mode ref, Ref Stage 15, run, end, 9848925389320244
1787729859.551278, NoOp Chain Depth 64 Size 0 Mode ref, Ref Stage 16, run, start, 9848925389336948
1787729859.551299, NoOp Chain Depth 64 Size 0 Mode ref, Ref Stage 16, run, end, 9848925389358532
1787729859.551314, NoOp Chain Depth 64 Size 0 Mode ref, Ref Stage 17, run, start, 9848925389373252
1787729859.551335, NoOp Chain Depth 64 Size 0 Mode ref, Ref Stage 17, run, end, 9848925389394564
1787729859.551350, NoOp Chain Depth 64 Size 0 Mode ref, Ref Stage 18, run, start, 9848925389409668
1787729859.551372, NoOp Chain Depth 64 Size 0 Mode ref, Ref Stage 18, run, end, 9848925389431108
1787729859.551387, NoOp Chain Depth 64 Size 0 Mode ref, Ref Stage 19, run, start, 9848925389446164
1787729859.551409, NoOp Chain Depth 64 Size 0 Mode ref, Ref Stage 19, run, end, 9848925389467908
1787729859.551424, NoOp Chain Depth 64 Size 0 Mode ref, Ref Stage 20, run, start, 9848925389483156
1787729859.551445, NoOp Chain Depth 64 Size 0 Mode ref, Ref Stage 20, run, end, 9848925389504964
1787729859.551560, NoOp Chain Depth 64 Size 0 Mode ref, Ref Stage 21, run, start, 9848925389619332
1787729859.551582, NoOp Chain Depth 64 Size 0 Mode ref, Ref Stage 21, run, end, 9848925389641412
1787729859.551597, NoOp Chain Depth 64 Size 0 Mode ref, Ref Stage 22, run, start, 9848925389656612
1787729859.551619, NoOp Chain Depth 64 Size 0 Mode ref, Ref Stage 22, run, end, 9848925389678260
1787729859.551634, NoOp Chain Depth 64 Size 0 Mode ref, Ref Stage 23, run, start, 9848925389693236
1787729859.551656, NoOp Chain Depth 64 Size 0 Mode ref, Ref Stage 23, run, end, 9848925389714596
1787729859.551670, NoOp Chain Depth 64 Size 0 Mode ref, Ref Stage 24, run, start, 9848925389729588
1787729859.551694, NoOp Chain Depth 64 Size 0 Mode ref, Ref Stage 24, run, end, 9848925389752948
1787729859.551706, NoOp Chain Depth 64 Size 0 Mode ref, Ref Stage 25, run, start, 9848925389764883
1787729859.551738, NoOp Chain Depth 64 Size 0 Mode ref, Ref Stage 25, run, end, 9848925389796835
1787729859.551752, NoOp Chain Depth 64 Size 0 Mode ref, Ref Stage 26, run, start, 9848925389811715
1787729859.551777, NoOp Chain Depth 64 Size 0 Mode ref, Ref Stage 26, run, end, 9848925389836467
1787729859.551789, NoOp Chain Depth 64 Size 0 Mode ref, Ref Stage 27, run, start, 9848925389848451
1787729859.551823, NoOp Chain Depth 64 Size 0 Mode ref, Ref Stage 27, run, end, 9848925389882755
1787729859.551839, NoOp Chain Depth 64 Size 0 Mode ref, Ref Stage 28, run, start, 9848925389898643
1787729859.551861, NoOp Chain Depth 64 Size 0 Mode ref, Ref Stage 28, run, end, 9848925389920515
1787729859.551977, NoOp Chain Depth 64 Size 0 Mode ref, Ref Stage 29, run, start, 9848925390036979
1787729859.552001, NoOp Chain Depth 64 Size 0 Mode ref, Ref Stage 29, run, end, 9848925390059763
1787729859.552016, NoOp Chain Depth 64 Size 0 Mode ref, Ref Stage 30, run, start, 9848925390075091
1787729859.552039, NoOp Chain Depth 64 Size 0 Mode ref, Ref Stage 30, run, end, 9848925390098723
1787729859.552052, NoOp Chain Depth 64 Size 0 Mode ref, Ref Stage 31, run, start, 9848925390110707
1787729859.552086, NoOp Chain Depth 64 Size 0 Mode ref, Ref Stage 31, run, end, 9848925390144995
1787729859.552099, NoOp Chain Depth 64 Size 0 Mode ref, Ref Stage 32, run, start, 9848925390157811
1787729859.552131, NoOp Chain Depth 64 Size 0 Mode ref, Ref Stage 32, run, end, 9848925390190291
1787729859.552146, NoOp Chain Depth 64 Size 0 Mode ref, Ref Stage 33, run, start, 9848925390205299
1787729859.552167, NoOp Chain Depth 64 Size 0 Mode ref, Ref Stage 33, run, end, 9848925390227043
1787729859.552183, NoOp Chain Depth 64 Size 0 Mode ref, Ref Stage 34, run, start, 9848925390242467
1787729859.552205, NoOp Chain Depth 64 Size 0 Mode ref, Ref Stage 34, run, end, 9848925390264483
1787729859.552222, NoOp Chain Depth 64 Size 0 Mode ref, Ref Stage 35, run, start, 9848925390280851
1787729859.552243, NoOp Chain Depth 64 Size 0 Mode ref, Ref Stage 35, run, end, 9848925390302675
1787729859.552259, NoOp Chain Depth 64 Size 0 Mode ref, Ref Stage 36, run, start, 9848925390318723
1787729859.552281, NoOp Chain Depth 64 Size 0 Mode ref, Ref Stage 36, run, end, 9848925390340307
1787729859.552297, NoOp Chain Depth 64 Size 0 Mode ref, Ref Stage 37, run, start, 9848925390356659
1787729859.552319, NoOp Chain Depth 64 Size 0 Mode ref, Ref Stage 37, run, end, 9848925390378563
1787729859.552334, NoOp Chain Depth 64 Size 0 Mode ref, Ref Stage 38, run, start, 9848925390393299
1787729859.552361, NoOp Chain Depth 64 Size 0 Mode ref, Ref Stage 38, run, end, 9848925390419827
1787729859.552378, NoOp Chain Depth 64 Size 0 Mode ref, Ref Stage 39, run, start, 9848925390436867
1787729859.552400, NoOp Chain Depth 64 Size 0 Mode ref, Ref Stage 39, run, end, 9848925390459635
1787729859.552612, NoOp Chain Depth 64 Size 0 Mode ref, Ref Stage 40, run, start, 9848925390671091
1787729859.552634, NoOp Chain Depth 64 Size 0 Mode ref, Ref Stage 40, run, end, 9848925390693603
1787729859.552649, NoOp Chain Depth 64 Size 0 Mode ref, Ref Stage 41, run, start, 9848925390708467
1787729859.552671, NoOp Chain Depth 64 Size 0 Mode ref, Ref Stage 41, run, end, 9848925390730147
1787729859.552686, NoOp Chain Depth 64 Size 0 Mode ref, Ref Stage 42, run, start, 9848925390745059
1787729859.552707, NoOp Chain Depth 64 Size 0 Mode ref, Ref Stage 42, run, end, 9848925390766403
1787729859.552722, NoOp Chain Depth 64 Size 0 Mode ref, Ref Stage 43, run, start, 9848925390780931
1787729859.552743, NoOp Chain Depth 64 Size 0 Mode ref, Ref Stage 43, run, end, 9848925390802691
1787729859.552758, NoOp Chain Depth 64 Size 0 Mode ref, Ref Stage 44, run, start, 9848925390817955
1787729859.552784, NoOp Chain Depth 64 Size 0 Mode ref, Ref Stage 44, run, end, 9848925390843235
1787729859.552796, NoOp Chain Depth 64 Size 0 Mode ref, Ref Stage 45, run, start, 9848925390855619
1787729859.552925, NoOp Chain Depth 64 Size 0 Mode ref, Ref Stage 45, run, end, 9848925390984083
1787729859.552940, NoOp Chain Depth 64 Size 0 Mode ref, Ref Stage 46, run, start, 9848925390999315
1787729859.552963, NoOp Chain Depth 64 Size 0 Mode ref, Ref Stage 46, run, end, 9848925391022707
1787729859.552979, NoOp Chain Depth 64 Size 0 Mode ref, Ref Stage 47, run, start, 9848925391037859
1787729859.553000, NoOp Chain Depth 64 Size 0 Mode ref, Ref Stage 47, run, end, 9848925391059603
1787729859.553015, NoOp Chain Depth 64 Size 0 Mode ref, Ref Stage 48, run, start, 9848925391074691
1787729859.553037, NoOp Chain Depth 64 Size 0 Mode ref, Ref Stage 48, run, end, 9848925391096387
1787729859.553052, NoOp Chain Depth 64 Size 0 Mode ref, Ref Stage 49, run, start, 9848925391111283
1787729859.553075, NoOp Chain Depth 64 Size 0 Mode ref, Ref Stage 49, run, end, 9848925391134531
1787729859.553087, NoOp Chain Depth 64 Size 0 Mode ref, Ref Stage 50, run, start, 9848925391146483
1787729859.553119, NoOp Chain Depth 64 Size 0 Mode ref, Ref Stage 50, run, end, 9848925391178659
1787729859.553134, NoOp Chain Depth 64 Size 0 Mode ref, Ref Stage 51, run, start, 9848925391193683
1787729859.553156, NoOp Chain Depth 64 Size 0 Mode ref, Ref Stage 51, run, end, 9848925391215171
1787729859.553269, NoOp Chain Depth 64 Size 0 Mode ref, Ref Stage 52, run, start, 9848925391328835
1787729859.553292, NoOp Chain Depth 64 Size 0 Mode ref, Ref Stage 52, run, end, 9848925391351427
1787729859.553307, NoOp Chain Depth 64 Size 0 Mode ref, Ref Stage 53, run, start, 9848925391366643
1787729859.553330, NoOp Chain Depth 64 Size 0 Mode ref, Ref Stage 53, run, end, 9848925391388803
1787729859.553345, NoOp Chain Depth 64 Size 0 Mode ref, Ref Stage 54, run, start, 9848925391404099
1787729859.553367, NoOp Chain Depth 64 Size 0 Mode ref, Ref Stage 54, run, end, 9848925391426195
1787729859.553382, NoOp Chain Depth 64 Size 0 Mode ref, Ref Stage 55, run, start, 9848925391441587
1787729859.553406, NoOp Chain Depth 64 Size 0 Mode ref, Ref Stage 55, run, end, 9848925391464611
1787729859.553417, NoOp Chain Depth 64 Size 0 Mode ref, Ref Stage 56, run, start, 9848925391476675
1787729859.553548, NoOp Chain Depth 64 Size 0 Mode ref, Ref Stage 56, run, end, 9848925391607795
1787729859.553564, NoOp Chain Depth 64 Size 0 Mode ref, Ref Stage 57, run, start, 9848925391622979
1787729859.553585, NoOp Chain Depth 64 Size 0 Mode ref, Ref Stage 57, run, end, 9848925391644419
1787729859.553602, NoOp Chain Depth 64 Size 0 Mode ref, Ref Stage 58, run, start, 9848925391661155
1787729859.553623, NoOp Chain Depth 64 Size 0 Mode ref, Ref Stage 58, run, end, 9848925391682819
1787729859.553639, NoOp Chain Depth 64 Size 0 Mode ref, Ref Stage 59, run, start, 9848925391697827
1787729859.553660, NoOp Chain Depth 64 Size 0 Mode ref, Ref Stage 59, run, end, 9848925391719459
1787729859.553675, NoOp Chain Depth 64 Size 0 Mode ref, Ref Stage 60, run, start, 9848925391734259
1787729859.553698, NoOp Chain Depth 64 Size 0 Mode ref, Ref Stage 60, run, end, 9848925391757379
1787729859.553712, NoOp Chain Depth 64 Size 0 Mode ref, Ref Stage 61, run, start, 9848925391771075
1787729859.553744, NoOp Chain Depth 64 Size 0 Mode ref, Ref Stage 61, run, end, 9848925391803506
1787729859.553759, NoOp Chain Depth 64 Size 0 Mode ref, Ref Stage 62, run, start, 9848925391818434
1787729859.553781, NoOp Chain Depth 64 Size 0 Mode ref, Ref Stage 62, run, end, 9848925391839858
1787729859.553797, NoOp Chain Depth 64 Size 0 Mode ref, Ref Stage 63, run, start, 9848925391855954
1787729859.553818, NoOp Chain Depth 64 Size 0 Mode ref, Ref Stage 63, run, end, 9848925391877650
1787729859.553937, NoOp Chain Depth 64 Size 0 Mode ref, pipeline - train, run, end, 317000451537230011698121018456696038646, 1787729859.550310, 45, 1, 9848925391996082
1787729859.553973, NoOp Chain Depth 64 Size 0 Mode ref, pipeline - train, run, start, 339593438312915519165635187396308161636, 1787729859.553963, 46, 1, 9848925392032594
1787729859.553997, NoOp Chain Depth 64 Size 0 Mode ref, Ref Stage 0, run, start, 9848925392056114
1787729859.554018, NoOp Chain Depth 64 Size 0 Mode ref, Ref Stage 0, run, end, 9848925392077922
1787729859.554034, NoOp Chain Depth 64 Size 0 Mode ref, Ref Stage 1, run, start, 9848925392093346
1787729859.554057, NoOp Chain Depth 64 Size 0 Mode ref, Ref Stage 1, run, end, 9848925392116322
1787729859.554069, NoOp Chain Depth 64 Size 0 Mode ref, Ref Stage 2, run, start, 9848925392128610
1787729859.554102, NoOp Chain Depth 64 Size 0 Mode ref, Ref Stage 2, run, end, 9848925392161234
1787729859.554117, NoOp Chain Depth 64 Size 0 Mode ref, Ref Stage 3, run, start, 9848925392176786
1787729859.554139, NoOp Chain Depth 64 Size 0 Mode ref, Ref Stage 3, run, end, 9848925392198786
1787729859.554260, NoOp Chain Depth 64 Size 0 Mode ref, Ref Stage 4, run, start, 9848925392319538
1787729859.554282, NoOp Chain Depth 64 Size 0 Mode ref, Ref Stage 4, run, end, 9848925392341586
1787729859.554297, NoOp Chain Depth 64 Size 0 Mode ref, Ref Stage 5, run, start, 9848925392356882
1787729859.554320, NoOp Chain Depth 64 Size 0 Mode ref, Ref Stage 5, run, end, 9848925392378802
1787729859.554334, NoOp Chain Depth 64 Size 0 Mode ref, Ref Stage 6, run, start, 9848925392393842
1787729859.554356, NoOp Chain Depth 64 Size 0 Mode ref, Ref Stage 6, run, end, 9848925392415586
1787729859.554372, NoOp Chain Depth 64 Size 0 Mode ref, Ref Stage 7, run, start, 9848925392430834
1787729859.554395, NoOp Chain Depth 64 Size 0 Mode ref, Ref Stage 7, run, end, 9848925392453954
1787729859.554407, NoOp Chain Depth 64 Size 0 Mode ref, Ref Stage 8, run, start, 9848925392466082
1787729859.554439, NoOp Chain Depth 64 Size 0 Mode ref, Ref Stage 8, run, end, 9848925392498178
1787729859.554454, NoOp Chain Depth 64 Size 0 Mode ref, Ref Stage 9, run, start, 9848925392513250
1787729859.554476, NoOp Chain Depth 64 Size 0 Mode ref, Ref Stage 9, run, end, 9848925392535506
1787729859.554591, NoOp Chain Depth 64 Size 0 Mode ref, Ref Stage 10, run, start, 9848925392650882
1787729859.554614, NoOp Chain Depth 64 Size 0 Mode ref, Ref Stage 10, run, end, 9848925392673218
1787729859.554629, NoOp Chain Depth 64 Size 0 Mode ref, Ref Stage 11, run, start, 9848925392688338
1787729859.554651, NoOp Chain Depth 64 Size 0 Mode ref, Ref Stage 11, run, end, 9848925392710402
1787729859.554666, NoOp Chain Depth 64 Size 0 Mode ref, Ref Stage 12, run, start, 9848925392725570
1787729859.554688, NoOp Chain Depth 64 Size 0 Mode ref, Ref Stage 12, run, end, 9848925392747170
1787729859.554703, NoOp Chain Depth 64 Size 0 Mode ref, Ref Stage 13, run, start, 9848925392762466
1787729859.554728, NoOp Chain Depth 64 Size 0 Mode ref, Ref Stage 13, run, end, 9848925392786994
1787729859.554739, NoOp Chain Depth 64 Size 0 Mode ref, Ref Stage 14, run, start, 9848925392798914
1787729859.554772, NoOp Chain Depth 64 Size 0 Mode ref, Ref Stage 14, run, end, 9848925392831042
1787729859.554787, NoOp Chain Depth 64 Size 0 Mode ref, Ref Stage 15, run, start, 9848925392846354
1787729859.554810, NoOp Chain Depth 64 Size 0 Mode ref, Ref Stage 15, run, end, 9848925392869746
1787729859.554927, NoOp Chain Depth 64 Size 0 Mode ref, Ref Stage 16, run, start, 9848925392986258
1787729859.554951, NoOp Chain Depth 64 Size 0 Mode ref, Ref Stage 16, run, end, 9848925393009906
1787729859.554966, NoOp Chain Depth 64 Size 0 Mode ref, Ref Stage 17, run, start, 9848925393025714
1787729859.554988, NoOp Chain Depth 64 Size 0 Mode ref, Ref Stage 17, run, end, 9848925393047250
1787729859.555003, NoOp Chain Depth 64 Size 0 Mode ref, Ref Stage 18, run, start, 9848925393062370
1787729859.555025, NoOp Chain Depth 64 Size 0 Mode ref, Ref Stage 18, run, end, 9848925393083986
1787729859.555040, NoOp Chain Depth 64 Size 0 Mode ref, Ref Stage 19, run, start, 9848925393099314
1787729859.555062, NoOp Chain Depth 64 Size 0 Mode ref, Ref Stage 19, run, end, 9848925393120866
1787729859.555077, NoOp Chain Depth 64 Size 0 Mode ref, Ref Stage 20, run, start, 9848925393135938
1787729859.555100, NoOp Chain Depth 64 Size 0 Mode ref, Ref Stage 20, run, end, 9848925393159458
1787729859.555112, NoOp Chain Depth 64 Size 0 Mode ref, Ref Stage 21, run, start, 9848925393171314
1787729859.555322, NoOp Chain Depth 64 Size 0 Mode ref, Ref Stage 21, run, end, 9848925393382866
1787729859.555450, NoOp Chain Depth 64 Size 0 Mode ref, Ref Stage 22, run, start, 9848925393509762
1787729859.555475, NoOp Chain Depth 64 Size 0 Mode ref, Ref Stage 22, run, end, 9848925393534850
1787729859.555591, NoOp Chain Depth 64 Size 0 Mode ref, Ref Stage 23, run, start, 9848925393650161
1787729859.555613, NoOp Chain Depth 64 Size 0 Mode ref, Ref Stage 23, run, end, 9848925393672529
1787729859.555628, NoOp Chain Depth 64 Size 0 Mode ref, Ref Stage 24, run, start, 9848925393687697
1787729859.555650, NoOp Chain Depth 64 Size 0 Mode ref, Ref Stage 24, run, end, 9848925393709665
1787729859.555666, NoOp Chain Depth 64 Size 0 Mode ref, Ref Stage 25, run, start, 9848925393725089
1787729859.555687, NoOp Chain Depth 64 Size 0 Mode ref, Ref Stage 25, run, end, 9848925393746705
1787729859.555702, NoOp Chain Depth 64 Size 0 Mode ref, Ref Stage 26, run, start, 9848925393762001
1787729859.555725, NoOp Chain Depth 64 Size 0 Mode ref, Ref Stage 26, run, end, 9848925393783809
1787729859.555739, NoOp Chain Depth 64 Size 0 Mode ref, Ref Stage 27, run, start, 9848925393798817
1787729859.555761, NoOp Chain Depth 64 Size 0 Mode ref, Ref Stage 27, run, end, 9848925393820705
1787729859.555776, NoOp Chain Depth 64 Size 0 Mode ref, Ref Stage 28, run, start, 9848925393835489
1787729859.555799, NoOp Chain Depth 64 Size 0 Mode ref, Ref Stage 28, run, end, 9848925393858817
1787729859.555811, NoOp Chain Depth 64 Size 0 Mode ref, Ref Stage 29, run, start, 9848925393870753
1787729859.555938, NoOp Chain Depth 64 Size 0 Mode ref, Ref Stage 29, run, end, 9848925393997601
1787729859.555955, NoOp Chain Depth 64 Size 0 Mode ref, Ref Stage 30, run, start, 9848925394014913
1787729859.555979, NoOp Chain Depth 64 Size 0 Mode ref, Ref Stage 30, run, end, 9848925394038273
1787729859.555995, NoOp Chain Depth 64 Size 0 Mode ref, Ref Stage 31, run, start, 9848925394054241
1787729859.556018, NoOp Chain Depth 64 Size 0 Mode ref, Ref Stage 31, run, end, 9848925394077633
1787729859.556030, NoOp Chain Depth 64 Size 0 Mode ref, Ref Stage 32, run, start, 9848925394089601
1787729859.556064, NoOp Chain Depth 64 Size 0 Mode ref, Ref Stage 32, run, end, 9848925394123233
1787729859.556077, NoOp Chain Depth 64 Size 0 Mode ref, Ref Stage 33, run, start, 9848925394135969
1787729859.556109, NoOp Chain Depth 64 Size 0 Mode ref, Ref Stage 33, run, end, 9848925394168097
1787729859.556126, NoOp Chain Depth 64 Size 0 Mode ref, Ref Stage 34, run, start, 9848925394185537
1787729859.556148, NoOp Chain Depth 64 Size 0 Mode ref, Ref Stage 34, run, end, 9848925394206993
1787729859.556163, NoOp Chain Depth 64 Size 0 Mode ref, Ref Stage 35, run, start, 9848925394222017
1787729859.556184, NoOp Chain Depth 64 Size 0 Mode ref, Ref Stage 35, run, end, 9848925394243745
1787729859.556199, NoOp Chain Depth 64 Size 0 Mode ref, Ref Stage 36, run, start, 9848925394258737
1787729859.556221, NoOp Chain Depth 64 Size 0 Mode ref, Ref Stage 36, run, end, 9848925394280497
1787729859.556335, NoOp Chain Depth 64 Size 0 Mode ref, Ref Stage 37, run, start, 9848925394394817
1787729859.556358, NoOp Chain Depth 64 Size 0 Mode ref, Ref Stage 37, run, end, 9848925394417361
1787729859.556374, NoOp Chain Depth 64 Size 0 Mode ref, Ref Stage 38, run, start, 9848925394433425
1787729859.556396, NoOp Chain Depth 64 Size 0 Mode ref, Ref Stage 38, run, end, 9848925394455009
1787729859.556412, NoOp Chain Depth 64 Size 0 Mode ref, Ref Stage 39, run, start, 9848925394470977
1787729859.556435, NoOp Chain Depth 64 Size 0 Mode ref, Ref Stage 39, run, end, 9848925394494065
1787729859.556447, NoOp Chain Depth 64 Size 0 Mode ref, Ref Stage 40, run, start, 9848925394506129
1787729859.556479, NoOp Chain Depth 64 Size 0 Mode ref, Ref Stage 40, run, end, 9848925394538385
1787729859.556494, NoOp Chain Depth 64 Size 0 Mode ref, Ref Stage 41, run, start, 9848925394553313
1787729859.556516, NoOp Chain Depth 64 Size 0 Mode ref, Ref Stage 41, run, end, 9848925394575233
1787729859.556531, NoOp Chain Depth 64 Size 0 Mode ref, Ref Stage 42, run, start, 9848925394590449
1787729859.556553, NoOp Chain Depth 64 Size 0 Mode ref, Ref Stage 42, run, end, 9848925394612145
1787729859.556568, NoOp Chain Depth 64 Size 0 Mode ref, Ref Stage 43, run, start, 9848925394627249
1787729859.556592, NoOp Chain Depth 64 Size 0 Mode ref, Ref Stage 43, run, end, 9848925394651777
1787729859.556604, NoOp Chain Depth 64 Size 0 Mode ref, Ref Stage 44, run, start, 9848925394663473
1787729859.556638, NoOp Chain Depth 64 Size 0 Mode ref, Ref Stage 44, run, end, 9848925394697793
1787729859.556653, NoOp Chain Depth 64 Size 0 Mode ref, Ref Stage 45, run, start, 9848925394712321
1787729859.556781, NoOp Chain Depth 64 Size 0 Mode ref, Ref Stage 45, run, end, 9848925394840529
1787729859.556796, NoOp Chain Depth 64 Size 0 Mode ref, Ref Stage 46, run, start, 9848925394855457
1787729859.556818, NoOp Chain Depth 64 Size 0 Mode ref, Ref Stage 46, run, end, 9848925394877233
1787729859.556833, NoOp Chain Depth 64 Size 0 Mode ref, Ref Stage 47, run, start, 9848925394892449
1787729859.556855, NoOp Chain Depth 64 Size 0 Mode ref, Ref Stage 47, run, end, 9848925394914465
1787729859.556870, NoOp Chain Depth 64 Size 0 Mode ref, Ref Stage 48, run, start, 9848925394929537
1787729859.556892, NoOp Chain Depth 64 Size 0 Mode ref, Ref Stage 48, run, end, 9848925394951457
1787729859.556907, NoOp Chain Depth 64 Size 0 Mode ref, Ref Stage 49, run, start, 9848925394966657
1787729859.556930, NoOp Chain Depth 64 Size 0 Mode ref, Ref Stage 49, run, end, 9848925394988689
1787729859.557044, NoOp Chain Depth 64 Size 0 Mode ref, Ref Stage 50, run, start, 9848925395103297
1787729859.557067, NoOp Chain Depth 64 Size 0 Mode ref, Ref Stage 50, run, end, 9848925395126017
1787729859.557082, NoOp Chain Depth 64 Size 0 Mode ref, Ref Stage 51, run, start, 9848925395141185
1787729859.557105, NoOp Chain Depth 64 Size 0 Mode ref, Ref Stage 51, run, end, 9848925395164289
1787729859.557117, NoOp Chain Depth 64 Size 0 Mode ref, Ref Stage 52, run, start, 9848925395176513
1787729859.557149, NoOp Chain Depth 64 Size 0 Mode ref, Ref Stage 52, run, end, 9848925395208561
1787729859.557164, NoOp Chain Depth 64 Size 0 Mode ref, Ref Stage 53, run, start, 9848925395223473
1787729859.557186, NoOp Chain Depth 64 Size 0 Mode ref, Ref Stage 53, run, end, 9848925395245169
1787729859.557202, NoOp Chain Depth 64 Size 0 Mode ref, Ref Stage 54, run, start, 9848925395261169
1787729859.557225, NoOp Chain Depth 64 Size 0 Mode ref, Ref Stage 54, run, end, 9848925395284257
1787729859.557237, NoOp Chain Depth 64 Size 0 Mode ref, Ref Stage 55, run, start, 9848925395296353
1787729859.557272, NoOp Chain Depth 64 Size 0 Mode ref, Ref Stage 55, run, end, 9848925395331617
1787729859.557289, NoOp Chain Depth 64 Size 0 Mode ref, Ref Stage 56, run, start, 9848925395348641
1787729859.557315, NoOp Chain Depth 64 Size 0 Mode ref, Ref Stage 56, run, end, 9848925395374689
1787729859.557327, NoOp Chain Depth 64 Size 0 Mode ref, Ref Stage 57, run, start, 9848925395386721
1787729859.557458, NoOp Chain Depth 64 Size 0 Mode ref, Ref Stage 57, run, end, 9848925395517601
1787729859.557473, NoOp Chain Depth 64 Size 0 Mode ref, Ref Stage 58, run, start, 9848925395532529
1787729859.557495, NoOp Chain Depth 64 Size 0 Mode ref, Ref Stage 58, run, end, 9848925395554017
1787729859.557510, NoOp Chain Depth 64 Size 0 Mode ref, Ref Stage 59, run, start, 9848925395568881
1787729859.557531, NoOp Chain Depth 64 Size 0 Mode ref, Ref Stage 59, run, end, 9848925395590416
1787729859.557546, NoOp Chain Depth 64 Size 0 Mode ref, Ref Stage 60, run, start, 9848925395605664
1787729859.557568, NoOp Chain Depth 64 Size 0 Mode ref, Ref Stage 60, run, end, 9848925395627440
1787729859.557584, NoOp Chain Depth 64 Size 0 Mode ref, Ref Stage 61, run, start, 9848925395643024
1787729859.557605, NoOp Chain Depth 64 Size 0 Mode ref, Ref Stage 61, run, end, 9848925395664720
1787729859.557717, NoOp Chain Depth 64 Size 0 Mode ref, Ref Stage 62, run, start, 9848925395776688
1787729859.557739, NoOp Chain Depth 64 Size 0 Mode ref, Ref Stage 62, run, end, 9848925395798816
1787729859.557755, NoOp Chain Depth 64 Size 0 Mode ref, Ref Stage 63, run, start, 9848925395814176
1787729859.557778, NoOp Chain Depth 64 Size 0 Mode ref, Ref Stage 63, run, end, 9848925395837008
1787729859.557789, NoOp Chain Depth 64 Size 0 Mode ref, pipeline - train, run, end, 339593438312915519165635187396308161636, 1787729859.553963, 46, 1, 9848925395848896
1787729859.557835, NoOp Chain Depth 64 Size 0 Mode ref, pipeline - train, run, start, 147439777980470838897290675726499025071, 1787729859.557825, 47, 1, 9848925395894144
1787729859.557858, NoOp Chain Depth 64 Size 0 Mode ref, Ref Stage 0, run, start, 9848925395917936
1787729859.557881, NoOp Chain Depth 64 Size 0 Mode ref, Ref Stage 0, run, end, 9848925395940160
1787729859.557896, NoOp Chain Depth 64 Size 0 Mode ref, Ref Stage 1, run, start, 9848925395955424
1787729859.557918, NoOp Chain Depth 64 Size 0 Mode ref, Ref Stage 1, run, end, 9848925395977376
1787729859.557933, NoOp Chain Depth 64 Size 0 Mode ref, Ref Stage 2, run, start, 9848925395992544
1787729859.557957, NoOp Chain Depth 64 Size 0 Mode ref, Ref Stage 2, run, end, 9848925396015920
1787729859.558076, NoOp Chain Depth 64 Size 0 Mode ref, Ref Stage 3, run, start, 9848925396135904
1787729859.558099, NoOp Chain Depth 64 Size 0 Mode ref, Ref Stage 3, run, end, 9848925396158240
1787729859.558114, NoOp Chain Depth 64 Size 0 Mode ref, Ref Stage 4, run, start, 9848925396173712
1787729859.558136, NoOp Chain Depth 64 Size 0 Mode ref, Ref Stage 4, run, end, 9848925396195568
1787729859.558151, NoOp Chain Depth 64 Size 0 Mode ref, Ref Stage 5, run, start, 9848925396210672
1787729859.558173, NoOp Chain Depth 64 Size 0 Mode ref, Ref Stage 5, run, end, 9848925396232496
1787729859.558188, NoOp Chain Depth 64 Size 0 Mode ref, Ref Stage 6, run, start, 9848925396247424
1787729859.558209, NoOp Chain Depth 64 Size 0 Mode ref, Ref Stage 6, run, end, 9848925396268784
1787729859.558225, NoOp Chain Depth 64 Size 0 Mode ref, Ref Stage 7, run, start, 9848925396283872
1787729859.558247, NoOp Chain Depth 64 Size 0 Mode ref, Ref Stage 7, run, end, 9848925396306128
1787729859.558363, NoOp Chain Depth 64 Size 0 Mode ref, Ref Stage 8, run, start, 9848925396422384
1787729859.558385, NoOp Chain Depth 64 Size 0 Mode ref, Ref Stage 8, run, end, 9848925396444672
1787729859.558401, NoOp Chain Depth 64 Size 0 Mode ref, Ref Stage 9, run, start, 9848925396459952
1787729859.558424, NoOp Chain Depth 64 Size 0 Mode ref, Ref Stage 9, run, end, 9848925396483344
1787729859.558436, NoOp Chain Depth 64 Size 0 Mode ref, Ref Stage 10, run, start, 9848925396495600
1787729859.558471, NoOp Chain Depth 64 Size 0 Mode ref, Ref Stage 10, run, end, 9848925396530144
1787729859.558486, NoOp Chain Depth 64 Size 0 Mode ref, Ref Stage 11, run, start, 9848925396545264
1787729859.558507, NoOp Chain Depth 64 Size 0 Mode ref, Ref Stage 11, run, end, 9848925396566832
1787729859.558524, NoOp Chain Depth 64 Size 0 Mode ref, Ref Stage 12, run, start, 9848925396583040
1787729859.558547, NoOp Chain Depth 64 Size 0 Mode ref, Ref Stage 12, run, end, 9848925396606624
1787729859.558559, NoOp Chain Depth 64 Size 0 Mode ref, Ref Stage 13, run, start, 9848925396618656
1787729859.558592, NoOp Chain Depth 64 Size 0 Mode ref, Ref Stage 13, run, end, 9848925396650896
1787729859.558607, NoOp Chain Depth 64 Size 0 Mode ref, Ref Stage 14, run, start, 9848925396666448
1787729859.558629, NoOp Chain Depth 64 Size 0 Mode ref, Ref Stage 14, run, end, 9848925396688096
1787729859.558749, NoOp Chain Depth 64 Size 0 Mode ref, Ref Stage 15, run, start, 9848925396808576
1787729859.558772, NoOp Chain Depth 64 Size 0 Mode ref, Ref Stage 15, run, end, 9848925396830944
1787729859.558787, NoOp Chain Depth 64 Size 0 Mode ref, Ref Stage 16, run, start, 9848925396846208
1787729859.558809, NoOp Chain Depth 64 Size 0 Mode ref, Ref Stage 16, run, end, 9848925396868000
1787729859.558824, NoOp Chain Depth 64 Size 0 Mode ref, Ref Stage 17, run, start, 9848925396882992
1787729859.558846, NoOp Chain Depth 64 Size 0 Mode ref, Ref Stage 17, run, end, 9848925396904592
1787729859.558860, NoOp Chain Depth 64 Size 0 Mode ref, Ref Stage 18, run, start, 9848925396919504
1787729859.558882, NoOp Chain Depth 64 Size 0 Mode ref, Ref Stage 18, run, end, 9848925396940912
1787729859.558897, NoOp Chain Depth 64 Size 0 Mode ref, Ref Stage 19, run, start, 9848925396956032
1787729859.558922, NoOp Chain Depth 64 Size 0 Mode ref, Ref Stage 19, run, end, 9848925396980960
1787729859.558934, NoOp Chain Depth 64 Size 0 Mode ref, Ref Stage 20, run, start, 9848925396993184
1787729859.559068, NoOp Chain Depth 64 Size 0 Mode ref, Ref Stage 20, run, end, 9848925397127856
1787729859.559085, NoOp Chain Depth 64 Size 0 Mode ref, Ref Stage 21, run, start, 9848925397143856
1787729859.559108, NoOp Chain Depth 64 Size 0 Mode ref, Ref Stage 21, run, end, 9848925397166768
1787729859.559119, NoOp Chain Depth 64 Size 0 Mode ref, Ref Stage 22, run, start, 9848925397178768
1787729859.559152, NoOp Chain Depth 64 Size 0 Mode ref, Ref Stage 22, run, end, 9848925397211456
1787729859.559167, NoOp Chain Depth 64 Size 0 Mode ref, Ref Stage 23, run, start, 9848925397226704
1787729859.559189, NoOp Chain Depth 64 Size 0 Mode ref, Ref Stage 23, run, end, 9848925397248240
1787729859.559204, NoOp Chain Depth 64 Size 0 Mode ref, Ref Stage 24, run, start, 9848925397263392
1787729859.559226, NoOp Chain Depth 64 Size 0 Mode ref, Ref Stage 24, run, end, 9848925397284896
1787729859.559241, NoOp Chain Depth 64 Size 0 Mode ref, Ref Stage 25, run, start, 9848925397300672
1787729859.559265, NoOp Chain Depth 64 Size 0 Mode ref, Ref Stage 25, run, end, 9848925397324032
1787729859.559280, NoOp Chain Depth 64 Size 0 Mode ref, Ref Stage 26, run, start, 9848925397339424
1787729859.559302, NoOp Chain Depth 64 Size 0 Mode ref, Ref Stage 26, run, end, 9848925397361728
1787729859.559418, NoOp Chain Depth 64 Size 0 Mode ref, Ref Stage 27, run, start, 9848925397477440
1787729859.559440, NoOp Chain Depth 64 Size 0 Mode ref, Ref Stage 27, run, end, 9848925397499584
1787729859.559455, NoOp Chain Depth 64 Size 0 Mode ref, Ref Stage 28, run, start, 9848925397514448
1787729859.559477, NoOp Chain Depth 64 Size 0 Mode ref, Ref Stage 28, run, end, 9848925397536192
1787729859.559492, NoOp Chain Depth 64 Size 0 Mode ref, Ref Stage 29, run, start, 9848925397551184
1787729859.559513, NoOp Chain Depth 64 Size 0 Mode ref, Ref Stage 29, run, end, 9848925397572352
1787729859.559528, NoOp Chain Depth 64 Size 0 Mode ref, Ref Stage 30, run, start, 9848925397587263
1787729859.559550, NoOp Chain Depth 64 Size 0 Mode ref, Ref Stage 30, run, end, 9848925397608991
1787729859.559566, NoOp Chain Depth 64 Size 0 Mode ref, Ref Stage 31, run, start, 9848925397625695
1787729859.559588, NoOp Chain Depth 64 Size 0 Mode ref, Ref Stage 31, run, end, 9848925397647167
1787729859.559603, NoOp Chain Depth 64 Size 0 Mode ref, Ref Stage 32, run, start, 9848925397662495
1787729859.559631, NoOp Chain Depth 64 Size 0 Mode ref, Ref Stage 32, run, end, 9848925397689983
1787729859.559643, NoOp Chain Depth 64 Size 0 Mode ref, Ref Stage 33, run, start, 9848925397701855
1787729859.559774, NoOp Chain Depth 64 Size 0 Mode ref, Ref Stage 33, run, end, 9848925397833679
1787729859.559787, NoOp Chain Depth 64 Size 0 Mode ref, Ref Stage 34, run, start, 9848925397845823
1787729859.559819, NoOp Chain Depth 64 Size 0 Mode ref, Ref Stage 34, run, end, 9848925397878767
1787729859.559834, NoOp Chain Depth 64 Size 0 Mode ref, Ref Stage 35, run, start, 9848925397893567
1787729859.559856, NoOp Chain Depth 64 Size 0 Mode ref, Ref Stage 35, run, end, 9848925397915311
1787729859.559871, NoOp Chain Depth 64 Size 0 Mode ref, Ref Stage 36, run, start, 9848925397930383
1787729859.559893, NoOp Chain Depth 64 Size 0 Mode ref, Ref Stage 36, run, end, 9848925397951903
1787729859.559908, NoOp Chain Depth 64 Size 0 Mode ref, Ref Stage 37, run, start, 9848925397966943
1787729859.559930, NoOp Chain Depth 64 Size 0 Mode ref, Ref Stage 37, run, end, 9848925397989167
1787729859.559949, NoOp Chain Depth 64 Size 0 Mode ref, Ref Stage 38, run, start, 9848925398008575
1787729859.559973, NoOp Chain Depth 64 Size 0 Mode ref, Ref Stage 38, run, end, 9848925398032127
1787729859.559988, NoOp Chain Depth 64 Size 0 Mode ref, Ref Stage 39, run, start, 9848925398047583
1787729859.560014, NoOp Chain Depth 64 Size 0 Mode ref, Ref Stage 39, run, end, 9848925398072799
1787729859.560026, NoOp Chain Depth 64 Size 0 Mode ref, Ref Stage 40, run, start, 9848925398084863
1787729859.560155, NoOp Chain Depth 64 Size 0 Mode ref, Ref Stage 40, run, end, 9848925398214127
1787729859.560170, NoOp Chain Depth 64 Size 0 Mode ref, Ref Stage 41, run, start, 9848925398229247
1787729859.560191, NoOp Chain Depth 64 Size 0 Mode ref, Ref Stage 41, run, end, 9848925398250575
1787729859.560206, NoOp Chain Depth 64 Size 0 Mode ref, Ref Stage 42, run, start, 9848925398265519
1787729859.560229, NoOp Chain Depth 64 Size 0 Mode ref, Ref Stage 42, run, end, 9848925398288719
1787729859.560241, NoOp Chain Depth 64 Size 0 Mode ref, Ref Stage 43, run, start, 9848925398300623
1787729859.560274, NoOp Chain Depth 64 Size 0 Mode ref, Ref Stage 43, run, end, 9848925398332975
1787729859.560285, NoOp Chain Depth 64 Size 0 Mode ref, Ref Stage 44, run, start, 9848925398344959
1787729859.560413, NoOp Chain Depth 64 Size 0 Mode ref, Ref Stage 44, run, end, 9848925398472607
1787729859.560429, NoOp Chain Depth 64 Size 0 Mode ref, Ref Stage 45, run, start, 9848925398487727
1787729859.560450, NoOp Chain Depth 64 Size 0 Mode ref, Ref Stage 45, run, end, 9848925398509215
1787729859.560465, NoOp Chain Depth 64 Size 0 Mode ref, Ref Stage 46, run, start, 9848925398524639
1787729859.560487, NoOp Chain Depth 64 Size 0 Mode ref, Ref Stage 46, run, end, 9848925398546447
1787729859.560503, NoOp Chain Depth 64 Size 0 Mode ref, Ref Stage 47, run, start, 9848925398561839
1787729859.560524, NoOp Chain Depth 64 Size 0 Mode ref, Ref Stage 47, run, end, 9848925398583359
1787729859.560539, NoOp Chain Depth 64 Size 0 Mode ref, Ref Stage 48, run, start, 9848925398598431
1787729859.560560, NoOp Chain Depth 64 Size 0 Mode ref, Ref Stage 48, run, end, 9848925398619679
1787729859.560575, NoOp Chain Depth 64 Size 0 Mode ref, Ref Stage 49, run, start, 9848925398634783
1787729859.560599, NoOp Chain Depth 64 Size 0 Mode ref, Ref Stage 49, run, end, 9848925398658191
1787729859.560611, NoOp Chain Depth 64 Size 0 Mode ref, Ref Stage 50, run, start, 9848925398670239
1787729859.560644, NoOp Chain Depth 64 Size 0 Mode ref, Ref Stage 50, run, end, 9848925398702863
1787729859.560658, NoOp Chain Depth 64 Size 0 Mode ref, Ref Stage 51, run, start, 9848925398718015
1787729859.560682, NoOp Chain Depth 64 Size 0 Mode ref, Ref Stage 51, run, end, 9848925398741103
1787729859.560798, NoOp Chain Depth 64 Size 0 Mode ref, Ref Stage 52, run, start, 9848925398857647
1787729859.560821, NoOp Chain Depth 64 Size 0 Mode ref, Ref Stage 52, run, end, 9848925398880255
1787729859.560836, NoOp Chain Depth 64 Size 0 Mode ref, Ref Stage 53, run, start, 9848925398895551
1787729859.560858, NoOp Chain Depth 64 Size 0 Mode ref, Ref Stage 53, run, end, 9848925398916975
1787729859.560873, NoOp Chain Depth 64 Size 0 Mode ref, Ref Stage 54, run, start, 9848925398931967
1787729859.560894, NoOp Chain Depth 64 Size 0 Mode ref, Ref Stage 54, run, end, 9848925398953343
1787729859.560909, NoOp Chain Depth 64 Size 0 Mode ref, Ref Stage 55, run, start, 9848925398968511
1787729859.560933, NoOp Chain Depth 64 Size 0 Mode ref, Ref Stage 55, run, end, 9848925398991919
1787729859.560948, NoOp Chain Depth 64 Size 0 Mode ref, Ref Stage 56, run, start, 9848925399007103
1787729859.561075, NoOp Chain Depth 64 Size 0 Mode ref, Ref Stage 56, run, end, 9848925399134463
1787729859.561090, NoOp Chain Depth 64 Size 0 Mode ref, Ref Stage 57, run, start, 9848925399149663
1787729859.561111, NoOp Chain Depth 64 Size 0 Mode ref, Ref Stage 57, run, end, 9848925399170863
1787729859.561126, NoOp Chain Depth 64 Size 0 Mode ref, Ref Stage 58, run, start, 9848925399185743
1787729859.561148, NoOp Chain Depth 64 Size 0 Mode ref, Ref Stage 58, run, end, 9848925399207407
1787729859.561163, NoOp Chain Depth 64 Size 0 Mode ref, Ref Stage 59, run, start, 9848925399222703
1787729859.561184, NoOp Chain Depth 64 Size 0 Mode ref, Ref Stage 59, run, end, 9848925399243903
1787729859.561200, NoOp Chain Depth 64 Size 0 Mode ref, Ref Stage 60, run, start, 9848925399258975
1787729859.561221, NoOp Chain Depth 64 Size 0 Mode ref, Ref Stage 60, run, end, 9848925399280335
1787729859.561236, NoOp Chain Depth 64 Size 0 Mode ref, Ref Stage 61, run, start, 9848925399295455
1787729859.561260, NoOp Chain Depth 64 Size 0 Mode ref, Ref Stage 61, run, end, 9848925399318991
1787729859.561272, NoOp Chain Depth 64 Size 0 Mode ref, Ref Stage 62, run, start, 9848925399331023
1787729859.561304, NoOp Chain Depth 64 Size 0 Mode ref, Ref Stage 62, run, end, 9848925399363567
1787729859.561320, NoOp Chain Depth 64 Size 0 Mode ref, Ref Stage 63, run, start, 9848925399379119
1787729859.561346, NoOp Chain Depth 64 Size 0 Mode ref, Ref Stage 63, run, end, 9848925399405631
1787729859.561358, NoOp Chain Depth 64 Size 0 Mode ref, pipeline - train, run, end, 147439777980470838897290675726499025071, 1787729859.557825, 47, 1, 9848925399417455
1787729859.561499, NoOp Chain Depth 64 Size 0 Mode ref, pipeline - train, run, start, 66585795192826048317485568948388483141, 1787729859.561489, 48, 1, 9848925399558814
1787729859.561522, NoOp Chain Depth 64 Size 0 Mode ref, Ref Stage 0, run, start, 9848925399581694
1787729859.561544, NoOp Chain Depth 64 Size 0 Mode ref, Ref Stage 0, run, end, 9848925399603550
1787729859.561559, NoOp Chain Depth 64 Size 0 Mode ref, Ref Stage 1, run, start, 9848925399619022
1787729859.561581, NoOp Chain Depth 64 Size 0 Mode ref, Ref Stage 1, run, end, 9848925399640638
1787729859.561597, NoOp Chain Depth 64 Size 0 Mode ref, Ref Stage 2, run, start, 9848925399656414
1787729859.561622, NoOp Chain Depth 64 Size 0 Mode ref, Ref Stage 2, run, end, 9848925399681262
1787729859.561634, NoOp Chain Depth 64 Size 0 Mode ref, Ref Stage 3, run, start, 9848925399693102
1787729859.561762, NoOp Chain Depth 64 Size 0 Mode ref, Ref Stage 3, run, end, 9848925399821262
1787729859.561777, NoOp Chain Depth 64 Size 0 Mode ref, Ref Stage 4, run, start, 9848925399836350
1787729859.561799, NoOp Chain Depth 64 Size 0 Mode ref, Ref Stage 4, run, end, 9848925399858014
1787729859.561814, NoOp Chain Depth 64 Size 0 Mode ref, Ref Stage 5, run, start, 9848925399873406
1787729859.561836, NoOp Chain Depth 64 Size 0 Mode ref, Ref Stage 5, run, end, 9848925399895086
1787729859.561851, NoOp Chain Depth 64 Size 0 Mode ref, Ref Stage 6, run, start, 9848925399910366
1787729859.561872, NoOp Chain Depth 64 Size 0 Mode ref, Ref Stage 6, run, end, 9848925399931614
1787729859.561887, NoOp Chain Depth 64 Size 0 Mode ref, Ref Stage 7, run, start, 9848925399946558
1787729859.561913, NoOp Chain Depth 64 Size 0 Mode ref, Ref Stage 7, run, end, 9848925399971918
1787729859.561924, NoOp Chain Depth 64 Size 0 Mode ref, Ref Stage 8, run, start, 9848925399983710
1787729859.561958, NoOp Chain Depth 64 Size 0 Mode ref, Ref Stage 8, run, end, 9848925400017134
1787729859.561974, NoOp Chain Depth 64 Size 0 Mode ref, Ref Stage 9, run, start, 9848925400033358
1787729859.561996, NoOp Chain Depth 64 Size 0 Mode ref, Ref Stage 9, run, end, 9848925400055278
1787729859.562109, NoOp Chain Depth 64 Size 0 Mode ref, Ref Stage 10, run, start, 9848925400168238
1787729859.562131, NoOp Chain Depth 64 Size 0 Mode ref, Ref Stage 10, run, end, 9848925400190446
1787729859.562146, NoOp Chain Depth 64 Size 0 Mode ref, Ref Stage 11, run, start, 9848925400205486
1787729859.562168, NoOp Chain Depth 64 Size 0 Mode ref, Ref Stage 11, run, end, 9848925400227614
1787729859.562183, NoOp Chain Depth 64 Size 0 Mode ref, Ref Stage 12, run, start, 9848925400242670
1787729859.562205, NoOp Chain Depth 64 Size 0 Mode ref, Ref Stage 12, run, end, 9848925400264110
1787729859.562220, NoOp Chain Depth 64 Size 0 Mode ref, Ref Stage 13, run, start, 9848925400279358
1787729859.562241, NoOp Chain Depth 64 Size 0 Mode ref, Ref Stage 13, run, end, 9848925400300638
1787729859.562256, NoOp Chain Depth 64 Size 0 Mode ref, Ref Stage 14, run, start, 9848925400315742
1787729859.562281, NoOp Chain Depth 64 Size 0 Mode ref, Ref Stage 14, run, end, 9848925400340654
1787729859.562293, NoOp Chain Depth 64 Size 0 Mode ref, Ref Stage 15, run, start, 9848925400352590
1787729859.562427, NoOp Chain Depth 64 Size 0 Mode ref, Ref Stage 15, run, end, 9848925400486846
1787729859.562443, NoOp Chain Depth 64 Size 0 Mode ref, Ref Stage 16, run, start, 9848925400501950
1787729859.562465, NoOp Chain Depth 64 Size 0 Mode ref, Ref Stage 16, run, end, 9848925400524062
1787729859.562480, NoOp Chain Depth 64 Size 0 Mode ref, Ref Stage 17, run, start, 9848925400539246
1787729859.562502, NoOp Chain Depth 64 Size 0 Mode ref, Ref Stage 17, run, end, 9848925400561246
1787729859.562517, NoOp Chain Depth 64 Size 0 Mode ref, Ref Stage 18, run, start, 9848925400576798
1787729859.562541, NoOp Chain Depth 64 Size 0 Mode ref, Ref Stage 18, run, end, 9848925400600558
1787729859.562554, NoOp Chain Depth 64 Size 0 Mode ref, Ref Stage 19, run, start, 9848925400613054
1787729859.562588, NoOp Chain Depth 64 Size 0 Mode ref, Ref Stage 19, run, end, 9848925400647646
1787729859.562600, NoOp Chain Depth 64 Size 0 Mode ref, Ref Stage 20, run, start, 9848925400659502
1787729859.562633, NoOp Chain Depth 64 Size 0 Mode ref, Ref Stage 20, run, end, 9848925400691950
1787729859.562649, NoOp Chain Depth 64 Size 0 Mode ref, Ref Stage 21, run, start, 9848925400708750
1787729859.562671, NoOp Chain Depth 64 Size 0 Mode ref, Ref Stage 21, run, end, 9848925400730590
1787729859.562789, NoOp Chain Depth 64 Size 0 Mode ref, Ref Stage 22, run, start, 9848925400848814
1787729859.562812, NoOp Chain Depth 64 Size 0 Mode ref, Ref Stage 22, run, end, 9848925400871038
1787729859.562827, NoOp Chain Depth 64 Size 0 Mode ref, Ref Stage 23, run, start, 9848925400886158
1787729859.562849, NoOp Chain Depth 64 Size 0 Mode ref, Ref Stage 23, run, end, 9848925400907822
1787729859.562864, NoOp Chain Depth 64 Size 0 Mode ref, Ref Stage 24, run, start, 9848925400923038
1787729859.562886, NoOp Chain Depth 64 Size 0 Mode ref, Ref Stage 24, run, end, 9848925400944798
1787729859.562901, NoOp Chain Depth 64 Size 0 Mode ref, Ref Stage 25, run, start, 9848925400959982
1787729859.562922, NoOp Chain Depth 64 Size 0 Mode ref, Ref Stage 25, run, end, 9848925400981806
1787729859.563041, NoOp Chain Depth 64 Size 0 Mode ref, Ref Stage 26, run, start, 9848925401101166
1787729859.563065, NoOp Chain Depth 64 Size 0 Mode ref, Ref Stage 26, run, end, 9848925401123902
1787729859.563080, NoOp Chain Depth 64 Size 0 Mode ref, Ref Stage 27, run, start, 9848925401139326
1787729859.563102, NoOp Chain Depth 64 Size 0 Mode ref, Ref Stage 27, run, end, 9848925401161022
1787729859.563117, NoOp Chain Depth 64 Size 0 Mode ref, Ref Stage 28, run, start, 9848925401175822
1787729859.563140, NoOp Chain Depth 64 Size 0 Mode ref, Ref Stage 28, run, end, 9848925401199262
1787729859.563155, NoOp Chain Depth 64 Size 0 Mode ref, Ref Stage 29, run, start, 9848925401214190
1787729859.563177, NoOp Chain Depth 64 Size 0 Mode ref, Ref Stage 29, run, end, 9848925401235950
1787729859.563192, NoOp Chain Depth 64 Size 0 Mode ref, Ref Stage 30, run, start, 9848925401251182
1787729859.563214, NoOp Chain Depth 64 Size 0 Mode ref, Ref Stage 30, run, end, 9848925401273006
1787729859.563229, NoOp Chain Depth 64 Size 0 Mode ref, Ref Stage 31, run, start, 9848925401288014
1787729859.563252, NoOp Chain Depth 64 Size 0 Mode ref, Ref Stage 31, run, end, 9848925401311614
1787729859.563265, NoOp Chain Depth 64 Size 0 Mode ref, Ref Stage 32, run, start, 9848925401323774
1787729859.563297, NoOp Chain Depth 64 Size 0 Mode ref, Ref Stage 32, run, end, 9848925401356174
1787729859.563312, NoOp Chain Depth 64 Size 0 Mode ref, Ref Stage 33, run, start, 9848925401371358
1787729859.563338, NoOp Chain Depth 64 Size 0 Mode ref, Ref Stage 33, run, end, 9848925401397678
1787729859.563351, NoOp Chain Depth 64 Size 0 Mode ref, Ref Stage 34, run, start, 9848925401410510
1787729859.563483, NoOp Chain Depth 64 Size 0 Mode ref, Ref Stage 34, run, end, 9848925401541965
1787729859.563498, NoOp Chain Depth 64 Size 0 Mode ref, Ref Stage 35, run, start, 9848925401557245
1787729859.563520, NoOp Chain Depth 64 Size 0 Mode ref, Ref Stage 35, run, end, 9848925401579101
1787729859.563534, NoOp Chain Depth 64 Size 0 Mode ref, Ref Stage 36, run, start, 9848925401593837
1787729859.563556, NoOp Chain Depth 64 Size 0 Mode ref, Ref Stage 36, run, end, 9848925401615069
1787729859.563571, NoOp Chain Depth 64 Size 0 Mode ref, Ref Stage 37, run, start, 9848925401630141
1787729859.563592, NoOp Chain Depth 64 Size 0 Mode ref, Ref Stage 37, run, end, 9848925401651501
1787729859.563607, NoOp Chain Depth 64 Size 0 Mode ref, Ref Stage 38, run, start, 9848925401666509
1787729859.563629, NoOp Chain Depth 64 Size 0 Mode ref, Ref Stage 38, run, end, 9848925401688525
1787729859.563744, NoOp Chain Depth 64 Size 0 Mode ref, Ref Stage 39, run, start, 9848925401802989
1787729859.563766, NoOp Chain Depth 64 Size 0 Mode ref, Ref Stage 39, run, end, 9848925401825485
1787729859.563781, NoOp Chain Depth 64 Size 0 Mode ref, Ref Stage 40, run, start, 9848925401840829
1787729859.563803, NoOp Chain Depth 64 Size 0 Mode ref, Ref Stage 40, run, end, 9848925401862509
1787729859.563818, NoOp Chain Depth 64 Size 0 Mode ref, Ref Stage 41, run, start, 9848925401877485
1787729859.563840, NoOp Chain Depth 64 Size 0 Mode ref, Ref Stage 41, run, end, 9848925401899005
1787729859.563855, NoOp Chain Depth 64 Size 0 Mode ref, Ref Stage 42, run, start, 9848925401914285
1787729859.563878, NoOp Chain Depth 64 Size 0 Mode ref, Ref Stage 42, run, end, 9848925401937677
1787729859.563890, NoOp Chain Depth 64 Size 0 Mode ref, Ref Stage 43, run, start, 9848925401949661
1787729859.563924, NoOp Chain Depth 64 Size 0 Mode ref, Ref Stage 43, run, end, 9848925401983341
1787729859.563937, NoOp Chain Depth 64 Size 0 Mode ref, Ref Stage 44, run, start, 9848925401995949
1787729859.563971, NoOp Chain Depth 64 Size 0 Mode ref, Ref Stage 44, run, end, 9848925402030285
1787729859.563987, NoOp Chain Depth 64 Size 0 Mode ref, Ref Stage 45, run, start, 9848925402046061
1787729859.564010, NoOp Chain Depth 64 Size 0 Mode ref, Ref Stage 45, run, end, 9848925402069405
1787729859.564125, NoOp Chain Depth 64 Size 0 Mode ref, Ref Stage 46, run, start, 9848925402184557
1787729859.564148, NoOp Chain Depth 64 Size 0 Mode ref, Ref Stage 46, run, end, 9848925402206989
1787729859.564163, NoOp Chain Depth 64 Size 0 Mode ref, Ref Stage 47, run, start, 9848925402222237
1787729859.564185, NoOp Chain Depth 64 Size 0 Mode ref, Ref Stage 47, run, end, 9848925402243773
1787729859.564199, NoOp Chain Depth 64 Size 0 Mode ref, Ref Stage 48, run, start, 9848925402258541
1787729859.564223, NoOp Chain Depth 64 Size 0 Mode ref, Ref Stage 48, run, end, 9848925402281981
1787729859.564235, NoOp Chain Depth 64 Size 0 Mode ref, Ref Stage 49, run, start, 9848925402294061
1787729859.564269, NoOp Chain Depth 64 Size 0 Mode ref, Ref Stage 49, run, end, 9848925402327837
1787729859.564283, NoOp Chain Depth 64 Size 0 Mode ref, Ref Stage 50, run, start, 9848925402342685
1787729859.564305, NoOp Chain Depth 64 Size 0 Mode ref, Ref Stage 50, run, end, 9848925402364493
1787729859.564420, NoOp Chain Depth 64 Size 0 Mode ref, Ref Stage 51, run, start, 9848925402478973
1787729859.564442, NoOp Chain Depth 64 Size 0 Mode ref, Ref Stage 51, run, end, 9848925402500781
1787729859.564457, NoOp Chain Depth 64 Size 0 Mode ref, Ref Stage 52, run, start, 9848925402515885
1787729859.564478, NoOp Chain Depth 64 Size 0 Mode ref, Ref Stage 52, run, end, 9848925402537645
1787729859.564494, NoOp Chain Depth 64 Size 0 Mode ref, Ref Stage 53, run, start, 9848925402552813
1787729859.564515, NoOp Chain Depth 64 Size 0 Mode ref, Ref Stage 53, run, end, 9848925402574157
1787729859.564530, NoOp Chain Depth 64 Size 0 Mode ref, Ref Stage 54, run, start, 9848925402589069
1787729859.564553, NoOp Chain Depth 64 Size 0 Mode ref, Ref Stage 54, run, end, 9848925402612141
1787729859.564564, NoOp Chain Depth 64 Size 0 Mode ref, Ref Stage 55, run, start, 9848925402623933
1787729859.564599, NoOp Chain Depth 64 Size 0 Mode ref, Ref Stage 55, run, end, 9848925402658685
1787729859.564611, NoOp Chain Depth 64 Size 0 Mode ref, Ref Stage 56, run, start, 9848925402670637
1787729859.564646, NoOp Chain Depth 64 Size 0 Mode ref, Ref Stage 56, run, end, 9848925402704925
1787729859.564662, NoOp Chain Depth 64 Size 0 Mode ref, Ref Stage 57, run, start, 9848925402720973
1787729859.564685, NoOp Chain Depth 64 Size 0 Mode ref, Ref Stage 57, run, end, 9848925402744013
1787729859.564798, NoOp Chain Depth 64 Size 0 Mode ref, Ref Stage 58, run, start, 9848925402857773
1787729859.564821, NoOp Chain Depth 64 Size 0 Mode ref, Ref Stage 58, run, end, 9848925402879789
1787729859.564836, NoOp Chain Depth 64 Size 0 Mode ref, Ref Stage 59, run, start, 9848925402894893
1787729859.564857, NoOp Chain Depth 64 Size 0 Mode ref, Ref Stage 59, run, end, 9848925402916205
1787729859.564872, NoOp Chain Depth 64 Size 0 Mode ref, Ref Stage 60, run, start, 9848925402931277
1787729859.564893, NoOp Chain Depth 64 Size 0 Mode ref, Ref Stage 60, run, end, 9848925402952829
1787729859.564909, NoOp Chain Depth 64 Size 0 Mode ref, Ref Stage 61, run, start, 9848925402968093
1787729859.564930, NoOp Chain Depth 64 Size 0 Mode ref, Ref Stage 61, run, end, 9848925402989405
1787729859.564946, NoOp Chain Depth 64 Size 0 Mode ref, Ref Stage 62, run, start, 9848925403005517
1787729859.564972, NoOp Chain Depth 64 Size 0 Mode ref, Ref Stage 62, run, end, 9848925403031389
1787729859.564984, NoOp Chain Depth 64 Size 0 Mode ref, Ref Stage 63, run, start, 9848925403043533
1787729859.565112, NoOp Chain Depth 64 Size 0 Mode ref, Ref Stage 63, run, end, 9848925403171021
1787729859.565127, NoOp Chain Depth 64 Size 0 Mode ref, pipeline - train, run, end, 66585795192826048317485568948388483141, 1787729859.561489, 48, 1, 9848925403186141
1787729859.565161, NoOp Chain Depth 64 Size 0 Mode ref, pipeline - train, run, start, 319806191579006221761726912863360024898, 1787729859.565151, 49, 1, 9848925403220157
1787729859.565184, NoOp Chain Depth 64 Size 0 Mode ref, Ref Stage 0, run, start, 9848925403243309
1787729859.565206, NoOp Chain Depth 64 Size 0 Mode ref, Ref Stage 0, run, end, 9848925403264813
1787729859.565221, NoOp Chain Depth 64 Size 0 Mode ref, Ref Stage 1, run, start, 9848925403279805
1787729859.565244, NoOp Chain Depth 64 Size 0 Mode ref, Ref Stage 1, run, end, 9848925403303533
1787729859.565256, NoOp Chain Depth 64 Size 0 Mode ref, Ref Stage 2, run, start, 9848925403315469
1787729859.565289, NoOp Chain Depth 64 Size 0 Mode ref, Ref Stage 2, run, end, 9848925403347837
1787729859.565304, NoOp Chain Depth 64 Size 0 Mode ref, Ref Stage 3, run, start, 9848925403363005
1787729859.565325, NoOp Chain Depth 64 Size 0 Mode ref, Ref Stage 3, run, end, 9848925403384972
1787729859.565342, NoOp Chain Depth 64 Size 0 Mode ref, Ref Stage 4, run, start, 9848925403401196
1787729859.565371, NoOp Chain Depth 64 Size 0 Mode ref, Ref Stage 4, run, end, 9848925403430556
1787729859.565490, NoOp Chain Depth 64 Size 0 Mode ref, Ref Stage 5, run, start, 9848925403549548
1787729859.565513, NoOp Chain Depth 64 Size 0 Mode ref, Ref Stage 5, run, end, 9848925403571996
1787729859.565528, NoOp Chain Depth 64 Size 0 Mode ref, Ref Stage 6, run, start, 9848925403587564
1787729859.565551, NoOp Chain Depth 64 Size 0 Mode ref, Ref Stage 6, run, end, 9848925403610764
1787729859.565564, NoOp Chain Depth 64 Size 0 Mode ref, Ref Stage 7, run, start, 9848925403622988
1787729859.565596, NoOp Chain Depth 64 Size 0 Mode ref, Ref Stage 7, run, end, 9848925403655308
1787729859.565612, NoOp Chain Depth 64 Size 0 Mode ref, Ref Stage 8, run, start, 9848925403671052
1787729859.565633, NoOp Chain Depth 64 Size 0 Mode ref, Ref Stage 8, run, end, 9848925403692492
1787729859.565649, NoOp Chain Depth 64 Size 0 Mode ref, Ref Stage 9, run, start, 9848925403708268
1787729859.565674, NoOp Chain Depth 64 Size 0 Mode ref, Ref Stage 9, run, end, 9848925403732700
1787729859.565686, NoOp Chain Depth 64 Size 0 Mode ref, Ref Stage 10, run, start, 9848925403744732
1787729859.565816, NoOp Chain Depth 64 Size 0 Mode ref, Ref Stage 10, run, end, 9848925403875292
1787729859.565831, NoOp Chain Depth 64 Size 0 Mode ref, Ref Stage 11, run, start, 9848925403890732
1787729859.565854, NoOp Chain Depth 64 Size 0 Mode ref, Ref Stage 11, run, end, 9848925403913004
1787729859.565869, NoOp Chain Depth 64 Size 0 Mode ref, Ref Stage 12, run, start, 9848925403928348
1787729859.565891, NoOp Chain Depth 64 Size 0 Mode ref, Ref Stage 12, run, end, 9848925403950172
1787729859.565906, NoOp Chain Depth 64 Size 0 Mode ref, Ref Stage 13, run, start, 9848925403965340
1787729859.565929, NoOp Chain Depth 64 Size 0 Mode ref, Ref Stage 13, run, end, 9848925403988364
1787729859.565941, NoOp Chain Depth 64 Size 0 Mode ref, Ref Stage 14, run, start, 9848925404001708
1787729859.565975, NoOp Chain Depth 64 Size 0 Mode ref, Ref Stage 14, run, end, 9848925404034668
1787729859.565991, NoOp Chain Depth 64 Size 0 Mode ref, Ref Stage 15, run, start, 9848925404050028
1787729859.566014, NoOp Chain Depth 64 Size 0 Mode ref, Ref Stage 15, run, end, 9848925404073468
1787729859.566131, NoOp Chain Depth 64 Size 0 Mode ref, Ref Stage 16, run, start, 9848925404190188
1787729859.566153, NoOp Chain Depth 64 Size 0 Mode ref, Ref Stage 16, run, end, 9848925404212588
1787729859.566169, NoOp Chain Depth 64 Size 0 Mode ref, Ref Stage 17, run, start, 9848925404228028
1787729859.566190, NoOp Chain Depth 64 Size 0 Mode ref, Ref Stage 17, run, end, 9848925404249804
1787729859.566206, NoOp Chain Depth 64 Size 0 Mode ref, Ref Stage 18, run, start, 9848925404264828
1787729859.566229, NoOp Chain Depth 64 Size 0 Mode ref, Ref Stage 18, run, end, 9848925404288396
1787729859.566241, NoOp Chain Depth 64 Size 0 Mode ref, Ref Stage 19, run, start, 9848925404300252
1787729859.566273, NoOp Chain Depth 64 Size 0 Mode ref, Ref Stage 19, run, end, 9848925404332588
1787729859.566288, NoOp Chain Depth 64 Size 0 Mode ref, Ref Stage 20, run, start, 9848925404347548
1787729859.566310, NoOp Chain Depth 64 Size 0 Mode ref, Ref Stage 20, run, end, 9848925404369644
1787729859.566423, NoOp Chain Depth 64 Size 0 Mode ref, Ref Stage 21, run, start, 9848925404482812
1787729859.566446, NoOp Chain Depth 64 Size 0 Mode ref, Ref Stage 21, run, end, 9848925404505084
1787729859.566461, NoOp Chain Depth 64 Size 0 Mode ref, Ref Stage 22, run, start, 9848925404520540
1787729859.566483, NoOp Chain Depth 64 Size 0 Mode ref, Ref Stage 22, run, end, 9848925404542684
1787729859.566499, NoOp Chain Depth 64 Size 0 Mode ref, Ref Stage 23, run, start, 9848925404557868
1787729859.566521, NoOp Chain Depth 64 Size 0 Mode ref, Ref Stage 23, run, end, 9848925404580252
1787729859.566536, NoOp Chain Depth 64 Size 0 Mode ref, Ref Stage 24, run, start, 9848925404595692
1787729859.566558, NoOp Chain Depth 64 Size 0 Mode ref, Ref Stage 24, run, end, 9848925404617788
1787729859.566574, NoOp Chain Depth 64 Size 0 Mode ref, Ref Stage 25, run, start, 9848925404632956
1787729859.566599, NoOp Chain Depth 64 Size 0 Mode ref, Ref Stage 25, run, end, 9848925404658204
1787729859.566611, NoOp Chain Depth 64 Size 0 Mode ref, Ref Stage 26, run, start, 9848925404670188
1787729859.566644, NoOp Chain Depth 64 Size 0 Mode ref, Ref Stage 26, run, end, 9848925404703628
1787729859.566659, NoOp Chain Depth 64 Size 0 Mode ref, Ref Stage 27, run, start, 9848925404718620
1787729859.566681, NoOp Chain Depth 64 Size 0 Mode ref, Ref Stage 27, run, end, 9848925404740636
1787729859.566801, NoOp Chain Depth 64 Size 0 Mode ref, Ref Stage 28, run, start, 9848925404860908
1787729859.566824, NoOp Chain Depth 64 Size 0 Mode ref, Ref Stage 28, run, end, 9848925404883468
1787729859.566839, NoOp Chain Depth 64 Size 0 Mode ref, Ref Stage 29, run, start, 9848925404898524
1787729859.566861, NoOp Chain Depth 64 Size 0 Mode ref, Ref Stage 29, run, end, 9848925404920444
1787729859.566876, NoOp Chain Depth 64 Size 0 Mode ref, Ref Stage 30, run, start, 9848925404935660
1787729859.566898, NoOp Chain Depth 64 Size 0 Mode ref, Ref Stage 30, run, end, 9848925404957868
1787729859.566914, NoOp Chain Depth 64 Size 0 Mode ref, Ref Stage 31, run, start, 9848925404973516
1787729859.566936, NoOp Chain Depth 64 Size 0 Mode ref, Ref Stage 31, run, end, 9848925404995164
1787729859.566953, NoOp Chain Depth 64 Size 0 Mode ref, Ref Stage 32, run, start, 9848925405012476
1787729859.566976, NoOp Chain Depth 64 Size 0 Mode ref, Ref Stage 32, run, end, 9848925405034828
1787729859.567094, NoOp Chain Depth 64 Size 0 Mode ref, Ref Stage 33, run, start, 9848925405153036
1787729859.567116, NoOp Chain Depth 64 Size 0 Mode ref, Ref Stage 33, run, end, 9848925405175404
1787729859.567131, NoOp Chain Depth 64 Size 0 Mode ref, Ref Stage 34, run, start, 9848925405190652
1787729859.567155, NoOp Chain Depth 64 Size 0 Mode ref, Ref Stage 34, run, end, 9848925405213980
1787729859.567167, NoOp Chain Depth 64 Size 0 Mode ref, Ref Stage 35, run, start, 9848925405225707
1787729859.567200, NoOp Chain Depth 64 Size 0 Mode ref, Ref Stage 35, run, end, 9848925405259563
1787729859.567213, NoOp Chain Depth 64 Size 0 Mode ref, Ref Stage 36, run, start, 9848925405272219
1787729859.567245, NoOp Chain Depth 64 Size 0 Mode ref, Ref Stage 36, run, end, 9848925405304555
1787729859.567261, NoOp Chain Depth 64 Size 0 Mode ref, Ref Stage 37, run, start, 9848925405319755
1787729859.567282, NoOp Chain Depth 64 Size 0 Mode ref, Ref Stage 37, run, end, 9848925405341547
1787729859.567298, NoOp Chain Depth 64 Size 0 Mode ref, Ref Stage 38, run, start, 9848925405357259
1787729859.567323, NoOp Chain Depth 64 Size 0 Mode ref, Ref Stage 38, run, end, 9848925405382859
1787729859.567335, NoOp Chain Depth 64 Size 0 Mode ref, Ref Stage 39, run, start, 9848925405394699
1787729859.567470, NoOp Chain Depth 64 Size 0 Mode ref, Ref Stage 39, run, end, 9848925405529115
1787729859.567485, NoOp Chain Depth 64 Size 0 Mode ref, Ref Stage 40, run, start, 9848925405544059
1787729859.567506, NoOp Chain Depth 64 Size 0 Mode ref, Ref Stage 40, run, end, 9848925405565579
1787729859.567521, NoOp Chain Depth 64 Size 0 Mode ref, Ref Stage 41, run, start, 9848925405580187
1787729859.567543, NoOp Chain Depth 64 Size 0 Mode ref, Ref Stage 41, run, end, 9848925405601675
1787729859.567557, NoOp Chain Depth 64 Size 0 Mode ref, Ref Stage 42, run, start, 9848925405616891
1787729859.567581, NoOp Chain Depth 64 Size 0 Mode ref, Ref Stage 42, run, end, 9848925405639979
1787729859.567597, NoOp Chain Depth 64 Size 0 Mode ref, Ref Stage 43, run, start, 9848925405656139
1787729859.567619, NoOp Chain Depth 64 Size 0 Mode ref, Ref Stage 43, run, end, 9848925405678059
1787729859.567634, NoOp Chain Depth 64 Size 0 Mode ref, Ref Stage 44, run, start, 9848925405693627
1787729859.567656, NoOp Chain Depth 64 Size 0 Mode ref, Ref Stage 44, run, end, 9848925405715387
1787729859.567771, NoOp Chain Depth 64 Size 0 Mode ref, Ref Stage 45, run, start, 9848925405830187
1787729859.567793, NoOp Chain Depth 64 Size 0 Mode ref, Ref Stage 45, run, end, 9848925405852187
1787729859.567808, NoOp Chain Depth 64 Size 0 Mode ref, Ref Stage 46, run, start, 9848925405867307
1787729859.567832, NoOp Chain Depth 64 Size 0 Mode ref, Ref Stage 46, run, end, 9848925405890987
1787729859.567847, NoOp Chain Depth 64 Size 0 Mode ref, Ref Stage 47, run, start, 9848925405906459
1787729859.567870, NoOp Chain Depth 64 Size 0 Mode ref, Ref Stage 47, run, end, 9848925405929723
1787729859.567886, NoOp Chain Depth 64 Size 0 Mode ref, Ref Stage 48, run, start, 9848925405945723
1787729859.567908, NoOp Chain Depth 64 Size 0 Mode ref, Ref Stage 48, run, end, 9848925405967659
1787729859.567924, NoOp Chain Depth 64 Size 0 Mode ref, Ref Stage 49, run, start, 9848925405982987
1787729859.567947, NoOp Chain Depth 64 Size 0 Mode ref, Ref Stage 49, run, end, 9848925406006011
1787729859.567962, NoOp Chain Depth 64 Size 0 Mode ref, Ref Stage 50, run, start, 9848925406021835
1787729859.567986, NoOp Chain Depth 64 Size 0 Mode ref, Ref Stage 50, run, end, 9848925406045387
1787729859.567998, NoOp Chain Depth 64 Size 0 Mode ref, Ref Stage 51, run, start, 9848925406057371
1787729859.568034, NoOp Chain Depth 64 Size 0 Mode ref, Ref Stage 51, run, end, 9848925406093259
1787729859.568047, NoOp Chain Depth 64 Size 0 Mode ref, Ref Stage 52, run, start, 9848925406105995
1787729859.568177, NoOp Chain Depth 64 Size 0 Mode ref, Ref Stage 52, run, end, 9848925406236139
1787729859.568192, NoOp Chain Depth 64 Size 0 Mode ref, Ref Stage 53, run, start, 9848925406251131
1787729859.568213, NoOp Chain Depth 64 Size 0 Mode ref, Ref Stage 53, run, end, 9848925406272619
1787729859.568229, NoOp Chain Depth 64 Size 0 Mode ref, Ref Stage 54, run, start, 9848925406287819
1787729859.568252, NoOp Chain Depth 64 Size 0 Mode ref, Ref Stage 54, run, end, 9848925406310843
1787729859.568263, NoOp Chain Depth 64 Size 0 Mode ref, Ref Stage 55, run, start, 9848925406322667
1787729859.568296, NoOp Chain Depth 64 Size 0 Mode ref, Ref Stage 55, run, end, 9848925406354987
1787729859.568311, NoOp Chain Depth 64 Size 0 Mode ref, Ref Stage 56, run, start, 9848925406370475
1787729859.568333, NoOp Chain Depth 64 Size 0 Mode ref, Ref Stage 56, run, end, 9848925406392635
1787729859.568446, NoOp Chain Depth 64 Size 0 Mode ref, Ref Stage 57, run, start, 9848925406505595
1787729859.568469, NoOp Chain Depth 64 Size 0 Mode ref, Ref Stage 57, run, end, 9848925406528091
1787729859.568484, NoOp Chain Depth 64 Size 0 Mode ref, Ref Stage 58, run, start, 9848925406543835
1787729859.568506, NoOp Chain Depth 64 Size 0 Mode ref, Ref Stage 58, run, end, 9848925406565531
1787729859.568521, NoOp Chain Depth 64 Size 0 Mode ref, Ref Stage 59, run, start, 9848925406580507
1787729859.568543, NoOp Chain Depth 64 Size 0 Mode ref, Ref Stage 59, run, end, 9848925406602331
1787729859.568558, NoOp Chain Depth 64 Size 0 Mode ref, Ref Stage 60, run, start, 9848925406617403
1787729859.568579, NoOp Chain Depth 64 Size 0 Mode ref, Ref Stage 60, run, end, 9848925406638763
1787729859.568594, NoOp Chain Depth 64 Size 0 Mode ref, Ref Stage 61, run, start, 9848925406653643
1787729859.568618, NoOp Chain Depth 64 Size 0 Mode ref, Ref Stage 61, run, end, 9848925406676891
1787729859.568630, NoOp Chain Depth 64 Size 0 Mode ref, Ref Stage 62, run, start, 9848925406688779
1787729859.568665, NoOp Chain Depth 64 Size 0 Mode ref, Ref Stage 62, run, end, 9848925406724475
1787729859.568678, NoOp Chain Depth 64 Size 0 Mode ref, Ref Stage 63, run, start, 9848925406737659
1787729859.568711, NoOp Chain Depth 64 Size 0 Mode ref, Ref Stage 63, run, end, 9848925406770411
1787729859.568827, NoOp Chain Depth 64 Size 0 Mode ref, pipeline - train, run, end, 319806191579006221761726912863360024898, 1787729859.565151, 49, 1, 9848925406886475
1787729859.568862, NoOp Chain Depth 64 Size 0 Mode ref, pipeline - train, run, start, 137821515856586770187814114153332824091, 1787729859.568852, 50, 1, 9848925406921083
1787729859.568885, NoOp Chain Depth 64 Size 0 Mode ref, Ref Stage 0, run, start, 9848925406944251
1787729859.568907, NoOp Chain Depth 64 Size 0 Mode ref, Ref Stage 0, run, end, 9848925406966763
1787729859.568923, NoOp Chain Depth 64 Size 0 Mode ref, Ref Stage 1, run, start, 9848925406982139
1787729859.568948, NoOp Chain Depth 64 Size 0 Mode ref, Ref Stage 1, run, end, 9848925407007003
1787729859.568963, NoOp Chain Depth 64 Size 0 Mode ref, Ref Stage 2, run, start, 9848925407022731
1787729859.568986, NoOp Chain Depth 64 Size 0 Mode ref, Ref Stage 2, run, end, 9848925407045563
1787729859.569002, NoOp Chain Depth 64 Size 0 Mode ref, Ref Stage 3, run, start, 9848925407061819
1787729859.569025, NoOp Chain Depth 64 Size 0 Mode ref, Ref Stage 3, run, end, 9848925407084043
1787729859.569139, NoOp Chain Depth 64 Size 0 Mode ref, Ref Stage 4, run, start, 9848925407197867
1787729859.569160, NoOp Chain Depth 64 Size 0 Mode ref, Ref Stage 4, run, end, 9848925407219739
1787729859.569175, NoOp Chain Depth 64 Size 0 Mode ref, Ref Stage 5, run, start, 9848925407235067
1787729859.569198, NoOp Chain Depth 64 Size 0 Mode ref, Ref Stage 5, run, end, 9848925407256794
1787729859.569212, NoOp Chain Depth 64 Size 0 Mode ref, Ref Stage 6, run, start, 9848925407271498
1787729859.569234, NoOp Chain Depth 64 Size 0 Mode ref, Ref Stage 6, run, end, 9848925407293146
1787729859.569249, NoOp Chain Depth 64 Size 0 Mode ref, Ref Stage 7, run, start, 9848925407308186
1787729859.569270, NoOp Chain Depth 64 Size 0 Mode ref, Ref Stage 7, run, end, 9848925407329610
1787729859.569285, NoOp Chain Depth 64 Size 0 Mode ref, Ref Stage 8, run, start, 9848925407344426
1787729859.569308, NoOp Chain Depth 64 Size 0 Mode ref, Ref Stage 8, run, end, 9848925407367450
1787729859.569320, NoOp Chain Depth 64 Size 0 Mode ref, Ref Stage 9, run, start, 9848925407379418
1787729859.569352, NoOp Chain Depth 64 Size 0 Mode ref, Ref Stage 9, run, end, 9848925407411258
1787729859.569367, NoOp Chain Depth 64 Size 0 Mode ref, Ref Stage 10, run, start, 9848925407426442
1787729859.569390, NoOp Chain Depth 64 Size 0 Mode ref, Ref Stage 10, run, end, 9848925407449402
1787729859.569406, NoOp Chain Depth 64 Size 0 Mode ref, Ref Stage 11, run, start, 9848925407466458
1787729859.569429, NoOp Chain Depth 64 Size 0 Mode ref, Ref Stage 11, run, end, 9848925407488330
1787729859.569444, NoOp Chain Depth 64 Size 0 Mode ref, Ref Stage 12, run, start, 9848925407503098
1787729859.569467, NoOp Chain Depth 64 Size 0 Mode ref, Ref Stage 12, run, end, 9848925407526778
1787729859.569482, NoOp Chain Depth 64 Size 0 Mode ref, Ref Stage 13, run, start, 9848925407541626
1787729859.569507, NoOp Chain Depth 64 Size 0 Mode ref, Ref Stage 13, run, end, 9848925407566346
1787729859.569524, NoOp Chain Depth 64 Size 0 Mode ref, Ref Stage 14, run, start, 9848925407582954
1787729859.569546, NoOp Chain Depth 64 Size 0 Mode ref, Ref Stage 14, run, end, 9848925407605834
1787729859.569659, NoOp Chain Depth 64 Size 0 Mode ref, Ref Stage 15, run, start, 9848925407718794
1787729859.569681, NoOp Chain Depth 64 Size 0 Mode ref, Ref Stage 15, run, end, 9848925407740778
1787729859.569697, NoOp Chain Depth 64 Size 0 Mode ref, Ref Stage 16, run, start, 9848925407756090
1787729859.569718, NoOp Chain Depth 64 Size 0 Mode ref, Ref Stage 16, run, end, 9848925407777626
1787729859.569733, NoOp Chain Depth 64 Size 0 Mode ref, Ref Stage 17, run, start, 9848925407792682
1787729859.569757, NoOp Chain Depth 64 Size 0 Mode ref, Ref Stage 17, run, end, 9848925407815866
1787729859.569772, NoOp Chain Depth 64 Size 0 Mode ref, Ref Stage 18, run, start, 9848925407832010
1787729859.569794, NoOp Chain Depth 64 Size 0 Mode ref, Ref Stage 18, run, end, 9848925407853322
1787729859.569906, NoOp Chain Depth 64 Size 0 Mode ref, Ref Stage 19, run, start, 9848925407965914
1787729859.569928, NoOp Chain Depth 64 Size 0 Mode ref, Ref Stage 19, run, end, 9848925407987850
1787729859.569945, NoOp Chain Depth 64 Size 0 Mode ref, Ref Stage 20, run, start, 9848925408004362
1787729859.569969, NoOp Chain Depth 64 Size 0 Mode ref, Ref Stage 20, run, end, 9848925408028154
1787729859.569981, NoOp Chain Depth 64 Size 0 Mode ref, Ref Stage 21, run, start, 9848925408040010
1787729859.570016, NoOp Chain Depth 64 Size 0 Mode ref, Ref Stage 21, run, end, 9848925408074938
1787729859.570028, NoOp Chain Depth 64 Size 0 Mode ref, Ref Stage 22, run, start, 9848925408086794
1787729859.570061, NoOp Chain Depth 64 Size 0 Mode ref, Ref Stage 22, run, end, 9848925408120426
1787729859.570077, NoOp Chain Depth 64 Size 0 Mode ref, Ref Stage 23, run, start, 9848925408136026
1787729859.570098, NoOp Chain Depth 64 Size 0 Mode ref, Ref Stage 23, run, end, 9848925408157834
1787729859.570113, NoOp Chain Depth 64 Size 0 Mode ref, Ref Stage 24, run, start, 9848925408172938
1787729859.570136, NoOp Chain Depth 64 Size 0 Mode ref, Ref Stage 24, run, end, 9848925408194858
1787729859.570151, NoOp Chain Depth 64 Size 0 Mode ref, Ref Stage 25, run, start, 9848925408210058
1787729859.570173, NoOp Chain Depth 64 Size 0 Mode ref, Ref Stage 25, run, end, 9848925408232250
1787729859.570287, NoOp Chain Depth 64 Size 0 Mode ref, Ref Stage 26, run, start, 9848925408346602
1787729859.570310, NoOp Chain Depth 64 Size 0 Mode ref, Ref Stage 26, run, end, 9848925408368858
1787729859.570325, NoOp Chain Depth 64 Size 0 Mode ref, Ref Stage 27, run, start, 9848925408384026
1787729859.570348, NoOp Chain Depth 64 Size 0 Mode ref, Ref Stage 27, run, end, 9848925408407354
1787729859.570360, NoOp Chain Depth 64 Size 0 Mode ref, Ref Stage 28, run, start, 9848925408419386
1787729859.570392, NoOp Chain Depth 64 Size 0 Mode ref, Ref Stage 28, run, end, 9848925408451738
1787729859.570407, NoOp Chain Depth 64 Size 0 Mode ref, Ref Stage 29, run, start, 9848925408466666
1787729859.570429, NoOp Chain Depth 64 Size 0 Mode ref, Ref Stage 29, run, end, 9848925408488522
1787729859.570445, NoOp Chain Depth 64 Size 0 Mode ref, Ref Stage 30, run, start, 9848925408504154
1787729859.570467, NoOp Chain Depth 64 Size 0 Mode ref, Ref Stage 30, run, end, 9848925408525978
1787729859.570580, NoOp Chain Depth 64 Size 0 Mode ref, Ref Stage 31, run, start, 9848925408638826
1787729859.570601, NoOp Chain Depth 64 Size 0 Mode ref, Ref Stage 31, run, end, 9848925408660906
1787729859.570616, NoOp Chain Depth 64 Size 0 Mode ref, Ref Stage 32, run, start, 9848925408675978
1787729859.570640, NoOp Chain Depth 64 Size 0 Mode ref, Ref Stage 32, run, end, 9848925408699002
1787729859.570652, NoOp Chain Depth 64 Size 0 Mode ref, Ref Stage 33, run, start, 9848925408710890
1787729859.570684, NoOp Chain Depth 64 Size 0 Mode ref, Ref Stage 33, run, end, 9848925408743034
1787729859.570699, NoOp Chain Depth 64 Size 0 Mode ref, Ref Stage 34, run, start, 9848925408758106
1787729859.570723, NoOp Chain Depth 64 Size 0 Mode ref, Ref Stage 34, run, end, 9848925408782010
1787729859.570735, NoOp Chain Depth 64 Size 0 Mode ref, Ref Stage 35, run, start, 9848925408794090
1787729859.570767, NoOp Chain Depth 64 Size 0 Mode ref, Ref Stage 35, run, end, 9848925408825978
1787729859.570782, NoOp Chain Depth 64 Size 0 Mode ref, Ref Stage 36, run, start, 9848925408841770
1787729859.570805, NoOp Chain Depth 64 Size 0 Mode ref, Ref Stage 36, run, end, 9848925408863754
1787729859.570820, NoOp Chain Depth 64 Size 0 Mode ref, Ref Stage 37, run, start, 9848925408878810
1787729859.570846, NoOp Chain Depth 64 Size 0 Mode ref, Ref Stage 37, run, end, 9848925408905098
1787729859.570859, NoOp Chain Depth 64 Size 0 Mode ref, Ref Stage 38, run, start, 9848925408918042
1787729859.570989, NoOp Chain Depth 64 Size 0 Mode ref, Ref Stage 38, run, end, 9848925409048570
1787729859.571004, NoOp Chain Depth 64 Size 0 Mode ref, Ref Stage 39, run, start, 9848925409063594
1787729859.571026, NoOp Chain Depth 64 Size 0 Mode ref, Ref Stage 39, run, end, 9848925409085258
1787729859.571041, NoOp Chain Depth 64 Size 0 Mode ref, Ref Stage 40, run, start, 9848925409100426
1787729859.571063, NoOp Chain Depth 64 Size 0 Mode ref, Ref Stage 40, run, end, 9848925409122522
1787729859.571078, NoOp Chain Depth 64 Size 0 Mode ref, Ref Stage 41, run, start, 9848925409137722
1787729859.571100, NoOp Chain Depth 64 Size 0 Mode ref, Ref Stage 41, run, end, 9848925409159162
1787729859.571115, NoOp Chain Depth 64 Size 0 Mode ref, Ref Stage 42, run, start, 9848925409174457
1787729859.571137, NoOp Chain Depth 64 Size 0 Mode ref, Ref Stage 42, run, end, 9848925409196201
1787729859.571255, NoOp Chain Depth 64 Size 0 Mode ref, Ref Stage 43, run, start, 9848925409314233
1787729859.571279, NoOp Chain Depth 64 Size 0 Mode ref, Ref Stage 43, run, end, 9848925409338457
1787729859.571295, NoOp Chain Depth 64 Size 0 Mode ref, Ref Stage 44, run, start, 9848925409353961
1787729859.571316, NoOp Chain Depth 64 Size 0 Mode ref, Ref Stage 44, run, end, 9848925409375689
1787729859.571331, NoOp Chain Depth 64 Size 0 Mode ref, Ref Stage 45, run, start, 9848925409390473
1787729859.571355, NoOp Chain Depth 64 Size 0 Mode ref, Ref Stage 45, run, end, 9848925409414377
1787729859.571367, NoOp Chain Depth 64 Size 0 Mode ref, Ref Stage 46, run, start, 9848925409426297
1787729859.571399, NoOp Chain Depth 64 Size 0 Mode ref, Ref Stage 46, run, end, 9848925409458249
1787729859.571415, NoOp Chain Depth 64 Size 0 Mode ref, Ref Stage 47, run, start, 9848925409474265
1787729859.571437, NoOp Chain Depth 64 Size 0 Mode ref, Ref Stage 47, run, end, 9848925409496281
1787729859.571452, NoOp Chain Depth 64 Size 0 Mode ref, Ref Stage 48, run, start, 9848925409511577
1787729859.571474, NoOp Chain Depth 64 Size 0 Mode ref, Ref Stage 48, run, end, 9848925409533577
1787729859.571490, NoOp Chain Depth 64 Size 0 Mode ref, Ref Stage 49, run, start, 9848925409549193
1787729859.571512, NoOp Chain Depth 64 Size 0 Mode ref, Ref Stage 49, run, end, 9848925409571097
1787729859.571628, NoOp Chain Depth 64 Size 0 Mode ref, Ref Stage 50, run, start, 9848925409687785
1787729859.571651, NoOp Chain Depth 64 Size 0 Mode ref, Ref Stage 50, run, end, 9848925409709977
1787729859.571666, NoOp Chain Depth 64 Size 0 Mode ref, Ref Stage 51, run, start, 9848925409725417
1787729859.571688, NoOp Chain Depth 64 Size 0 Mode ref, Ref Stage 51, run, end, 9848925409747481
1787729859.571703, NoOp Chain Depth 64 Size 0 Mode ref, Ref Stage 52, run, start, 9848925409762553
1787729859.571725, NoOp Chain Depth 64 Size 0 Mode ref, Ref Stage 52, run, end, 9848925409784153
1787729859.571740, NoOp Chain Depth 64 Size 0 Mode ref, Ref Stage 53, run, start, 9848925409799353
1787729859.571764, NoOp Chain Depth 64 Size 0 Mode ref, Ref Stage 53, run, end, 9848925409822937
1787729859.571777, NoOp Chain Depth 64 Size 0 Mode ref, Ref Stage 54, run, start, 9848925409836585
1787729859.571910, NoOp Chain Depth 64 Size 0 Mode ref, Ref Stage 54, run, end, 9848925409969145
1787729859.571925, NoOp Chain Depth 64 Size 0 Mode ref, Ref Stage 55, run, start, 9848925409984505
1787729859.571948, NoOp Chain Depth 64 Size 0 Mode ref, Ref Stage 55, run, end, 9848925410007497
1787729859.571964, NoOp Chain Depth 64 Size 0 Mode ref, Ref Stage 56, run, start, 9848925410023065
1787729859.571987, NoOp Chain Depth 64 Size 0 Mode ref, Ref Stage 56, run, end, 9848925410046745
1787729859.571999, NoOp Chain Depth 64 Size 0 Mode ref, Ref Stage 57, run, start, 9848925410058441
1787729859.572033, NoOp Chain Depth 64 Size 0 Mode ref, Ref Stage 57, run, end, 9848925410092745
1787729859.572045, NoOp Chain Depth 64 Size 0 Mode ref, Ref Stage 58, run, start, 9848925410104697
1787729859.572077, NoOp Chain Depth 64 Size 0 Mode ref, Ref Stage 58, run, end, 9848925410136633
1787729859.572093, NoOp Chain Depth 64 Size 0 Mode ref, Ref Stage 59, run, start, 9848925410152345
1787729859.572115, NoOp Chain Depth 64 Size 0 Mode ref, Ref Stage 59, run, end, 9848925410174585
1787729859.572130, NoOp Chain Depth 64 Size 0 Mode ref, Ref Stage 60, run, start, 9848925410189593
1787729859.572154, NoOp Chain Depth 64 Size 0 Mode ref, Ref Stage 60, run, end, 9848925410213049
1787729859.572270, NoOp Chain Depth 64 Size 0 Mode ref, Ref Stage 61, run, start, 9848925410328985
1787729859.572292, NoOp Chain Depth 64 Size 0 Mode ref, Ref Stage 61, run, end, 9848925410351193
1787729859.572307, NoOp Chain Depth 64 Size 0 Mode ref, Ref Stage 62, run, start, 9848925410366217
1787729859.572328, NoOp Chain Depth 64 Size 0 Mode ref, Ref Stage 62, run, end, 9848925410387753
1787729859.572344, NoOp Chain Depth 64 Size 0 Mode ref, Ref Stage 63, run, start, 9848925410403177
1787729859.572367, NoOp Chain Depth 64 Size 0 Mode ref, Ref Stage 63, run, end, 9848925410426137
1787729859.572379, NoOp Chain Depth 64 Size 0 Mode ref, pipeline - train, run, end, 137821515856586770187814114153332824091, 1787729859.568852, 50, 1, 9848925410438041
1787729859.572425, NoOp Chain Depth 64 Size 0 Mode ref, pipeline - train, run, start, 293507585739521038332301542097107783254, 1787729859.572415, 51, 1, 9848925410484265
1787729859.572448, NoOp Chain Depth 64 Size 0 Mode ref, Ref Stage 0, run, start, 9848925410508057
1787729859.572472, NoOp Chain Depth 64 Size 0 Mode ref, Ref Stage 0, run, end, 9848925410531721
1787729859.572586, NoOp Chain Depth 64 Size 0 Mode ref, Ref Stage 1, run, start, 9848925410645369
1787729859.572609, NoOp Chain Depth 64 Size 0 Mode ref, Ref Stage 1, run, end, 9848925410668169
1787729859.572624, NoOp Chain Depth 64 Size 0 Mode ref, Ref Stage 2, run, start, 9848925410683593
1787729859.572646, NoOp Chain Depth 64 Size 0 Mode ref, Ref Stage 2, run, end, 9848925410705273
1787729859.572661, NoOp Chain Depth 64 Size 0 Mode ref, Ref Stage 3, run, start, 9848925410720377
1787729859.572683, NoOp Chain Depth 64 Size 0 Mode ref, Ref Stage 3, run, end, 9848925410742345
1787729859.572698, NoOp Chain Depth 64 Size 0 Mode ref, Ref Stage 4, run, start, 9848925410757737
1787729859.572720, NoOp Chain Depth 64 Size 0 Mode ref, Ref Stage 4, run, end, 9848925410779385
1787729859.572735, NoOp Chain Depth 64 Size 0 Mode ref, Ref Stage 5, run, start, 9848925410794473
1787729859.572757, NoOp Chain Depth 64 Size 0 Mode ref, Ref Stage 5, run, end, 9848925410816281
1787729859.572772, NoOp Chain Depth 64 Size 0 Mode ref, Ref Stage 6, run, start, 9848925410831609
1787729859.572794, NoOp Chain Depth 64 Size 0 Mode ref, Ref Stage 6, run, end, 9848925410853593
1787729859.572810, NoOp Chain Depth 64 Size 0 Mode ref, Ref Stage 7, run, start, 9848925410869145
1787729859.572836, NoOp Chain Depth 64 Size 0 Mode ref, Ref Stage 7, run, end, 9848925410895209
1787729859.572850, NoOp Chain Depth 64 Size 0 Mode ref, Ref Stage 8, run, start, 9848925410909049
1787729859.572981, NoOp Chain Depth 64 Size 0 Mode ref, Ref Stage 8, run, end, 9848925411040392
1787729859.572997, NoOp Chain Depth 64 Size 0 Mode ref, Ref Stage 9, run, start, 9848925411055832
1787729859.573018, NoOp Chain Depth 64 Size 0 Mode ref, Ref Stage 9, run, end, 9848925411077448
1787729859.573033, NoOp Chain Depth 64 Size 0 Mode ref, Ref Stage 10, run, start, 9848925411092440
1787729859.573055, NoOp Chain Depth 64 Size 0 Mode ref, Ref Stage 10, run, end, 9848925411113976
1787729859.573069, NoOp Chain Depth 64 Size 0 Mode ref, Ref Stage 11, run, start, 9848925411128744
1787729859.573091, NoOp Chain Depth 64 Size 0 Mode ref, Ref Stage 11, run, end, 9848925411150152
1787729859.573106, NoOp Chain Depth 64 Size 0 Mode ref, Ref Stage 12, run, start, 9848925411165176
1787729859.573128, NoOp Chain Depth 64 Size 0 Mode ref, Ref Stage 12, run, end, 9848925411186728
1787729859.573143, NoOp Chain Depth 64 Size 0 Mode ref, Ref Stage 13, run, start, 9848925411202312
1787729859.573165, NoOp Chain Depth 64 Size 0 Mode ref, Ref Stage 13, run, end, 9848925411224376
1787729859.573282, NoOp Chain Depth 64 Size 0 Mode ref, Ref Stage 14, run, start, 9848925411341448
1787729859.573305, NoOp Chain Depth 64 Size 0 Mode ref, Ref Stage 14, run, end, 9848925411363816
1787729859.573320, NoOp Chain Depth 64 Size 0 Mode ref, Ref Stage 15, run, start, 9848925411379224
1787729859.573342, NoOp Chain Depth 64 Size 0 Mode ref, Ref Stage 15, run, end, 9848925411401032
1787729859.573357, NoOp Chain Depth 64 Size 0 Mode ref, Ref Stage 16, run, start, 9848925411416248
1787729859.573379, NoOp Chain Depth 64 Size 0 Mode ref, Ref Stage 16, run, end, 9848925411438152
1787729859.573394, NoOp Chain Depth 64 Size 0 Mode ref, Ref Stage 17, run, start, 9848925411453528
1787729859.573417, NoOp Chain Depth 64 Size 0 Mode ref, Ref Stage 17, run, end, 9848925411475960
1787729859.573432, NoOp Chain Depth 64 Size 0 Mode ref, Ref Stage 18, run, start, 9848925411491784
1787729859.573456, NoOp Chain Depth 64 Size 0 Mode ref, Ref Stage 18, run, end, 9848925411515656
1787729859.573468, NoOp Chain Depth 64 Size 0 Mode ref, Ref Stage 19, run, start, 9848925411527784
1787729859.573505, NoOp Chain Depth 64 Size 0 Mode ref, Ref Stage 19, run, end, 9848925411564120
1787729859.573520, NoOp Chain Depth 64 Size 0 Mode ref, Ref Stage 20, run, start, 9848925411579544
1787729859.573543, NoOp Chain Depth 64 Size 0 Mode ref, Ref Stage 20, run, end, 9848925411602392
1787729859.573560, NoOp Chain Depth 64 Size 0 Mode ref, Ref Stage 21, run, start, 9848925411618840
1787729859.573581, NoOp Chain Depth 64 Size 0 Mode ref, Ref Stage 21, run, end, 9848925411640296
1787729859.573697, NoOp Chain Depth 64 Size 0 Mode ref, Ref Stage 22, run, start, 9848925411756280
1787729859.573719, NoOp Chain Depth 64 Size 0 Mode ref, Ref Stage 22, run, end, 9848925411778440
1787729859.573734, NoOp Chain Depth 64 Size 0 Mode ref, Ref Stage 23, run, start, 9848925411793304
1787729859.573756, NoOp Chain Depth 64 Size 0 Mode ref, Ref Stage 23, run, end, 9848925411814744
1787729859.573770, NoOp Chain Depth 64 Size 0 Mode ref, Ref Stage 24, run, start, 9848925411829624
1787729859.573792, NoOp Chain Depth 64 Size 0 Mode ref, Ref Stage 24, run, end, 9848925411851192
1787729859.573807, NoOp Chain Depth 64 Size 0 Mode ref, Ref Stage 25, run, start, 9848925411866360
1787729859.573838, NoOp Chain Depth 64 Size 0 Mode ref, Ref Stage 25, run, end, 9848925411896824
1787729859.573850, NoOp Chain Depth 64 Size 0 Mode ref, Ref Stage 26, run, start, 9848925411909256
1787729859.573982, NoOp Chain Depth 64 Size 0 Mode ref, Ref Stage 26, run, end, 9848925412041080
1787729859.573997, NoOp Chain Depth 64 Size 0 Mode ref, Ref Stage 27, run, start, 9848925412056232
1787729859.574018, NoOp Chain Depth 64 Size 0 Mode ref, Ref Stage 27, run, end, 9848925412077544
1787729859.574033, NoOp Chain Depth 64 Size 0 Mode ref, Ref Stage 28, run, start, 9848925412092328
1787729859.574054, NoOp Chain Depth 64 Size 0 Mode ref, Ref Stage 28, run, end, 9848925412113752
1787729859.574069, NoOp Chain Depth 64 Size 0 Mode ref, Ref Stage 29, run, start, 9848925412128728
1787729859.574091, NoOp Chain Depth 64 Size 0 Mode ref, Ref Stage 29, run, end, 9848925412150152
1787729859.574106, NoOp Chain Depth 64 Size 0 Mode ref, Ref Stage 30, run, start, 9848925412165336
1787729859.574129, NoOp Chain Depth 64 Size 0 Mode ref, Ref Stage 30, run, end, 9848925412188648
1787729859.574141, NoOp Chain Depth 64 Size 0 Mode ref, Ref Stage 31, run, start, 9848925412200584
1787729859.574174, NoOp Chain Depth 64 Size 0 Mode ref, Ref Stage 31, run, end, 9848925412233176
1787729859.574189, NoOp Chain Depth 64 Size 0 Mode ref, Ref Stage 32, run, start, 9848925412248664
1787729859.574211, NoOp Chain Depth 64 Size 0 Mode ref, Ref Stage 32, run, end, 9848925412270456
1787729859.574328, NoOp Chain Depth 64 Size 0 Mode ref, Ref Stage 33, run, start, 9848925412387768
1787729859.574351, NoOp Chain Depth 64 Size 0 Mode ref, Ref Stage 33, run, end, 9848925412409912
1787729859.574366, NoOp Chain Depth 64 Size 0 Mode ref, Ref Stage 34, run, start, 9848925412425224
1787729859.574388, NoOp Chain Depth 64 Size 0 Mode ref, Ref Stage 34, run, end, 9848925412446968
1787729859.574403, NoOp Chain Depth 64 Size 0 Mode ref, Ref Stage 35, run, start, 9848925412462248
1787729859.574425, NoOp Chain Depth 64 Size 0 Mode ref, Ref Stage 35, run, end, 9848925412483832
1787729859.574440, NoOp Chain Depth 64 Size 0 Mode ref, Ref Stage 36, run, start, 9848925412498888
1787729859.574464, NoOp Chain Depth 64 Size 0 Mode ref, Ref Stage 36, run, end, 9848925412523624
1787729859.574476, NoOp Chain Depth 64 Size 0 Mode ref, Ref Stage 37, run, start, 9848925412535768
1787729859.574605, NoOp Chain Depth 64 Size 0 Mode ref, Ref Stage 37, run, end, 9848925412664568
1787729859.574620, NoOp Chain Depth 64 Size 0 Mode ref, Ref Stage 38, run, start, 9848925412679544
1787729859.574642, NoOp Chain Depth 64 Size 0 Mode ref, Ref Stage 38, run, end, 9848925412701368
1787729859.574657, NoOp Chain Depth 64 Size 0 Mode ref, Ref Stage 39, run, start, 9848925412716552
1787729859.574679, NoOp Chain Depth 64 Size 0 Mode ref, Ref Stage 39, run, end, 9848925412738248
1787729859.574694, NoOp Chain Depth 64 Size 0 Mode ref, Ref Stage 40, run, start, 9848925412753448
1787729859.574718, NoOp Chain Depth 64 Size 0 Mode ref, Ref Stage 40, run, end, 9848925412776920
1787729859.574733, NoOp Chain Depth 64 Size 0 Mode ref, Ref Stage 41, run, start, 9848925412791896
1787729859.574754, NoOp Chain Depth 64 Size 0 Mode ref, Ref Stage 41, run, end, 9848925412813448
1787729859.574769, NoOp Chain Depth 64 Size 0 Mode ref, Ref Stage 42, run, start, 9848925412828584
1787729859.574793, NoOp Chain Depth 64 Size 0 Mode ref, Ref Stage 42, run, end, 9848925412852056
1787729859.574805, NoOp Chain Depth 64 Size 0 Mode ref, Ref Stage 43, run, start, 9848925412863752
1787729859.574838, NoOp Chain Depth 64 Size 0 Mode ref, Ref Stage 43, run, end, 9848925412897351
1787729859.574956, NoOp Chain Depth 64 Size 0 Mode ref, Ref Stage 44, run, start, 9848925413015431
1787729859.574979, NoOp Chain Depth 64 Size 0 Mode ref, Ref Stage 44, run, end, 9848925413038503
1787729859.574994, NoOp Chain Depth 64 Size 0 Mode ref, Ref Stage 45, run, start, 9848925413053751
1787729859.575016, NoOp Chain Depth 64 Size 0 Mode ref, Ref Stage 45, run, end, 9848925413075479
1787729859.575031, NoOp Chain Depth 64 Size 0 Mode ref, Ref Stage 46, run, start, 9848925413090599
1787729859.575053, NoOp Chain Depth 64 Size 0 Mode ref, Ref Stage 46, run, end, 9848925413112055
1787729859.575068, NoOp Chain Depth 64 Size 0 Mode ref, Ref Stage 47, run, start, 9848925413127367
1787729859.575090, NoOp Chain Depth 64 Size 0 Mode ref, Ref Stage 47, run, end, 9848925413149031
1787729859.575105, NoOp Chain Depth 64 Size 0 Mode ref, Ref Stage 48, run, start, 9848925413164183
1787729859.575127, NoOp Chain Depth 64 Size 0 Mode ref, Ref Stage 48, run, end, 9848925413186183
1787729859.575142, NoOp Chain Depth 64 Size 0 Mode ref, Ref Stage 49, run, start, 9848925413201735
1787729859.575164, NoOp Chain Depth 64 Size 0 Mode ref, Ref Stage 49, run, end, 9848925413223559
1787729859.575277, NoOp Chain Depth 64 Size 0 Mode ref, Ref Stage 50, run, start, 9848925413336247
1787729859.575300, NoOp Chain Depth 64 Size 0 Mode ref, Ref Stage 50, run, end, 9848925413358839
1787729859.575315, NoOp Chain Depth 64 Size 0 Mode ref, Ref Stage 51, run, start, 9848925413374087
1787729859.575336, NoOp Chain Depth 64 Size 0 Mode ref, Ref Stage 51, run, end, 9848925413395591
1787729859.575351, NoOp Chain Depth 64 Size 0 Mode ref, Ref Stage 52, run, start, 9848925413410567
1787729859.575375, NoOp Chain Depth 64 Size 0 Mode ref, Ref Stage 52, run, end, 9848925413434263
1787729859.575387, NoOp Chain Depth 64 Size 0 Mode ref, Ref Stage 53, run, start, 9848925413446391
1787729859.575421, NoOp Chain Depth 64 Size 0 Mode ref, Ref Stage 53, run, end, 9848925413479943
1787729859.575436, NoOp Chain Depth 64 Size 0 Mode ref, Ref Stage 54, run, start, 9848925413495303
1787729859.575458, NoOp Chain Depth 64 Size 0 Mode ref, Ref Stage 54, run, end, 9848925413516951
1787729859.575473, NoOp Chain Depth 64 Size 0 Mode ref, Ref Stage 55, run, start, 9848925413532087
1787729859.575495, NoOp Chain Depth 64 Size 0 Mode ref, Ref Stage 55, run, end, 9848925413554263
1787729859.575511, NoOp Chain Depth 64 Size 0 Mode ref, Ref Stage 56, run, start, 9848925413570487
1787729859.575533, NoOp Chain Depth 64 Size 0 Mode ref, Ref Stage 56, run, end, 9848925413592199
1787729859.575652, NoOp Chain Depth 64 Size 0 Mode ref, Ref Stage 57, run, start, 9848925413711031
1787729859.575674, NoOp Chain Depth 64 Size 0 Mode ref, Ref Stage 57, run, end, 9848925413733319
1787729859.575689, NoOp Chain Depth 64 Size 0 Mode ref, Ref Stage 58, run, start, 9848925413748551
1787729859.575711, NoOp Chain Depth 64 Size 0 Mode ref, Ref Stage 58, run, end, 9848925413770071
1787729859.575726, NoOp Chain Depth 64 Size 0 Mode ref, Ref Stage 59, run, start, 9848925413784999
1787729859.575747, NoOp Chain Depth 64 Size 0 Mode ref, Ref Stage 59, run, end, 9848925413806743
1787729859.575763, NoOp Chain Depth 64 Size 0 Mode ref, Ref Stage 60, run, start, 9848925413822199
1787729859.575788, NoOp Chain Depth 64 Size 0 Mode ref, Ref Stage 60, run, end, 9848925413847943
1787729859.575801, NoOp Chain Depth 64 Size 0 Mode ref, Ref Stage 61, run, start, 9848925413860087
1787729859.575934, NoOp Chain Depth 64 Size 0 Mode ref, Ref Stage 61, run, end, 9848925413993463
1787729859.575951, NoOp Chain Depth 64 Size 0 Mode ref, Ref Stage 62, run, start, 9848925414009927
1787729859.575973, NoOp Chain Depth 64 Size 0 Mode ref, Ref Stage 62, run, end, 9848925414032263
1787729859.575989, NoOp Chain Depth 64 Size 0 Mode ref, Ref Stage 63, run, start, 9848925414047879
1787729859.576011, NoOp Chain Depth 64 Size 0 Mode ref, Ref Stage 63, run, end, 9848925414070775
1787729859.576023, NoOp Chain Depth 64 Size 0 Mode ref, pipeline - train, run, end, 293507585739521038332301542097107783254, 1787729859.572415, 51, 1, 9848925414082551
1787729859.576072, NoOp Chain Depth 64 Size 0 Mode ref, pipeline - train, run, start, 315896618829350307835906297982804315135, 1787729859.576062, 52, 1, 9848925414131111
1787729859.576096, NoOp Chain Depth 64 Size 0 Mode ref, Ref Stage 0, run, start, 9848925414155207
1787729859.576120, NoOp Chain Depth 64 Size 0 Mode ref, Ref Stage 0, run, end, 9848925414179031
1787729859.576132, NoOp Chain Depth 64 Size 0 Mode ref, Ref Stage 1, run, start, 9848925414190967
1787729859.576164, NoOp Chain Depth 64 Size 0 Mode ref, Ref Stage 1, run, end, 9848925414223463
1787729859.576286, NoOp Chain Depth 64 Size 0 Mode ref, Ref Stage 2, run, start, 9848925414345639
1787729859.576309, NoOp Chain Depth 64 Size 0 Mode ref, Ref Stage 2, run, end, 9848925414368071
1787729859.576324, NoOp Chain Depth 64 Size 0 Mode ref, Ref Stage 3, run, start, 9848925414383335
1787729859.576346, NoOp Chain Depth 64 Size 0 Mode ref, Ref Stage 3, run, end, 9848925414404887
1787729859.576360, NoOp Chain Depth 64 Size 0 Mode ref, Ref Stage 4, run, start, 9848925414419863
1787729859.576382, NoOp Chain Depth 64 Size 0 Mode ref, Ref Stage 4, run, end, 9848925414441607
1787729859.576397, NoOp Chain Depth 64 Size 0 Mode ref, Ref Stage 5, run, start, 9848925414456775
1787729859.576419, NoOp Chain Depth 64 Size 0 Mode ref, Ref Stage 5, run, end, 9848925414478567
1787729859.576434, NoOp Chain Depth 64 Size 0 Mode ref, Ref Stage 6, run, start, 9848925414493351
1787729859.576459, NoOp Chain Depth 64 Size 0 Mode ref, Ref Stage 6, run, end, 9848925414518039
1787729859.576471, NoOp Chain Depth 64 Size 0 Mode ref, Ref Stage 7, run, start, 9848925414530295
1787729859.576601, NoOp Chain Depth 64 Size 0 Mode ref, Ref Stage 7, run, end, 9848925414660423
1787729859.576616, NoOp Chain Depth 64 Size 0 Mode ref, Ref Stage 8, run, start, 9848925414675383
1787729859.576638, NoOp Chain Depth 64 Size 0 Mode ref, Ref Stage 8, run, end, 9848925414696919
1787729859.576652, NoOp Chain Depth 64 Size 0 Mode ref, Ref Stage 9, run, start, 9848925414711639
1787729859.576674, NoOp Chain Depth 64 Size 0 Mode ref, Ref Stage 9, run, end, 9848925414733207
1787729859.576689, NoOp Chain Depth 64 Size 0 Mode ref, Ref Stage 10, run, start, 9848925414748631
1787729859.576711, NoOp Chain Depth 64 Size 0 Mode ref, Ref Stage 10, run, end, 9848925414770103
1787729859.576726, NoOp Chain Depth 64 Size 0 Mode ref, Ref Stage 11, run, start, 9848925414785111
1787729859.576747, NoOp Chain Depth 64 Size 0 Mode ref, Ref Stage 11, run, end, 9848925414806663
1787729859.576762, NoOp Chain Depth 64 Size 0 Mode ref, Ref Stage 12, run, start, 9848925414821719
1787729859.576784, NoOp Chain Depth 64 Size 0 Mode ref, Ref Stage 12, run, end, 9848925414843335
1787729859.576799, NoOp Chain Depth 64 Size 0 Mode ref, Ref Stage 13, run, start, 9848925414858423
1787729859.576829, NoOp Chain Depth 64 Size 0 Mode ref, Ref Stage 13, run, end, 9848925414888503
1787729859.576843, NoOp Chain Depth 64 Size 0 Mode ref, Ref Stage 14, run, start, 9848925414902135
1787729859.576974, NoOp Chain Depth 64 Size 0 Mode ref, Ref Stage 14, run, end, 9848925415033414
1787729859.576989, NoOp Chain Depth 64 Size 0 Mode ref, Ref Stage 15, run, start, 9848925415048470
1787729859.577010, NoOp Chain Depth 64 Size 0 Mode ref, Ref Stage 15, run, end, 9848925415069686
1787729859.577025, NoOp Chain Depth 64 Size 0 Mode ref, Ref Stage 16, run, start, 9848925415084630
1787729859.577049, NoOp Chain Depth 64 Size 0 Mode ref, Ref Stage 16, run, end, 9848925415107846
1787729859.577064, NoOp Chain Depth 64 Size 0 Mode ref, Ref Stage 17, run, start, 9848925415123222
1787729859.577086, NoOp Chain Depth 64 Size 0 Mode ref, Ref Stage 17, run, end, 9848925415145046
1787729859.577101, NoOp Chain Depth 64 Size 0 Mode ref, Ref Stage 18, run, start, 9848925415160310
1787729859.577123, NoOp Chain Depth 64 Size 0 Mode ref, Ref Stage 18, run, end, 9848925415182374
1787729859.577138, NoOp Chain Depth 64 Size 0 Mode ref, Ref Stage 19, run, start, 9848925415197702
1787729859.577160, NoOp Chain Depth 64 Size 0 Mode ref, Ref Stage 19, run, end, 9848925415219382
1787729859.577278, NoOp Chain Depth 64 Size 0 Mode ref, Ref Stage 20, run, start, 9848925415337142
1787729859.577300, NoOp Chain Depth 64 Size 0 Mode ref, Ref Stage 20, run, end, 9848925415359302
1787729859.577315, NoOp Chain Depth 64 Size 0 Mode ref, Ref Stage 21, run, start, 9848925415374758
1787729859.577339, NoOp Chain Depth 64 Size 0 Mode ref, Ref Stage 21, run, end, 9848925415398422
1787729859.577351, NoOp Chain Depth 64 Size 0 Mode ref, Ref Stage 22, run, start, 9848925415410534
1787729859.577384, NoOp Chain Depth 64 Size 0 Mode ref, Ref Stage 22, run, end, 9848925415442790
1787729859.577399, NoOp Chain Depth 64 Size 0 Mode ref, Ref Stage 23, run, start, 9848925415458454
1787729859.577421, NoOp Chain Depth 64 Size 0 Mode ref, Ref Stage 23, run, end, 9848925415479974
1787729859.577436, NoOp Chain Depth 64 Size 0 Mode ref, Ref Stage 24, run, start, 9848925415494918
1787729859.577459, NoOp Chain Depth 64 Size 0 Mode ref, Ref Stage 24, run, end, 9848925415518374
1787729859.577471, NoOp Chain Depth 64 Size 0 Mode ref, Ref Stage 25, run, start, 9848925415530486
1787729859.577504, NoOp Chain Depth 64 Size 0 Mode ref, Ref Stage 25, run, end, 9848925415563046
1787729859.577519, NoOp Chain Depth 64 Size 0 Mode ref, Ref Stage 26, run, start, 9848925415578742
1787729859.577542, NoOp Chain Depth 64 Size 0 Mode ref, Ref Stage 26, run, end, 9848925415600886
1787729859.577657, NoOp Chain Depth 64 Size 0 Mode ref, Ref Stage 27, run, start, 9848925415716374
1787729859.577679, NoOp Chain Depth 64 Size 0 Mode ref, Ref Stage 27, run, end, 9848925415738294
1787729859.577694, NoOp Chain Depth 64 Size 0 Mode ref, Ref Stage 28, run, start, 9848925415753206
1787729859.577716, NoOp Chain Depth 64 Size 0 Mode ref, Ref Stage 28, run, end, 9848925415775254
1787729859.577731, NoOp Chain Depth 64 Size 0 Mode ref, Ref Stage 29, run, start, 9848925415790198
1787729859.577753, NoOp Chain Depth 64 Size 0 Mode ref, Ref Stage 29, run, end, 9848925415811878
1787729859.577768, NoOp Chain Depth 64 Size 0 Mode ref, Ref Stage 30, run, start, 9848925415827142
1787729859.577790, NoOp Chain Depth 64 Size 0 Mode ref, Ref Stage 30, run, end, 9848925415848758
1787729859.577805, NoOp Chain Depth 64 Size 0 Mode ref, Ref Stage 31, run, start, 9848925415863814
1787729859.577826, NoOp Chain Depth 64 Size 0 Mode ref, Ref Stage 31, run, end, 9848925415885638
1787729859.577941, NoOp Chain Depth 64 Size 0 Mode ref, Ref Stage 32, run, start, 9848925416001542
1787729859.577965, NoOp Chain Depth 64 Size 0 Mode ref, Ref Stage 32, run, end, 9848925416024518
1787729859.577980, NoOp Chain Depth 64 Size 0 Mode ref, Ref Stage 33, run, start, 9848925416039526
1787729859.578002, NoOp Chain Depth 64 Size 0 Mode ref, Ref Stage 33, run, end, 9848925416061430
1787729859.578017, NoOp Chain Depth 64 Size 0 Mode ref, Ref Stage 34, run, start, 9848925416076758
1787729859.578039, NoOp Chain Depth 64 Size 0 Mode ref, Ref Stage 34, run, end, 9848925416098310
1787729859.578054, NoOp Chain Depth 64 Size 0 Mode ref, Ref Stage 35, run, start, 9848925416113606
1787729859.578078, NoOp Chain Depth 64 Size 0 Mode ref, Ref Stage 35, run, end, 9848925416136902
1787729859.578089, NoOp Chain Depth 64 Size 0 Mode ref, Ref Stage 36, run, start, 9848925416148886
1787729859.578122, NoOp Chain Depth 64 Size 0 Mode ref, Ref Stage 36, run, end, 9848925416181350
1787729859.578137, NoOp Chain Depth 64 Size 0 Mode ref, Ref Stage 37, run, start, 9848925416196630
1787729859.578161, NoOp Chain Depth 64 Size 0 Mode ref, Ref Stage 37, run, end, 9848925416220326
1787729859.578177, NoOp Chain Depth 64 Size 0 Mode ref, Ref Stage 38, run, start, 9848925416236566
1787729859.578201, NoOp Chain Depth 64 Size 0 Mode ref, Ref Stage 38, run, end, 9848925416260310
1787729859.578317, NoOp Chain Depth 64 Size 0 Mode ref, Ref Stage 39, run, start, 9848925416376790
1787729859.578340, NoOp Chain Depth 64 Size 0 Mode ref, Ref Stage 39, run, end, 9848925416399014
1787729859.578355, NoOp Chain Depth 64 Size 0 Mode ref, Ref Stage 40, run, start, 9848925416414166
1787729859.578377, NoOp Chain Depth 64 Size 0 Mode ref, Ref Stage 40, run, end, 9848925416436086
1787729859.578392, NoOp Chain Depth 64 Size 0 Mode ref, Ref Stage 41, run, start, 9848925416451398
1787729859.578414, NoOp Chain Depth 64 Size 0 Mode ref, Ref Stage 41, run, end, 9848925416473398
1787729859.578429, NoOp Chain Depth 64 Size 0 Mode ref, Ref Stage 42, run, start, 9848925416488774
1787729859.578451, NoOp Chain Depth 64 Size 0 Mode ref, Ref Stage 42, run, end, 9848925416510454
1787729859.578466, NoOp Chain Depth 64 Size 0 Mode ref, Ref Stage 43, run, start, 9848925416525382
1787729859.578491, NoOp Chain Depth 64 Size 0 Mode ref, Ref Stage 43, run, end, 9848925416550134
1787729859.578503, NoOp Chain Depth 64 Size 0 Mode ref, Ref Stage 44, run, start, 9848925416561942
1787729859.578634, NoOp Chain Depth 64 Size 0 Mode ref, Ref Stage 44, run, end, 9848925416693286
1787729859.578649, NoOp Chain Depth 64 Size 0 Mode ref, Ref Stage 45, run, start, 9848925416708502
1787729859.578671, NoOp Chain Depth 64 Size 0 Mode ref, Ref Stage 45, run, end, 9848925416730326
1787729859.578686, NoOp Chain Depth 64 Size 0 Mode ref, Ref Stage 46, run, start, 9848925416745654
1787729859.578708, NoOp Chain Depth 64 Size 0 Mode ref, Ref Stage 46, run, end, 9848925416767702
1787729859.578724, NoOp Chain Depth 64 Size 0 Mode ref, Ref Stage 47, run, start, 9848925416782918
1787729859.578745, NoOp Chain Depth 64 Size 0 Mode ref, Ref Stage 47, run, end, 9848925416804597
1787729859.578760, NoOp Chain Depth 64 Size 0 Mode ref, Ref Stage 48, run, start, 9848925416819669
1787729859.578782, NoOp Chain Depth 64 Size 0 Mode ref, Ref Stage 48, run, end, 9848925416841317
1787729859.578797, NoOp Chain Depth 64 Size 0 Mode ref, Ref Stage 49, run, start, 9848925416856677
1787729859.578822, NoOp Chain Depth 64 Size 0 Mode ref, Ref Stage 49, run, end, 9848925416881461
1787729859.578835, NoOp Chain Depth 64 Size 0 Mode ref, Ref Stage 50, run, start, 9848925416893653
1787729859.578966, NoOp Chain Depth 64 Size 0 Mode ref, Ref Stage 50, run, end, 9848925417025637
1787729859.578982, NoOp Chain Depth 64 Size 0 Mode ref, Ref Stage 51, run, start, 9848925417041029
1787729859.579003, NoOp Chain Depth 64 Size 0 Mode ref, Ref Stage 51, run, end, 9848925417062581
1787729859.579019, NoOp Chain Depth 64 Size 0 Mode ref, Ref Stage 52, run, start, 9848925417077925
1787729859.579042, NoOp Chain Depth 64 Size 0 Mode ref, Ref Stage 52, run, end, 9848925417101605
1787729859.579054, NoOp Chain Depth 64 Size 0 Mode ref, Ref Stage 53, run, start, 9848925417113413
1787729859.579086, NoOp Chain Depth 64 Size 0 Mode ref, Ref Stage 53, run, end, 9848925417145333
1787729859.579102, NoOp Chain Depth 64 Size 0 Mode ref, Ref Stage 54, run, start, 9848925417161141
1787729859.579123, NoOp Chain Depth 64 Size 0 Mode ref, Ref Stage 54, run, end, 9848925417182757
1787729859.579139, NoOp Chain Depth 64 Size 0 Mode ref, Ref Stage 55, run, start, 9848925417198629
1787729859.579161, NoOp Chain Depth 64 Size 0 Mode ref, Ref Stage 55, run, end, 9848925417220341
1787729859.579274, NoOp Chain Depth 64 Size 0 Mode ref, Ref Stage 56, run, start, 9848925417333893
1787729859.579297, NoOp Chain Depth 64 Size 0 Mode ref, Ref Stage 56, run, end, 9848925417356021
1787729859.579312, NoOp Chain Depth 64 Size 0 Mode ref, Ref Stage 57, run, start, 9848925417371221
1787729859.579334, NoOp Chain Depth 64 Size 0 Mode ref, Ref Stage 57, run, end, 9848925417392917
1787729859.579349, NoOp Chain Depth 64 Size 0 Mode ref, Ref Stage 58, run, start, 9848925417407781
1787729859.579372, NoOp Chain Depth 64 Size 0 Mode ref, Ref Stage 58, run, end, 9848925417431045
1787729859.579387, NoOp Chain Depth 64 Size 0 Mode ref, Ref Stage 59, run, start, 9848925417446197
1787729859.579410, NoOp Chain Depth 64 Size 0 Mode ref, Ref Stage 59, run, end, 9848925417469605
1787729859.579422, NoOp Chain Depth 64 Size 0 Mode ref, Ref Stage 60, run, start, 9848925417481909
1787729859.579455, NoOp Chain Depth 64 Size 0 Mode ref, Ref Stage 60, run, end, 9848925417514325
1787729859.579470, NoOp Chain Depth 64 Size 0 Mode ref, Ref Stage 61, run, start, 9848925417529461
1787729859.579493, NoOp Chain Depth 64 Size 0 Mode ref, Ref Stage 61, run, end, 9848925417551861
1787729859.579509, NoOp Chain Depth 64 Size 0 Mode ref, Ref Stage 62, run, start, 9848925417568309
1787729859.579530, NoOp Chain Depth 64 Size 0 Mode ref, Ref Stage 62, run, end, 9848925417589749
1787729859.579644, NoOp Chain Depth 64 Size 0 Mode ref, Ref Stage 63, run, start, 9848925417703797
1787729859.579666, NoOp Chain Depth 64 Size 0 Mode ref, Ref Stage 63, run, end, 9848925417725669
1787729859.579682, NoOp Chain Depth 64 Size 0 Mode ref, pipeline - train, run, end, 315896618829350307835906297982804315135, 1787729859.576062, 52, 1, 9848925417740773
1787729859.579715, NoOp Chain Depth 64 Size 0 Mode ref, pipeline - train, run, start, 174744766794546872289474508742959849855, 1787729859.579706, 53, 1, 9848925417774741
1787729859.579741, NoOp Chain Depth 64 Size 0 Mode ref, Ref Stage 0, run, start, 9848925417800565
1787729859.579763, NoOp Chain Depth 64 Size 0 Mode ref, Ref Stage 0, run, end, 9848925417822677
1787729859.579779, NoOp Chain Depth 64 Size 0 Mode ref, Ref Stage 1, run, start, 9848925417838885
1787729859.579805, NoOp Chain Depth 64 Size 0 Mode ref, Ref Stage 1, run, end, 9848925417864357
1787729859.579817, NoOp Chain Depth 64 Size 0 Mode ref, Ref Stage 2, run, start, 9848925417876101
1787729859.579951, NoOp Chain Depth 64 Size 0 Mode ref, Ref Stage 2, run, end, 9848925418010037
1787729859.579967, NoOp Chain Depth 64 Size 0 Mode ref, Ref Stage 3, run, start, 9848925418025973
1787729859.579989, NoOp Chain Depth 64 Size 0 Mode ref, Ref Stage 3, run, end, 9848925418047973
1787729859.580004, NoOp Chain Depth 64 Size 0 Mode ref, Ref Stage 4, run, start, 9848925418063317
1787729859.580026, NoOp Chain Depth 64 Size 0 Mode ref, Ref Stage 4, run, end, 9848925418084933
1787729859.580041, NoOp Chain Depth 64 Size 0 Mode ref, Ref Stage 5, run, start, 9848925418100021
1787729859.580064, NoOp Chain Depth 64 Size 0 Mode ref, Ref Stage 5, run, end, 9848925418123525
1787729859.580076, NoOp Chain Depth 64 Size 0 Mode ref, Ref Stage 6, run, start, 9848925418135317
1787729859.580111, NoOp Chain Depth 64 Size 0 Mode ref, Ref Stage 6, run, end, 9848925418169989
1787729859.580123, NoOp Chain Depth 64 Size 0 Mode ref, Ref Stage 7, run, start, 9848925418181989
1787729859.580155, NoOp Chain Depth 64 Size 0 Mode ref, Ref Stage 7, run, end, 9848925418213957
1787729859.580170, NoOp Chain Depth 64 Size 0 Mode ref, Ref Stage 8, run, start, 9848925418229653
1787729859.580194, NoOp Chain Depth 64 Size 0 Mode ref, Ref Stage 8, run, end, 9848925418253205
1787729859.580311, NoOp Chain Depth 64 Size 0 Mode ref, Ref Stage 9, run, start, 9848925418370261
1787729859.580333, NoOp Chain Depth 64 Size 0 Mode ref, Ref Stage 9, run, end, 9848925418392581
1787729859.580348, NoOp Chain Depth 64 Size 0 Mode ref, Ref Stage 10, run, start, 9848925418407813
1787729859.580370, NoOp Chain Depth 64 Size 0 Mode ref, Ref Stage 10, run, end, 9848925418429141
1787729859.580385, NoOp Chain Depth 64 Size 0 Mode ref, Ref Stage 11, run, start, 9848925418444149
1787729859.580407, NoOp Chain Depth 64 Size 0 Mode ref, Ref Stage 11, run, end, 9848925418465957
1787729859.580422, NoOp Chain Depth 64 Size 0 Mode ref, Ref Stage 12, run, start, 9848925418481093
1787729859.580445, NoOp Chain Depth 64 Size 0 Mode ref, Ref Stage 12, run, end, 9848925418504085
1787729859.580458, NoOp Chain Depth 64 Size 0 Mode ref, Ref Stage 13, run, start, 9848925418517845
1787729859.580591, NoOp Chain Depth 64 Size 0 Mode ref, Ref Stage 13, run, end, 9848925418650773
1787729859.580606, NoOp Chain Depth 64 Size 0 Mode ref, Ref Stage 14, run, start, 9848925418665989
1787729859.580628, NoOp Chain Depth 64 Size 0 Mode ref, Ref Stage 14, run, end, 9848925418687605
1787729859.580643, NoOp Chain Depth 64 Size 0 Mode ref, Ref Stage 15, run, start, 9848925418702469
1787729859.580665, NoOp Chain Depth 64 Size 0 Mode ref, Ref Stage 15, run, end, 9848925418723828
1787729859.580680, NoOp Chain Depth 64 Size 0 Mode ref, Ref Stage 16, run, start, 9848925418739012
1787729859.580701, NoOp Chain Depth 64 Size 0 Mode ref, Ref Stage 16, run, end, 9848925418760516
1787729859.580716, NoOp Chain Depth 64 Size 0 Mode ref, Ref Stage 17, run, start, 9848925418775684
1787729859.580738, NoOp Chain Depth 64 Size 0 Mode ref, Ref Stage 17, run, end, 9848925418797220
1787729859.580753, NoOp Chain Depth 64 Size 0 Mode ref, Ref Stage 18, run, start, 9848925418812084
1787729859.580774, NoOp Chain Depth 64 Size 0 Mode ref, Ref Stage 18, run, end, 9848925418833588
1787729859.580789, NoOp Chain Depth 64 Size 0 Mode ref, Ref Stage 19, run, start, 9848925418848532
1787729859.580812, NoOp Chain Depth 64 Size 0 Mode ref, Ref Stage 19, run, end, 9848925418871668
1787729859.580824, NoOp Chain Depth 64 Size 0 Mode ref, Ref Stage 20, run, start, 9848925418883380
1787729859.581045, NoOp Chain Depth 64 Size 0 Mode ref, Ref Stage 20, run, end, 9848925419106276
1787729859.581268, NoOp Chain Depth 64 Size 0 Mode ref, Ref Stage 21, run, start, 9848925419328116
1787729859.581293, NoOp Chain Depth 64 Size 0 Mode ref, Ref Stage 21, run, end, 9848925419352900
1787729859.581309, NoOp Chain Depth 64 Size 0 Mode ref, Ref Stage 22, run, start, 9848925419368308
1787729859.581331, NoOp Chain Depth 64 Size 0 Mode ref, Ref Stage 22, run, end, 9848925419390036
1787729859.581346, NoOp Chain Depth 64 Size 0 Mode ref, Ref Stage 23, run, start, 9848925419405348
1787729859.581367, NoOp Chain Depth 64 Size 0 Mode ref, Ref Stage 23, run, end, 9848925419426756
1787729859.581383, NoOp Chain Depth 64 Size 0 Mode ref, Ref Stage 24, run, start, 9848925419441764
1787729859.581404, NoOp Chain Depth 64 Size 0 Mode ref, Ref Stage 24, run, end, 9848925419463252
1787729859.581419, NoOp Chain Depth 64 Size 0 Mode ref, Ref Stage 25, run, start, 9848925419478356
1787729859.581440, NoOp Chain Depth 64 Size 0 Mode ref, Ref Stage 25, run, end, 9848925419499812
1787729859.581456, NoOp Chain Depth 64 Size 0 Mode ref, Ref Stage 26, run, start, 9848925419515188
1787729859.581479, NoOp Chain Depth 64 Size 0 Mode ref, Ref Stage 26, run, end, 9848925419538196
1787729859.581491, NoOp Chain Depth 64 Size 0 Mode ref, Ref Stage 27, run, start, 9848925419550164
1787729859.581523, NoOp Chain Depth 64 Size 0 Mode ref, Ref Stage 27, run, end, 9848925419582468
1787729859.581538, NoOp Chain Depth 64 Size 0 Mode ref, Ref Stage 28, run, start, 9848925419597636
1787729859.581560, NoOp Chain Depth 64 Size 0 Mode ref, Ref Stage 28, run, end, 9848925419619300
1787729859.581576, NoOp Chain Depth 64 Size 0 Mode ref, Ref Stage 29, run, start, 9848925419635092
1787729859.581597, NoOp Chain Depth 64 Size 0 Mode ref, Ref Stage 29, run, end, 9848925419656660
1787729859.581612, NoOp Chain Depth 64 Size 0 Mode ref, Ref Stage 30, run, start, 9848925419671732
1787729859.581634, NoOp Chain Depth 64 Size 0 Mode ref, Ref Stage 30, run, end, 9848925419693620
1787729859.581650, NoOp Chain Depth 64 Size 0 Mode ref, Ref Stage 31, run, start, 9848925419708916
1787729859.581676, NoOp Chain Depth 64 Size 0 Mode ref, Ref Stage 31, run, end, 9848925419735284
1787729859.581688, NoOp Chain Depth 64 Size 0 Mode ref, Ref Stage 32, run, start, 9848925419747236
1787729859.581819, NoOp Chain Depth 64 Size 0 Mode ref, Ref Stage 32, run, end, 9848925419878292
1787729859.581834, NoOp Chain Depth 64 Size 0 Mode ref, Ref Stage 33, run, start, 9848925419893588
1787729859.581856, NoOp Chain Depth 64 Size 0 Mode ref, Ref Stage 33, run, end, 9848925419915044
1787729859.581871, NoOp Chain Depth 64 Size 0 Mode ref, Ref Stage 34, run, start, 9848925419929956
1787729859.581894, NoOp Chain Depth 64 Size 0 Mode ref, Ref Stage 34, run, end, 9848925419953428
1787729859.581909, NoOp Chain Depth 64 Size 0 Mode ref, Ref Stage 35, run, start, 9848925419968404
1787729859.581931, NoOp Chain Depth 64 Size 0 Mode ref, Ref Stage 35, run, end, 9848925419990180
1787729859.581948, NoOp Chain Depth 64 Size 0 Mode ref, Ref Stage 36, run, start, 9848925420007156
1787729859.581970, NoOp Chain Depth 64 Size 0 Mode ref, Ref Stage 36, run, end, 9848925420029668
1787729859.582086, NoOp Chain Depth 64 Size 0 Mode ref, Ref Stage 37, run, start, 9848925420145332
1787729859.582108, NoOp Chain Depth 64 Size 0 Mode ref, Ref Stage 37, run, end, 9848925420167396
1787729859.582123, NoOp Chain Depth 64 Size 0 Mode ref, Ref Stage 38, run, start, 9848925420182580
1787729859.582147, NoOp Chain Depth 64 Size 0 Mode ref, Ref Stage 38, run, end, 9848925420205892
1787729859.582159, NoOp Chain Depth 64 Size 0 Mode ref, Ref Stage 39, run, start, 9848925420217812
1787729859.582191, NoOp Chain Depth 64 Size 0 Mode ref, Ref Stage 39, run, end, 9848925420249972
1787729859.582206, NoOp Chain Depth 64 Size 0 Mode ref, Ref Stage 40, run, start, 9848925420265668
1787729859.582228, NoOp Chain Depth 64 Size 0 Mode ref, Ref Stage 40, run, end, 9848925420287204
1787729859.582244, NoOp Chain Depth 64 Size 0 Mode ref, Ref Stage 41, run, start, 9848925420302964
1787729859.582268, NoOp Chain Depth 64 Size 0 Mode ref, Ref Stage 41, run, end, 9848925420327444
1787729859.582284, NoOp Chain Depth 64 Size 0 Mode ref, Ref Stage 42, run, start, 9848925420343316
1787729859.582307, NoOp Chain Depth 64 Size 0 Mode ref, Ref Stage 42, run, end, 9848925420366756
1787729859.582321, NoOp Chain Depth 64 Size 0 Mode ref, Ref Stage 43, run, start, 9848925420380388
1787729859.582450, NoOp Chain Depth 64 Size 0 Mode ref, Ref Stage 43, run, end, 9848925420509428
1787729859.582465, NoOp Chain Depth 64 Size 0 Mode ref, Ref Stage 44, run, start, 9848925420524580
1787729859.582487, NoOp Chain Depth 64 Size 0 Mode ref, Ref Stage 44, run, end, 9848925420546084
1787729859.582502, NoOp Chain Depth 64 Size 0 Mode ref, Ref Stage 45, run, start, 9848925420561108
1787729859.582524, NoOp Chain Depth 64 Size 0 Mode ref, Ref Stage 45, run, end, 9848925420583076
1787729859.582539, NoOp Chain Depth 64 Size 0 Mode ref, Ref Stage 46, run, start, 9848925420598132
1787729859.582561, NoOp Chain Depth 64 Size 0 Mode ref, Ref Stage 46, run, end, 9848925420619716
1787729859.582576, NoOp Chain Depth 64 Size 0 Mode ref, Ref Stage 47, run, start, 9848925420634932
1787729859.582598, NoOp Chain Depth 64 Size 0 Mode ref, Ref Stage 47, run, end, 9848925420656884
1787729859.582613, NoOp Chain Depth 64 Size 0 Mode ref, Ref Stage 48, run, start, 9848925420672404
1787729859.582639, NoOp Chain Depth 64 Size 0 Mode ref, Ref Stage 48, run, end, 9848925420698404
1787729859.582651, NoOp Chain Depth 64 Size 0 Mode ref, Ref Stage 49, run, start, 9848925420710260
1787729859.582780, NoOp Chain Depth 64 Size 0 Mode ref, Ref Stage 49, run, end, 9848925420839267
1787729859.582795, NoOp Chain Depth 64 Size 0 Mode ref, Ref Stage 50, run, start, 9848925420854499
1787729859.582817, NoOp Chain Depth 64 Size 0 Mode ref, Ref Stage 50, run, end, 9848925420876115
1787729859.582832, NoOp Chain Depth 64 Size 0 Mode ref, Ref Stage 51, run, start, 9848925420891123
1787729859.582854, NoOp Chain Depth 64 Size 0 Mode ref, Ref Stage 51, run, end, 9848925420912979
1787729859.582869, NoOp Chain Depth 64 Size 0 Mode ref, Ref Stage 52, run, start, 9848925420928339
1787729859.582891, NoOp Chain Depth 64 Size 0 Mode ref, Ref Stage 52, run, end, 9848925420950355
1787729859.582906, NoOp Chain Depth 64 Size 0 Mode ref, Ref Stage 53, run, start, 9848925420965555
1787729859.582928, NoOp Chain Depth 64 Size 0 Mode ref, Ref Stage 53, run, end, 9848925420986995
1787729859.582943, NoOp Chain Depth 64 Size 0 Mode ref, Ref Stage 54, run, start, 9848925421004035
1787729859.582967, NoOp Chain Depth 64 Size 0 Mode ref, Ref Stage 54, run, end, 9848925421026547
1787729859.582983, NoOp Chain Depth 64 Size 0 Mode ref, Ref Stage 55, run, start, 9848925421041907
1787729859.583009, NoOp Chain Depth 64 Size 0 Mode ref, Ref Stage 55, run, end, 9848925421068851
1787729859.583022, NoOp Chain Depth 64 Size 0 Mode ref, Ref Stage 56, run, start, 9848925421081347
1787729859.583152, NoOp Chain Depth 64 Size 0 Mode ref, Ref Stage 56, run, end, 9848925421211587
1787729859.583167, NoOp Chain Depth 64 Size 0 Mode ref, Ref Stage 57, run, start, 9848925421226547
1787729859.583189, NoOp Chain Depth 64 Size 0 Mode ref, Ref Stage 57, run, end, 9848925421247859
1787729859.583204, NoOp Chain Depth 64 Size 0 Mode ref, Ref Stage 58, run, start, 9848925421263123
1787729859.583225, NoOp Chain Depth 64 Size 0 Mode ref, Ref Stage 58, run, end, 9848925421284691
1787729859.583241, NoOp Chain Depth 64 Size 0 Mode ref, Ref Stage 59, run, start, 9848925421299939
1787729859.583262, NoOp Chain Depth 64 Size 0 Mode ref, Ref Stage 59, run, end, 9848925421321443
1787729859.583277, NoOp Chain Depth 64 Size 0 Mode ref, Ref Stage 60, run, start, 9848925421336883
1787729859.583299, NoOp Chain Depth 64 Size 0 Mode ref, Ref Stage 60, run, end, 9848925421358643
1787729859.583414, NoOp Chain Depth 64 Size 0 Mode ref, Ref Stage 61, run, start, 9848925421473043
1787729859.583436, NoOp Chain Depth 64 Size 0 Mode ref, Ref Stage 61, run, end, 9848925421494947
1787729859.583451, NoOp Chain Depth 64 Size 0 Mode ref, Ref Stage 62, run, start, 9848925421509891
1787729859.583474, NoOp Chain Depth 64 Size 0 Mode ref, Ref Stage 62, run, end, 9848925421532963
1787729859.583486, NoOp Chain Depth 64 Size 0 Mode ref, Ref Stage 63, run, start, 9848925421545507
1787729859.583518, NoOp Chain Depth 64 Size 0 Mode ref, Ref Stage 63, run, end, 9848925421577059
1787729859.583533, NoOp Chain Depth 64 Size 0 Mode ref, pipeline - train, run, end, 174744766794546872289474508742959849855, 1787729859.579706, 53, 1, 9848925421592099
1787729859.583569, NoOp Chain Depth 64 Size 0 Mode ref, pipeline - train, run, start, 95805365032223773505975591752980108906, 1787729859.583559, 54, 1, 9848925421627923
1787729859.583591, NoOp Chain Depth 64 Size 0 Mode ref, Ref Stage 0, run, start, 9848925421650963
1787729859.583616, NoOp Chain Depth 64 Size 0 Mode ref, Ref Stage 0, run, end, 9848925421674803
1787729859.583627, NoOp Chain Depth 64 Size 0 Mode ref, Ref Stage 1, run, start, 9848925421686819
1787729859.583755, NoOp Chain Depth 64 Size 0 Mode ref, Ref Stage 1, run, end, 9848925421815027
1787729859.583771, NoOp Chain Depth 64 Size 0 Mode ref, Ref Stage 2, run, start, 9848925421830339
1787729859.583793, NoOp Chain Depth 64 Size 0 Mode ref, Ref Stage 2, run, end, 9848925421852515
1787729859.583808, NoOp Chain Depth 64 Size 0 Mode ref, Ref Stage 3, run, start, 9848925421867843
1787729859.583830, NoOp Chain Depth 64 Size 0 Mode ref, Ref Stage 3, run, end, 9848925421889539
1787729859.583845, NoOp Chain Depth 64 Size 0 Mode ref, Ref Stage 4, run, start, 9848925421904419
1787729859.583868, NoOp Chain Depth 64 Size 0 Mode ref, Ref Stage 4, run, end, 9848925421927523
1787729859.583880, NoOp Chain Depth 64 Size 0 Mode ref, Ref Stage 5, run, start, 9848925421939395
1787729859.583912, NoOp Chain Depth 64 Size 0 Mode ref, Ref Stage 5, run, end, 9848925421971731
1787729859.583929, NoOp Chain Depth 64 Size 0 Mode ref, Ref Stage 6, run, start, 9848925421988371
1787729859.583952, NoOp Chain Depth 64 Size 0 Mode ref, Ref Stage 6, run, end, 9848925422011475
1787729859.584065, NoOp Chain Depth 64 Size 0 Mode ref, Ref Stage 7, run, start, 9848925422124243
1787729859.584087, NoOp Chain Depth 64 Size 0 Mode ref, Ref Stage 7, run, end, 9848925422146627
1787729859.584103, NoOp Chain Depth 64 Size 0 Mode ref, Ref Stage 8, run, start, 9848925422162243
1787729859.584126, NoOp Chain Depth 64 Size 0 Mode ref, Ref Stage 8, run, end, 9848925422185811
1787729859.584138, NoOp Chain Depth 64 Size 0 Mode ref, Ref Stage 9, run, start, 9848925422197763
1787729859.584171, NoOp Chain Depth 64 Size 0 Mode ref, Ref Stage 9, run, end, 9848925422229875
1787729859.584186, NoOp Chain Depth 64 Size 0 Mode ref, Ref Stage 10, run, start, 9848925422245043
1787729859.584209, NoOp Chain Depth 64 Size 0 Mode ref, Ref Stage 10, run, end, 9848925422268403
1787729859.584225, NoOp Chain Depth 64 Size 0 Mode ref, Ref Stage 11, run, start, 9848925422283955
1787729859.584248, NoOp Chain Depth 64 Size 0 Mode ref, Ref Stage 11, run, end, 9848925422307203
1787729859.584260, NoOp Chain Depth 64 Size 0 Mode ref, Ref Stage 12, run, start, 9848925422319091
1787729859.584295, NoOp Chain Depth 64 Size 0 Mode ref, Ref Stage 12, run, end, 9848925422354291
1787729859.584310, NoOp Chain Depth 64 Size 0 Mode ref, Ref Stage 13, run, start, 9848925422368963
1787729859.584443, NoOp Chain Depth 64 Size 0 Mode ref, Ref Stage 13, run, end, 9848925422501923
1787729859.584458, NoOp Chain Depth 64 Size 0 Mode ref, Ref Stage 14, run, start, 9848925422516979
1787729859.584479, NoOp Chain Depth 64 Size 0 Mode ref, Ref Stage 14, run, end, 9848925422538307
1787729859.584494, NoOp Chain Depth 64 Size 0 Mode ref, Ref Stage 15, run, start, 9848925422553107
1787729859.584516, NoOp Chain Depth 64 Size 0 Mode ref, Ref Stage 15, run, end, 9848925422574979
1787729859.584531, NoOp Chain Depth 64 Size 0 Mode ref, Ref Stage 16, run, start, 9848925422590003
1787729859.584552, NoOp Chain Depth 64 Size 0 Mode ref, Ref Stage 16, run, end, 9848925422611362
1787729859.584567, NoOp Chain Depth 64 Size 0 Mode ref, Ref Stage 17, run, start, 9848925422626274
1787729859.584589, NoOp Chain Depth 64 Size 0 Mode ref, Ref Stage 17, run, end, 9848925422648306
1787729859.584605, NoOp Chain Depth 64 Size 0 Mode ref, Ref Stage 18, run, start, 9848925422663730
1787729859.584630, NoOp Chain Depth 64 Size 0 Mode ref, Ref Stage 18, run, end, 9848925422690498
1787729859.584643, NoOp Chain Depth 64 Size 0 Mode ref, Ref Stage 19, run, start, 9848925422702690
1787729859.584779, NoOp Chain Depth 64 Size 0 Mode ref, Ref Stage 19, run, end, 9848925422837922
1787729859.584795, NoOp Chain Depth 64 Size 0 Mode ref, Ref Stage 20, run, start, 9848925422853858
1787729859.584817, NoOp Chain Depth 64 Size 0 Mode ref, Ref Stage 20, run, end, 9848925422876786
1787729859.584829, NoOp Chain Depth 64 Size 0 Mode ref, Ref Stage 21, run, start, 9848925422888770
1787729859.584862, NoOp Chain Depth 64 Size 0 Mode ref, Ref Stage 21, run, end, 9848925422920850
1787729859.584877, NoOp Chain Depth 64 Size 0 Mode ref, Ref Stage 22, run, start, 9848925422935794
1787729859.584898, NoOp Chain Depth 64 Size 0 Mode ref, Ref Stage 22, run, end, 9848925422957042
1787729859.584913, NoOp Chain Depth 64 Size 0 Mode ref, Ref Stage 23, run, start, 9848925422972210
1787729859.584934, NoOp Chain Depth 64 Size 0 Mode ref, Ref Stage 23, run, end, 9848925422993682
1787729859.584952, NoOp Chain Depth 64 Size 0 Mode ref, Ref Stage 24, run, start, 9848925423010930
1787729859.584974, NoOp Chain Depth 64 Size 0 Mode ref, Ref Stage 24, run, end, 9848925423033426
1787729859.585094, NoOp Chain Depth 64 Size 0 Mode ref, Ref Stage 25, run, start, 9848925423153074
1787729859.585116, NoOp Chain Depth 64 Size 0 Mode ref, Ref Stage 25, run, end, 9848925423174962
1787729859.585130, NoOp Chain Depth 64 Size 0 Mode ref, Ref Stage 26, run, start, 9848925423189874
1787729859.585152, NoOp Chain Depth 64 Size 0 Mode ref, Ref Stage 26, run, end, 9848925423211218
1787729859.585167, NoOp Chain Depth 64 Size 0 Mode ref, Ref Stage 27, run, start, 9848925423226146
1787729859.585189, NoOp Chain Depth 64 Size 0 Mode ref, Ref Stage 27, run, end, 9848925423248162
1787729859.585204, NoOp Chain Depth 64 Size 0 Mode ref, Ref Stage 28, run, start, 9848925423263378
1787729859.585226, NoOp Chain Depth 64 Size 0 Mode ref, Ref Stage 28, run, end, 9848925423284898
1787729859.585241, NoOp Chain Depth 64 Size 0 Mode ref, Ref Stage 29, run, start, 9848925423299986
1787729859.585263, NoOp Chain Depth 64 Size 0 Mode ref, Ref Stage 29, run, end, 9848925423321954
1787729859.585376, NoOp Chain Depth 64 Size 0 Mode ref, Ref Stage 30, run, start, 9848925423435522
1787729859.585398, NoOp Chain Depth 64 Size 0 Mode ref, Ref Stage 30, run, end, 9848925423457426
1787729859.585413, NoOp Chain Depth 64 Size 0 Mode ref, Ref Stage 31, run, start, 9848925423472850
1787729859.585437, NoOp Chain Depth 64 Size 0 Mode ref, Ref Stage 31, run, end, 9848925423496290
1787729859.585452, NoOp Chain Depth 64 Size 0 Mode ref, Ref Stage 32, run, start, 9848925423511442
1787729859.585474, NoOp Chain Depth 64 Size 0 Mode ref, Ref Stage 32, run, end, 9848925423532866
1787729859.585489, NoOp Chain Depth 64 Size 0 Mode ref, Ref Stage 33, run, start, 9848925423547922
1787729859.585510, NoOp Chain Depth 64 Size 0 Mode ref, Ref Stage 33, run, end, 9848925423569810
1787729859.585526, NoOp Chain Depth 64 Size 0 Mode ref, Ref Stage 34, run, start, 9848925423585090
1787729859.585547, NoOp Chain Depth 64 Size 0 Mode ref, Ref Stage 34, run, end, 9848925423606882
1787729859.585563, NoOp Chain Depth 64 Size 0 Mode ref, Ref Stage 35, run, start, 9848925423622082
1787729859.585585, NoOp Chain Depth 64 Size 0 Mode ref, Ref Stage 35, run, end, 9848925423643858
1787729859.585599, NoOp Chain Depth 64 Size 0 Mode ref, Ref Stage 36, run, start, 9848925423658914
1787729859.585623, NoOp Chain Depth 64 Size 0 Mode ref, Ref Stage 36, run, end, 9848925423682594
1787729859.585635, NoOp Chain Depth 64 Size 0 Mode ref, Ref Stage 37, run, start, 9848925423694466
1787729859.585670, NoOp Chain Depth 64 Size 0 Mode ref, Ref Stage 37, run, end, 9848925423729730
1787729859.585786, NoOp Chain Depth 64 Size 0 Mode ref, Ref Stage 38, run, start, 9848925423845506
1787729859.585808, NoOp Chain Depth 64 Size 0 Mode ref, Ref Stage 38, run, end, 9848925423867538
1787729859.585824, NoOp Chain Depth 64 Size 0 Mode ref, Ref Stage 39, run, start, 9848925423882690
1787729859.585845, NoOp Chain Depth 64 Size 0 Mode ref, Ref Stage 39, run, end, 9848925423904082
1787729859.585860, NoOp Chain Depth 64 Size 0 Mode ref, Ref Stage 40, run, start, 9848925423919202
1787729859.585882, NoOp Chain Depth 64 Size 0 Mode ref, Ref Stage 40, run, end, 9848925423941026
1787729859.585897, NoOp Chain Depth 64 Size 0 Mode ref, Ref Stage 41, run, start, 9848925423956386
1787729859.585921, NoOp Chain Depth 64 Size 0 Mode ref, Ref Stage 41, run, end, 9848925423979698
1787729859.585932, NoOp Chain Depth 64 Size 0 Mode ref, Ref Stage 42, run, start, 9848925423991634
1787729859.585969, NoOp Chain Depth 64 Size 0 Mode ref, Ref Stage 42, run, end, 9848925424028034
1787729859.585984, NoOp Chain Depth 64 Size 0 Mode ref, Ref Stage 43, run, start, 9848925424043106
1787729859.586005, NoOp Chain Depth 64 Size 0 Mode ref, Ref Stage 43, run, end, 9848925424064850
1787729859.586121, NoOp Chain Depth 64 Size 0 Mode ref, Ref Stage 44, run, start, 9848925424180626
1787729859.586143, NoOp Chain Depth 64 Size 0 Mode ref, Ref Stage 44, run, end, 9848925424202946
1787729859.586159, NoOp Chain Depth 64 Size 0 Mode ref, Ref Stage 45, run, start, 9848925424218354
1787729859.586181, NoOp Chain Depth 64 Size 0 Mode ref, Ref Stage 45, run, end, 9848925424240114
1787729859.586196, NoOp Chain Depth 64 Size 0 Mode ref, Ref Stage 46, run, start, 9848925424255346
1787729859.586217, NoOp Chain Depth 64 Size 0 Mode ref, Ref Stage 46, run, end, 9848925424276834
1787729859.586232, NoOp Chain Depth 64 Size 0 Mode ref, Ref Stage 47, run, start, 9848925424291682
1787729859.586256, NoOp Chain Depth 64 Size 0 Mode ref, Ref Stage 47, run, end, 9848925424315634
1787729859.586268, NoOp Chain Depth 64 Size 0 Mode ref, Ref Stage 48, run, start, 9848925424327506
1787729859.586300, NoOp Chain Depth 64 Size 0 Mode ref, Ref Stage 48, run, end, 9848925424359586
1787729859.586316, NoOp Chain Depth 64 Size 0 Mode ref, Ref Stage 49, run, start, 9848925424375666
1787729859.586339, NoOp Chain Depth 64 Size 0 Mode ref, Ref Stage 49, run, end, 9848925424398178
1787729859.586452, NoOp Chain Depth 64 Size 0 Mode ref, Ref Stage 50, run, start, 9848925424511938
1787729859.586474, NoOp Chain Depth 64 Size 0 Mode ref, Ref Stage 50, run, end, 9848925424533874
1787729859.586490, NoOp Chain Depth 64 Size 0 Mode ref, Ref Stage 51, run, start, 9848925424549058
1787729859.586511, NoOp Chain Depth 64 Size 0 Mode ref, Ref Stage 51, run, end, 9848925424570721
1787729859.586526, NoOp Chain Depth 64 Size 0 Mode ref, Ref Stage 52, run, start, 9848925424585953
1787729859.586550, NoOp Chain Depth 64 Size 0 Mode ref, Ref Stage 52, run, end, 9848925424609777
1787729859.586566, NoOp Chain Depth 64 Size 0 Mode ref, Ref Stage 53, run, start, 9848925424625041
1787729859.586587, NoOp Chain Depth 64 Size 0 Mode ref, Ref Stage 53, run, end, 9848925424646577
1787729859.586602, NoOp Chain Depth 64 Size 0 Mode ref, Ref Stage 54, run, start, 9848925424661649
1787729859.586627, NoOp Chain Depth 64 Size 0 Mode ref, Ref Stage 54, run, end, 9848925424686385
1787729859.586639, NoOp Chain Depth 64 Size 0 Mode ref, Ref Stage 55, run, start, 9848925424698257
1787729859.586768, NoOp Chain Depth 64 Size 0 Mode ref, Ref Stage 55, run, end, 9848925424826993
1787729859.586783, NoOp Chain Depth 64 Size 0 Mode ref, Ref Stage 56, run, start, 9848925424842049
1787729859.586804, NoOp Chain Depth 64 Size 0 Mode ref, Ref Stage 56, run, end, 9848925424863777
1787729859.586820, NoOp Chain Depth 64 Size 0 Mode ref, Ref Stage 57, run, start, 9848925424879169
1787729859.586842, NoOp Chain Depth 64 Size 0 Mode ref, Ref Stage 57, run, end, 9848925424900833
1787729859.586857, NoOp Chain Depth 64 Size 0 Mode ref, Ref Stage 58, run, start, 9848925424916321
1787729859.586879, NoOp Chain Depth 64 Size 0 Mode ref, Ref Stage 58, run, end, 9848925424938033
1787729859.586894, NoOp Chain Depth 64 Size 0 Mode ref, Ref Stage 59, run, start, 9848925424953105
1787729859.586915, NoOp Chain Depth 64 Size 0 Mode ref, Ref Stage 59, run, end, 9848925424974881
1787729859.586931, NoOp Chain Depth 64 Size 0 Mode ref, Ref Stage 60, run, start, 9848925424989953
1787729859.586957, NoOp Chain Depth 64 Size 0 Mode ref, Ref Stage 60, run, end, 9848925425016305
1787729859.586969, NoOp Chain Depth 64 Size 0 Mode ref, Ref Stage 61, run, start, 9848925425028321
1787729859.587005, NoOp Chain Depth 64 Size 0 Mode ref, Ref Stage 61, run, end, 9848925425063969
1787729859.587120, NoOp Chain Depth 64 Size 0 Mode ref, Ref Stage 62, run, start, 9848925425179569
1787729859.587142, NoOp Chain Depth 64 Size 0 Mode ref, Ref Stage 62, run, end, 9848925425201473
1787729859.587158, NoOp Chain Depth 64 Size 0 Mode ref, Ref Stage 63, run, start, 9848925425217009
1787729859.587179, NoOp Chain Depth 64 Size 0 Mode ref, Ref Stage 63, run, end, 9848925425238305
1787729859.587194, NoOp Chain Depth 64 Size 0 Mode ref, pipeline - train, run, end, 95805365032223773505975591752980108906, 1787729859.583559, 54, 1, 9848925425253569
1787729859.587229, NoOp Chain Depth 64 Size 0 Mode ref, pipeline - train, run, start, 84841602904765071262447817546377005113, 1787729859.587219, 55, 1, 9848925425288257
1787729859.587255, NoOp Chain Depth 64 Size 0 Mode ref, Ref Stage 0, run, start, 9848925425313841
1787729859.587277, NoOp Chain Depth 64 Size 0 Mode ref, Ref Stage 0, run, end, 9848925425336321
1787729859.587293, NoOp Chain Depth 64 Size 0 Mode ref, Ref Stage 1, run, start, 9848925425352145
1787729859.587315, NoOp Chain Depth 64 Size 0 Mode ref, Ref Stage 1, run, end, 9848925425374177
1787729859.587430, NoOp Chain Depth 64 Size 0 Mode ref, Ref Stage 2, run, start, 9848925425489297
1787729859.587452, NoOp Chain Depth 64 Size 0 Mode ref, Ref Stage 2, run, end, 9848925425511617
1787729859.587467, NoOp Chain Depth 64 Size 0 Mode ref, Ref Stage 3, run, start, 9848925425526801
1787729859.587490, NoOp Chain Depth 64 Size 0 Mode ref, Ref Stage 3, run, end, 9848925425548865
1787729859.587505, NoOp Chain Depth 64 Size 0 Mode ref, Ref Stage 4, run, start, 9848925425564049
1787729859.587527, NoOp Chain Depth 64 Size 0 Mode ref, Ref Stage 4, run, end, 9848925425585777
1787729859.587542, NoOp Chain Depth 64 Size 0 Mode ref, Ref Stage 5, run, start, 9848925425601201
1787729859.587563, NoOp Chain Depth 64 Size 0 Mode ref, Ref Stage 5, run, end, 9848925425622609
1787729859.587578, NoOp Chain Depth 64 Size 0 Mode ref, Ref Stage 6, run, start, 9848925425637825
1787729859.587604, NoOp Chain Depth 64 Size 0 Mode ref, Ref Stage 6, run, end, 9848925425662913
1787729859.587615, NoOp Chain Depth 64 Size 0 Mode ref, Ref Stage 7, run, start, 9848925425674961
1787729859.587648, NoOp Chain Depth 64 Size 0 Mode ref, Ref Stage 7, run, end, 9848925425707281
1787729859.587665, NoOp Chain Depth 64 Size 0 Mode ref, Ref Stage 8, run, start, 9848925425724321
1787729859.587687, NoOp Chain Depth 64 Size 0 Mode ref, Ref Stage 8, run, end, 9848925425746257
1787729859.587803, NoOp Chain Depth 64 Size 0 Mode ref, Ref Stage 9, run, start, 9848925425862897
1787729859.587826, NoOp Chain Depth 64 Size 0 Mode ref, Ref Stage 9, run, end, 9848925425885089
1787729859.587841, NoOp Chain Depth 64 Size 0 Mode ref, Ref Stage 10, run, start, 9848925425900049
1787729859.587862, NoOp Chain Depth 64 Size 0 Mode ref, Ref Stage 10, run, end, 9848925425921505
1787729859.587877, NoOp Chain Depth 64 Size 0 Mode ref, Ref Stage 11, run, start, 9848925425936385
1787729859.587901, NoOp Chain Depth 64 Size 0 Mode ref, Ref Stage 11, run, end, 9848925425960401
1787729859.587913, NoOp Chain Depth 64 Size 0 Mode ref, Ref Stage 12, run, start, 9848925425972209
1787729859.587946, NoOp Chain Depth 64 Size 0 Mode ref, Ref Stage 12, run, end, 9848925426005505
1787729859.587962, NoOp Chain Depth 64 Size 0 Mode ref, Ref Stage 13, run, start, 9848925426021281
1787729859.587984, NoOp Chain Depth 64 Size 0 Mode ref, Ref Stage 13, run, end, 9848925426042913
1787729859.588100, NoOp Chain Depth 64 Size 0 Mode ref, Ref Stage 14, run, start, 9848925426159329
1787729859.588122, NoOp Chain Depth 64 Size 0 Mode ref, Ref Stage 14, run, end, 9848925426181617
1787729859.588137, NoOp Chain Depth 64 Size 0 Mode ref, Ref Stage 15, run, start, 9848925426196817
1787729859.588159, NoOp Chain Depth 64 Size 0 Mode ref, Ref Stage 15, run, end, 9848925426218545
1787729859.588174, NoOp Chain Depth 64 Size 0 Mode ref, Ref Stage 16, run, start, 9848925426233761
1787729859.588196, NoOp Chain Depth 64 Size 0 Mode ref, Ref Stage 16, run, end, 9848925426255697
1787729859.588212, NoOp Chain Depth 64 Size 0 Mode ref, Ref Stage 17, run, start, 9848925426270785
1787729859.588235, NoOp Chain Depth 64 Size 0 Mode ref, Ref Stage 17, run, end, 9848925426293985
1787729859.588247, NoOp Chain Depth 64 Size 0 Mode ref, Ref Stage 18, run, start, 9848925426306257
1787729859.588282, NoOp Chain Depth 64 Size 0 Mode ref, Ref Stage 18, run, end, 9848925426341537
1787729859.588294, NoOp Chain Depth 64 Size 0 Mode ref, Ref Stage 19, run, start, 9848925426353537
1787729859.588330, NoOp Chain Depth 64 Size 0 Mode ref, Ref Stage 19, run, end, 9848925426389041
1787729859.588342, NoOp Chain Depth 64 Size 0 Mode ref, Ref Stage 20, run, start, 9848925426401697
1787729859.588472, NoOp Chain Depth 64 Size 0 Mode ref, Ref Stage 20, run, end, 9848925426531393
1787729859.588484, NoOp Chain Depth 64 Size 0 Mode ref, Ref Stage 21, run, start, 9848925426543472
1787729859.588517, NoOp Chain Depth 64 Size 0 Mode ref, Ref Stage 21, run, end, 9848925426576384
1787729859.588533, NoOp Chain Depth 64 Size 0 Mode ref, Ref Stage 22, run, start, 9848925426592944
1787729859.588556, NoOp Chain Depth 64 Size 0 Mode ref, Ref Stage 22, run, end, 9848925426614848
1787729859.588571, NoOp Chain Depth 64 Size 0 Mode ref, Ref Stage 23, run, start, 9848925426630368
1787729859.588593, NoOp Chain Depth 64 Size 0 Mode ref, Ref Stage 23, run, end, 9848925426652176
1787729859.588609, NoOp Chain Depth 64 Size 0 Mode ref, Ref Stage 24, run, start, 9848925426668016
1787729859.588633, NoOp Chain Depth 64 Size 0 Mode ref, Ref Stage 24, run, end, 9848925426692848
1787729859.588645, NoOp Chain Depth 64 Size 0 Mode ref, Ref Stage 25, run, start, 9848925426704704
1787729859.588778, NoOp Chain Depth 64 Size 0 Mode ref, Ref Stage 25, run, end, 9848925426837184
1787729859.588793, NoOp Chain Depth 64 Size 0 Mode ref, Ref Stage 26, run, start, 9848925426852256
1787729859.588814, NoOp Chain Depth 64 Size 0 Mode ref, Ref Stage 26, run, end, 9848925426873744
1787729859.588830, NoOp Chain Depth 64 Size 0 Mode ref, Ref Stage 27, run, start, 9848925426888960
1787729859.588851, NoOp Chain Depth 64 Size 0 Mode ref, Ref Stage 27, run, end, 9848925426910688
1787729859.588866, NoOp Chain Depth 64 Size 0 Mode ref, Ref Stage 28, run, start, 9848925426925888
1787729859.588890, NoOp Chain Depth 64 Size 0 Mode ref, Ref Stage 28, run, end, 9848925426949680
1787729859.588906, NoOp Chain Depth 64 Size 0 Mode ref, Ref Stage 29, run, start, 9848925426964944
1787729859.588929, NoOp Chain Depth 64 Size 0 Mode ref, Ref Stage 29, run, end, 9848925426988304
1787729859.588941, NoOp Chain Depth 64 Size 0 Mode ref, Ref Stage 30, run, start, 9848925427001904
1787729859.588979, NoOp Chain Depth 64 Size 0 Mode ref, Ref Stage 30, run, end, 9848925427038736
1787729859.588991, NoOp Chain Depth 64 Size 0 Mode ref, Ref Stage 31, run, start, 9848925427050656
1787729859.589124, NoOp Chain Depth 64 Size 0 Mode ref, Ref Stage 31, run, end, 9848925427183808
1787729859.589139, NoOp Chain Depth 64 Size 0 Mode ref, Ref Stage 32, run, start, 9848925427198976
1787729859.589161, NoOp Chain Depth 64 Size 0 Mode ref, Ref Stage 32, run, end, 9848925427220496
1787729859.589176, NoOp Chain Depth 64 Size 0 Mode ref, Ref Stage 33, run, start, 9848925427235584
1787729859.589198, NoOp Chain Depth 64 Size 0 Mode ref, Ref Stage 33, run, end, 9848925427257632
1787729859.589213, NoOp Chain Depth 64 Size 0 Mode ref, Ref Stage 34, run, start, 9848925427272688
1787729859.589237, NoOp Chain Depth 64 Size 0 Mode ref, Ref Stage 34, run, end, 9848925427296064
1787729859.589252, NoOp Chain Depth 64 Size 0 Mode ref, Ref Stage 35, run, start, 9848925427311280
1787729859.589277, NoOp Chain Depth 64 Size 0 Mode ref, Ref Stage 35, run, end, 9848925427336528
1787729859.589289, NoOp Chain Depth 64 Size 0 Mode ref, Ref Stage 36, run, start, 9848925427348352
1787729859.589422, NoOp Chain Depth 64 Size 0 Mode ref, Ref Stage 36, run, end, 9848925427481008
1787729859.589437, NoOp Chain Depth 64 Size 0 Mode ref, Ref Stage 37, run, start, 9848925427496064
1787729859.589460, NoOp Chain Depth 64 Size 0 Mode ref, Ref Stage 37, run, end, 9848925427519344
1787729859.589472, NoOp Chain Depth 64 Size 0 Mode ref, Ref Stage 38, run, start, 9848925427531168
1787729859.589504, NoOp Chain Depth 64 Size 0 Mode ref, Ref Stage 38, run, end, 9848925427563184
1787729859.589519, NoOp Chain Depth 64 Size 0 Mode ref, Ref Stage 39, run, start, 9848925427578256
1787729859.589540, NoOp Chain Depth 64 Size 0 Mode ref, Ref Stage 39, run, end, 9848925427599696
1787729859.589556, NoOp Chain Depth 64 Size 0 Mode ref, Ref Stage 40, run, start, 9848925427615472
1787729859.589579, NoOp Chain Depth 64 Size 0 Mode ref, Ref Stage 40, run, end, 9848925427638640
1787729859.589591, NoOp Chain Depth 64 Size 0 Mode ref, Ref Stage 41, run, start, 9848925427650368
1787729859.589623, NoOp Chain Depth 64 Size 0 Mode ref, Ref Stage 41, run, end, 9848925427682912
1787729859.589640, NoOp Chain Depth 64 Size 0 Mode ref, Ref Stage 42, run, start, 9848925427699152
1787729859.589661, NoOp Chain Depth 64 Size 0 Mode ref, Ref Stage 42, run, end, 9848925427721696
1787729859.589779, NoOp Chain Depth 64 Size 0 Mode ref, Ref Stage 43, run, start, 9848925427838352
1787729859.589801, NoOp Chain Depth 64 Size 0 Mode ref, Ref Stage 43, run, end, 9848925427860528
1787729859.589816, NoOp Chain Depth 64 Size 0 Mode ref, Ref Stage 44, run, start, 9848925427875600
1787729859.589838, NoOp Chain Depth 64 Size 0 Mode ref, Ref Stage 44, run, end, 9848925427897600
1787729859.589854, NoOp Chain Depth 64 Size 0 Mode ref, Ref Stage 45, run, start, 9848925427912832
1787729859.589875, NoOp Chain Depth 64 Size 0 Mode ref, Ref Stage 45, run, end, 9848925427934768
1787729859.589890, NoOp Chain Depth 64 Size 0 Mode ref, Ref Stage 46, run, start, 9848925427949840
1787729859.589912, NoOp Chain Depth 64 Size 0 Mode ref, Ref Stage 46, run, end, 9848925427971536
1787729859.589927, NoOp Chain Depth 64 Size 0 Mode ref, Ref Stage 47, run, start, 9848925427986928
1787729859.589951, NoOp Chain Depth 64 Size 0 Mode ref, Ref Stage 47, run, end, 9848925428010160
1787729859.590066, NoOp Chain Depth 64 Size 0 Mode ref, Ref Stage 48, run, start, 9848925428125872
1787729859.590089, NoOp Chain Depth 64 Size 0 Mode ref, Ref Stage 48, run, end, 9848925428148336
1787729859.590104, NoOp Chain Depth 64 Size 0 Mode ref, Ref Stage 49, run, start, 9848925428163456
1787729859.590129, NoOp Chain Depth 64 Size 0 Mode ref, Ref Stage 49, run, end, 9848925428188864
1787729859.590142, NoOp Chain Depth 64 Size 0 Mode ref, Ref Stage 50, run, start, 9848925428200800
1787729859.590174, NoOp Chain Depth 64 Size 0 Mode ref, Ref Stage 50, run, end, 9848925428233504
1787729859.590189, NoOp Chain Depth 64 Size 0 Mode ref, Ref Stage 51, run, start, 9848925428248896
1787729859.590212, NoOp Chain Depth 64 Size 0 Mode ref, Ref Stage 51, run, end, 9848925428270864
1787729859.590228, NoOp Chain Depth 64 Size 0 Mode ref, Ref Stage 52, run, start, 9848925428286976
1787729859.590250, NoOp Chain Depth 64 Size 0 Mode ref, Ref Stage 52, run, end, 9848925428309008
1787729859.590265, NoOp Chain Depth 64 Size 0 Mode ref, Ref Stage 53, run, start, 9848925428324496
1787729859.590289, NoOp Chain Depth 64 Size 0 Mode ref, Ref Stage 53, run, end, 9848925428348240
1787729859.590301, NoOp Chain Depth 64 Size 0 Mode ref, Ref Stage 54, run, start, 9848925428360224
1787729859.590333, NoOp Chain Depth 64 Size 0 Mode ref, Ref Stage 54, run, end, 9848925428392191
1787729859.590349, NoOp Chain Depth 64 Size 0 Mode ref, Ref Stage 55, run, start, 9848925428408527
1787729859.590376, NoOp Chain Depth 64 Size 0 Mode ref, Ref Stage 55, run, end, 9848925428434863
1787729859.590492, NoOp Chain Depth 64 Size 0 Mode ref, Ref Stage 56, run, start, 9848925428551599
1787729859.590515, NoOp Chain Depth 64 Size 0 Mode ref, Ref Stage 56, run, end, 9848925428574031
1787729859.590530, NoOp Chain Depth 64 Size 0 Mode ref, Ref Stage 57, run, start, 9848925428589279
1787729859.590552, NoOp Chain Depth 64 Size 0 Mode ref, Ref Stage 57, run, end, 9848925428610847
1787729859.590567, NoOp Chain Depth 64 Size 0 Mode ref, Ref Stage 58, run, start, 9848925428626015
1787729859.590589, NoOp Chain Depth 64 Size 0 Mode ref, Ref Stage 58, run, end, 9848925428648159
1787729859.590604, NoOp Chain Depth 64 Size 0 Mode ref, Ref Stage 59, run, start, 9848925428663375
1787729859.590630, NoOp Chain Depth 64 Size 0 Mode ref, Ref Stage 59, run, end, 9848925428688895
1787729859.590641, NoOp Chain Depth 64 Size 0 Mode ref, Ref Stage 60, run, start, 9848925428700879
1787729859.590771, NoOp Chain Depth 64 Size 0 Mode ref, Ref Stage 60, run, end, 9848925428830703
1787729859.590786, NoOp Chain Depth 64 Size 0 Mode ref, Ref Stage 61, run, start, 9848925428845871
1787729859.590810, NoOp Chain Depth 64 Size 0 Mode ref, Ref Stage 61, run, end, 9848925428869279
1787729859.590822, NoOp Chain Depth 64 Size 0 Mode ref, Ref Stage 62, run, start, 9848925428881087
1787729859.590854, NoOp Chain Depth 64 Size 0 Mode ref, Ref Stage 62, run, end, 9848925428912831
1787729859.590869, NoOp Chain Depth 64 Size 0 Mode ref, Ref Stage 63, run, start, 9848925428928479
1787729859.590890, NoOp Chain Depth 64 Size 0 Mode ref, Ref Stage 63, run, end, 9848925428949967
1787729859.590907, NoOp Chain Depth 64 Size 0 Mode ref, pipeline - train, run, end, 84841602904765071262447817546377005113, 1787729859.587219, 55, 1, 9848925428966191
1787729859.590945, NoOp Chain Depth 64 Size 0 Mode ref, pipeline - train, run, start, 219781372616482600808359706861865940288, 1787729859.590931, 56, 1, 9848925429004895
1787729859.590969, NoOp Chain Depth 64 Size 0 Mode ref, Ref Stage 0, run, start, 9848925429028239
1787729859.590991, NoOp Chain Depth 64 Size 0 Mode ref, Ref Stage 0, run, end, 9848925429050287
1787729859.591007, NoOp Chain Depth 64 Size 0 Mode ref, Ref Stage 1, run, start, 9848925429066319
1787729859.591034, NoOp Chain Depth 64 Size 0 Mode ref, Ref Stage 1, run, end, 9848925429092943
1787729859.591046, NoOp Chain Depth 64 Size 0 Mode ref, Ref Stage 2, run, start, 9848925429104943
1787729859.591176, NoOp Chain Depth 64 Size 0 Mode ref, Ref Stage 2, run, end, 9848925429235119
1787729859.591191, NoOp Chain Depth 64 Size 0 Mode ref, Ref Stage 3, run, start, 9848925429250239
1787729859.591213, NoOp Chain Depth 64 Size 0 Mode ref, Ref Stage 3, run, end, 9848925429272383
1787729859.591228, NoOp Chain Depth 64 Size 0 Mode ref, Ref Stage 4, run, start, 9848925429287615
1787729859.591250, NoOp Chain Depth 64 Size 0 Mode ref, Ref Stage 4, run, end, 9848925429309087
1787729859.591267, NoOp Chain Depth 64 Size 0 Mode ref, Ref Stage 5, run, start, 9848925429325807
1787729859.591288, NoOp Chain Depth 64 Size 0 Mode ref, Ref Stage 5, run, end, 9848925429347583
1787729859.591304, NoOp Chain Depth 64 Size 0 Mode ref, Ref Stage 6, run, start, 9848925429363439
1787729859.591326, NoOp Chain Depth 64 Size 0 Mode ref, Ref Stage 6, run, end, 9848925429385375
1787729859.591441, NoOp Chain Depth 64 Size 0 Mode ref, Ref Stage 7, run, start, 9848925429500271
1787729859.591463, NoOp Chain Depth 64 Size 0 Mode ref, Ref Stage 7, run, end, 9848925429522799
1787729859.591479, NoOp Chain Depth 64 Size 0 Mode ref, Ref Stage 8, run, start, 9848925429537999
1787729859.591502, NoOp Chain Depth 64 Size 0 Mode ref, Ref Stage 8, run, end, 9848925429561727
1787729859.591514, NoOp Chain Depth 64 Size 0 Mode ref, Ref Stage 9, run, start, 9848925429573807
1787729859.591547, NoOp Chain Depth 64 Size 0 Mode ref, Ref Stage 9, run, end, 9848925429605855
1787729859.591562, NoOp Chain Depth 64 Size 0 Mode ref, Ref Stage 10, run, start, 9848925429620831
1787729859.591583, NoOp Chain Depth 64 Size 0 Mode ref, Ref Stage 10, run, end, 9848925429642527
1787729859.591599, NoOp Chain Depth 64 Size 0 Mode ref, Ref Stage 11, run, start, 9848925429658735
1787729859.591621, NoOp Chain Depth 64 Size 0 Mode ref, Ref Stage 11, run, end, 9848925429680255
1787729859.591636, NoOp Chain Depth 64 Size 0 Mode ref, Ref Stage 12, run, start, 9848925429695231
1787729859.591658, NoOp Chain Depth 64 Size 0 Mode ref, Ref Stage 12, run, end, 9848925429717215
1787729859.591774, NoOp Chain Depth 64 Size 0 Mode ref, Ref Stage 13, run, start, 9848925429833087
1787729859.591796, NoOp Chain Depth 64 Size 0 Mode ref, Ref Stage 13, run, end, 9848925429855247
1787729859.591811, NoOp Chain Depth 64 Size 0 Mode ref, Ref Stage 14, run, start, 9848925429870447
1787729859.591833, NoOp Chain Depth 64 Size 0 Mode ref, Ref Stage 14, run, end, 9848925429892223
1787729859.591848, NoOp Chain Depth 64 Size 0 Mode ref, Ref Stage 15, run, start, 9848925429907311
1787729859.591870, NoOp Chain Depth 64 Size 0 Mode ref, Ref Stage 15, run, end, 9848925429929215
1787729859.591885, NoOp Chain Depth 64 Size 0 Mode ref, Ref Stage 16, run, start, 9848925429944303
1787729859.591907, NoOp Chain Depth 64 Size 0 Mode ref, Ref Stage 16, run, end, 9848925429966351
1787729859.591922, NoOp Chain Depth 64 Size 0 Mode ref, Ref Stage 17, run, start, 9848925429981551
1787729859.591945, NoOp Chain Depth 64 Size 0 Mode ref, Ref Stage 17, run, end, 9848925430004911
1787729859.591962, NoOp Chain Depth 64 Size 0 Mode ref, Ref Stage 18, run, start, 9848925430021199
1787729859.591987, NoOp Chain Depth 64 Size 0 Mode ref, Ref Stage 18, run, end, 9848925430046399
1787729859.591999, NoOp Chain Depth 64 Size 0 Mode ref, Ref Stage 19, run, start, 9848925430058351
1787729859.592129, NoOp Chain Depth 64 Size 0 Mode ref, Ref Stage 19, run, end, 9848925430188207
1787729859.592144, NoOp Chain Depth 64 Size 0 Mode ref, Ref Stage 20, run, start, 9848925430203743
1787729859.592168, NoOp Chain Depth 64 Size 0 Mode ref, Ref Stage 20, run, end, 9848925430227087
1787729859.592184, NoOp Chain Depth 64 Size 0 Mode ref, Ref Stage 21, run, start, 9848925430243439
1787729859.592206, NoOp Chain Depth 64 Size 0 Mode ref, Ref Stage 21, run, end, 9848925430264975
1787729859.592221, NoOp Chain Depth 64 Size 0 Mode ref, Ref Stage 22, run, start, 9848925430280063
1787729859.592242, NoOp Chain Depth 64 Size 0 Mode ref, Ref Stage 22, run, end, 9848925430301807
1787729859.592257, NoOp Chain Depth 64 Size 0 Mode ref, Ref Stage 23, run, start, 9848925430316703
1787729859.592281, NoOp Chain Depth 64 Size 0 Mode ref, Ref Stage 23, run, end, 9848925430340111
1787729859.592293, NoOp Chain Depth 64 Size 0 Mode ref, Ref Stage 24, run, start, 9848925430352175
1787729859.592326, NoOp Chain Depth 64 Size 0 Mode ref, Ref Stage 24, run, end, 9848925430384927
1787729859.592341, NoOp Chain Depth 64 Size 0 Mode ref, Ref Stage 25, run, start, 9848925430400174
1787729859.592364, NoOp Chain Depth 64 Size 0 Mode ref, Ref Stage 25, run, end, 9848925430423166
1787729859.592483, NoOp Chain Depth 64 Size 0 Mode ref, Ref Stage 26, run, start, 9848925430542030
1787729859.592505, NoOp Chain Depth 64 Size 0 Mode ref, Ref Stage 26, run, end, 9848925430564206
1787729859.592520, NoOp Chain Depth 64 Size 0 Mode ref, Ref Stage 27, run, start, 9848925430579310
1787729859.592542, NoOp Chain Depth 64 Size 0 Mode ref, Ref Stage 27, run, end, 9848925430601166
1787729859.592557, NoOp Chain Depth 64 Size 0 Mode ref, Ref Stage 28, run, start, 9848925430616222
1787729859.592579, NoOp Chain Depth 64 Size 0 Mode ref, Ref Stage 28, run, end, 9848925430637982
1787729859.592594, NoOp Chain Depth 64 Size 0 Mode ref, Ref Stage 29, run, start, 9848925430653390
1787729859.592619, NoOp Chain Depth 64 Size 0 Mode ref, Ref Stage 29, run, end, 9848925430678574
1787729859.592631, NoOp Chain Depth 64 Size 0 Mode ref, Ref Stage 30, run, start, 9848925430690558
1787729859.592759, NoOp Chain Depth 64 Size 0 Mode ref, Ref Stage 30, run, end, 9848925430818478
1787729859.592774, NoOp Chain Depth 64 Size 0 Mode ref, Ref Stage 31, run, start, 9848925430833822
1787729859.592796, NoOp Chain Depth 64 Size 0 Mode ref, Ref Stage 31, run, end, 9848925430855566
1787729859.592811, NoOp Chain Depth 64 Size 0 Mode ref, Ref Stage 32, run, start, 9848925430870670
1787729859.592833, NoOp Chain Depth 64 Size 0 Mode ref, Ref Stage 32, run, end, 9848925430892302
1787729859.592849, NoOp Chain Depth 64 Size 0 Mode ref, Ref Stage 33, run, start, 9848925430907902
1787729859.592870, NoOp Chain Depth 64 Size 0 Mode ref, Ref Stage 33, run, end, 9848925430929358
1787729859.592885, NoOp Chain Depth 64 Size 0 Mode ref, Ref Stage 34, run, start, 9848925430944206
1787729859.592908, NoOp Chain Depth 64 Size 0 Mode ref, Ref Stage 34, run, end, 9848925430967662
1787729859.592920, NoOp Chain Depth 64 Size 0 Mode ref, Ref Stage 35, run, start, 9848925430979630
1787729859.592954, NoOp Chain Depth 64 Size 0 Mode ref, Ref Stage 35, run, end, 9848925431013262
1787729859.592969, NoOp Chain Depth 64 Size 0 Mode ref, Ref Stage 36, run, start, 9848925431028766
1787729859.592992, NoOp Chain Depth 64 Size 0 Mode ref, Ref Stage 36, run, end, 9848925431050670
1787729859.593007, NoOp Chain Depth 64 Size 0 Mode ref, Ref Stage 37, run, start, 9848925431066206
1787729859.593029, NoOp Chain Depth 64 Size 0 Mode ref, Ref Stage 37, run, end, 9848925431087790
1787729859.593149, NoOp Chain Depth 64 Size 0 Mode ref, Ref Stage 38, run, start, 9848925431208526
1787729859.593172, NoOp Chain Depth 64 Size 0 Mode ref, Ref Stage 38, run, end, 9848925431231246
1787729859.593187, NoOp Chain Depth 64 Size 0 Mode ref, Ref Stage 39, run, start, 9848925431246638
1787729859.593209, NoOp Chain Depth 64 Size 0 Mode ref, Ref Stage 39, run, end, 9848925431268686
1787729859.593225, NoOp Chain Depth 64 Size 0 Mode ref, Ref Stage 40, run, start, 9848925431283614
1787729859.593246, NoOp Chain Depth 64 Size 0 Mode ref, Ref Stage 40, run, end, 9848925431305454
1787729859.593261, NoOp Chain Depth 64 Size 0 Mode ref, Ref Stage 41, run, start, 9848925431320670
1787729859.593283, NoOp Chain Depth 64 Size 0 Mode ref, Ref Stage 41, run, end, 9848925431342302
1787729859.593299, NoOp Chain Depth 64 Size 0 Mode ref, Ref Stage 42, run, start, 9848925431357982
1787729859.593323, NoOp Chain Depth 64 Size 0 Mode ref, Ref Stage 42, run, end, 9848925431382926
1787729859.593336, NoOp Chain Depth 64 Size 0 Mode ref, Ref Stage 43, run, start, 9848925431394942
1787729859.593469, NoOp Chain Depth 64 Size 0 Mode ref, Ref Stage 43, run, end, 9848925431528094
1787729859.593484, NoOp Chain Depth 64 Size 0 Mode ref, Ref Stage 44, run, start, 9848925431543134
1787729859.593506, NoOp Chain Depth 64 Size 0 Mode ref, Ref Stage 44, run, end, 9848925431564974
1787729859.593521, NoOp Chain Depth 64 Size 0 Mode ref, Ref Stage 45, run, start, 9848925431580142
1787729859.593543, NoOp Chain Depth 64 Size 0 Mode ref, Ref Stage 45, run, end, 9848925431602110
1787729859.593558, NoOp Chain Depth 64 Size 0 Mode ref, Ref Stage 46, run, start, 9848925431617694
1787729859.593582, NoOp Chain Depth 64 Size 0 Mode ref, Ref Stage 46, run, end, 9848925431641390
1787729859.593597, NoOp Chain Depth 64 Size 0 Mode ref, Ref Stage 47, run, start, 9848925431656606
1787729859.593621, NoOp Chain Depth 64 Size 0 Mode ref, Ref Stage 47, run, end, 9848925431679870
1787729859.593633, NoOp Chain Depth 64 Size 0 Mode ref, Ref Stage 48, run, start, 9848925431692414
1787729859.593665, NoOp Chain Depth 64 Size 0 Mode ref, Ref Stage 48, run, end, 9848925431724590
1787729859.593680, NoOp Chain Depth 64 Size 0 Mode ref, Ref Stage 49, run, start, 9848925431739614
1787729859.593702, NoOp Chain Depth 64 Size 0 Mode ref, Ref Stage 49, run, end, 9848925431761646
1787729859.593719, NoOp Chain Depth 64 Size 0 Mode ref, Ref Stage 50, run, start, 9848925431777966
1787729859.593741, NoOp Chain Depth 64 Size 0 Mode ref, Ref Stage 50, run, end, 9848925431800718
1787729859.593759, NoOp Chain Depth 64 Size 0 Mode ref, Ref Stage 51, run, start, 9848925431817742
1787729859.593781, NoOp Chain Depth 64 Size 0 Mode ref, Ref Stage 51, run, end, 9848925431840270
1787729859.593796, NoOp Chain Depth 64 Size 0 Mode ref, Ref Stage 52, run, start, 9848925431855886
1787729859.593819, NoOp Chain Depth 64 Size 0 Mode ref, Ref Stage 52, run, end, 9848925431878270
1787729859.593940, NoOp Chain Depth 64 Size 0 Mode ref, Ref Stage 53, run, start, 9848925431999422
1787729859.593965, NoOp Chain Depth 64 Size 0 Mode ref, Ref Stage 53, run, end, 9848925432023886
1787729859.593980, NoOp Chain Depth 64 Size 0 Mode ref, Ref Stage 54, run, start, 9848925432039102
1787729859.594001, NoOp Chain Depth 64 Size 0 Mode ref, Ref Stage 54, run, end, 9848925432060558
1787729859.594017, NoOp Chain Depth 64 Size 0 Mode ref, Ref Stage 55, run, start, 9848925432075726
1787729859.594040, NoOp Chain Depth 64 Size 0 Mode ref, Ref Stage 55, run, end, 9848925432099358
1787729859.594052, NoOp Chain Depth 64 Size 0 Mode ref, Ref Stage 56, run, start, 9848925432111326
1787729859.594084, NoOp Chain Depth 64 Size 0 Mode ref, Ref Stage 56, run, end, 9848925432143182
1787729859.594099, NoOp Chain Depth 64 Size 0 Mode ref, Ref Stage 57, run, start, 9848925432158382
1787729859.594121, NoOp Chain Depth 64 Size 0 Mode ref, Ref Stage 57, run, end, 9848925432180094
1787729859.594236, NoOp Chain Depth 64 Size 0 Mode ref, Ref Stage 58, run, start, 9848925432296030
1787729859.594259, NoOp Chain Depth 64 Size 0 Mode ref, Ref Stage 58, run, end, 9848925432318222
1787729859.594274, NoOp Chain Depth 64 Size 0 Mode ref, Ref Stage 59, run, start, 9848925432333533
1787729859.594296, NoOp Chain Depth 64 Size 0 Mode ref, Ref Stage 59, run, end, 9848925432355325
1787729859.594311, NoOp Chain Depth 64 Size 0 Mode ref, Ref Stage 60, run, start, 9848925432370285
1787729859.594333, NoOp Chain Depth 64 Size 0 Mode ref, Ref Stage 60, run, end, 9848925432391917
1787729859.594348, NoOp Chain Depth 64 Size 0 Mode ref, Ref Stage 61, run, start, 9848925432407245
1787729859.594370, NoOp Chain Depth 64 Size 0 Mode ref, Ref Stage 61, run, end, 9848925432429117
1787729859.594385, NoOp Chain Depth 64 Size 0 Mode ref, Ref Stage 62, run, start, 9848925432444685
1787729859.594407, NoOp Chain Depth 64 Size 0 Mode ref, Ref Stage 62, run, end, 9848925432466237
1787729859.594422, NoOp Chain Depth 64 Size 0 Mode ref, Ref Stage 63, run, start, 9848925432481725
1787729859.594444, NoOp Chain Depth 64 Size 0 Mode ref, Ref Stage 63, run, end, 9848925432503421
1787729859.594459, NoOp Chain Depth 64 Size 0 Mode ref, pipeline - train, run, end, 219781372616482600808359706861865940288, 1787729859.590931, 56, 1, 9848925432518877
1787729859.594505, NoOp Chain Depth 64 Size 0 Mode ref, pipeline - train, run, start, 44568888229759977714587600827333230829, 1787729859.594490, 57, 1, 9848925432565005
1787729859.594632, NoOp Chain Depth 64 Size 0 Mode ref, Ref Stage 0, run, start, 9848925432692109
1787729859.594656, NoOp Chain Depth 64 Size 0 Mode ref, Ref Stage 0, run, end, 9848925432714861
1787729859.594671, NoOp Chain Depth 64 Size 0 Mode ref, Ref Stage 1, run, start, 9848925432730557
1787729859.594693, NoOp Chain Depth 64 Size 0 Mode ref, Ref Stage 1, run, end, 9848925432752669
1787729859.594711, NoOp Chain Depth 64 Size 0 Mode ref, Ref Stage 2, run, start, 9848925432769789
1787729859.594732, NoOp Chain Depth 64 Size 0 Mode ref, Ref Stage 2, run, end, 9848925432791709
1787729859.594747, NoOp Chain Depth 64 Size 0 Mode ref, Ref Stage 3, run, start, 9848925432806829
1787729859.594770, NoOp Chain Depth 64 Size 0 Mode ref, Ref Stage 3, run, end, 9848925432828877
1787729859.594785, NoOp Chain Depth 64 Size 0 Mode ref, Ref Stage 4, run, start, 9848925432844957
1787729859.594808, NoOp Chain Depth 64 Size 0 Mode ref, Ref Stage 4, run, end, 9848925432866957
1787729859.594923, NoOp Chain Depth 64 Size 0 Mode ref, Ref Stage 5, run, start, 9848925432982189
1787729859.594947, NoOp Chain Depth 64 Size 0 Mode ref, Ref Stage 5, run, end, 9848925433006141
1787729859.594963, NoOp Chain Depth 64 Size 0 Mode ref, Ref Stage 6, run, start, 9848925433021933
1787729859.594986, NoOp Chain Depth 64 Size 0 Mode ref, Ref Stage 6, run, end, 9848925433045725
1787729859.594999, NoOp Chain Depth 64 Size 0 Mode ref, Ref Stage 7, run, start, 9848925433058173
1787729859.595031, NoOp Chain Depth 64 Size 0 Mode ref, Ref Stage 7, run, end, 9848925433090541
1787729859.595046, NoOp Chain Depth 64 Size 0 Mode ref, Ref Stage 8, run, start, 9848925433105405
1787729859.595068, NoOp Chain Depth 64 Size 0 Mode ref, Ref Stage 8, run, end, 9848925433127293
1787729859.595084, NoOp Chain Depth 64 Size 0 Mode ref, Ref Stage 9, run, start, 9848925433143229
1787729859.595106, NoOp Chain Depth 64 Size 0 Mode ref, Ref Stage 9, run, end, 9848925433164829
1787729859.595120, NoOp Chain Depth 64 Size 0 Mode ref, Ref Stage 10, run, start, 9848925433179757
1787729859.595142, NoOp Chain Depth 64 Size 0 Mode ref, Ref Stage 10, run, end, 9848925433201277
1787729859.595158, NoOp Chain Depth 64 Size 0 Mode ref, Ref Stage 11, run, start, 9848925433217549
1787729859.595180, NoOp Chain Depth 64 Size 0 Mode ref, Ref Stage 11, run, end, 9848925433239341
1787729859.595298, NoOp Chain Depth 64 Size 0 Mode ref, Ref Stage 12, run, start, 9848925433357485
1787729859.595320, NoOp Chain Depth 64 Size 0 Mode ref, Ref Stage 12, run, end, 9848925433379933
1787729859.595336, NoOp Chain Depth 64 Size 0 Mode ref, Ref Stage 13, run, start, 9848925433395357
1787729859.595358, NoOp Chain Depth 64 Size 0 Mode ref, Ref Stage 13, run, end, 9848925433417389
1787729859.595373, NoOp Chain Depth 64 Size 0 Mode ref, Ref Stage 14, run, start, 9848925433432541
1787729859.595395, NoOp Chain Depth 64 Size 0 Mode ref, Ref Stage 14, run, end, 9848925433454669
1787729859.595410, NoOp Chain Depth 64 Size 0 Mode ref, Ref Stage 15, run, start, 9848925433469773
1787729859.595433, NoOp Chain Depth 64 Size 0 Mode ref, Ref Stage 15, run, end, 9848925433492093
1787729859.595448, NoOp Chain Depth 64 Size 0 Mode ref, Ref Stage 16, run, start, 9848925433507517
1787729859.595471, NoOp Chain Depth 64 Size 0 Mode ref, Ref Stage 16, run, end, 9848925433529885
1787729859.595586, NoOp Chain Depth 64 Size 0 Mode ref, Ref Stage 17, run, start, 9848925433645773
1787729859.595609, NoOp Chain Depth 64 Size 0 Mode ref, Ref Stage 17, run, end, 9848925433668045
1787729859.595624, NoOp Chain Depth 64 Size 0 Mode ref, Ref Stage 18, run, start, 9848925433683629
1787729859.595646, NoOp Chain Depth 64 Size 0 Mode ref, Ref Stage 18, run, end, 9848925433705741
1787729859.595662, NoOp Chain Depth 64 Size 0 Mode ref, Ref Stage 19, run, start, 9848925433720973
1787729859.595683, NoOp Chain Depth 64 Size 0 Mode ref, Ref Stage 19, run, end, 9848925433742653
1787729859.595699, NoOp Chain Depth 64 Size 0 Mode ref, Ref Stage 20, run, start, 9848925433758285
1787729859.595721, NoOp Chain Depth 64 Size 0 Mode ref, Ref Stage 20, run, end, 9848925433779885
1787729859.595736, NoOp Chain Depth 64 Size 0 Mode ref, Ref Stage 21, run, start, 9848925433794941
1787729859.595758, NoOp Chain Depth 64 Size 0 Mode ref, Ref Stage 21, run, end, 9848925433817085
1787729859.595773, NoOp Chain Depth 64 Size 0 Mode ref, Ref Stage 22, run, start, 9848925433832381
1787729859.595795, NoOp Chain Depth 64 Size 0 Mode ref, Ref Stage 22, run, end, 9848925433854189
1787729859.595812, NoOp Chain Depth 64 Size 0 Mode ref, Ref Stage 23, run, start, 9848925433870781
1787729859.595834, NoOp Chain Depth 64 Size 0 Mode ref, Ref Stage 23, run, end, 9848925433893149
1787729859.595951, NoOp Chain Depth 64 Size 0 Mode ref, Ref Stage 24, run, start, 9848925434010365
1787729859.595974, NoOp Chain Depth 64 Size 0 Mode ref, Ref Stage 24, run, end, 9848925434033389
1787729859.595989, NoOp Chain Depth 64 Size 0 Mode ref, Ref Stage 25, run, start, 9848925434048509
1787729859.596013, NoOp Chain Depth 64 Size 0 Mode ref, Ref Stage 25, run, end, 9848925434072157
1787729859.596025, NoOp Chain Depth 64 Size 0 Mode ref, Ref Stage 26, run, start, 9848925434084381
1787729859.596058, NoOp Chain Depth 64 Size 0 Mode ref, Ref Stage 26, run, end, 9848925434117581
1787729859.596073, NoOp Chain Depth 64 Size 0 Mode ref, Ref Stage 27, run, start, 9848925434132669
1787729859.596096, NoOp Chain Depth 64 Size 0 Mode ref, Ref Stage 27, run, end, 9848925434154653
1787729859.596112, NoOp Chain Depth 64 Size 0 Mode ref, Ref Stage 28, run, start, 9848925434170845
1787729859.596137, NoOp Chain Depth 64 Size 0 Mode ref, Ref Stage 28, run, end, 9848925434196396
1787729859.596149, NoOp Chain Depth 64 Size 0 Mode ref, Ref Stage 29, run, start, 9848925434208540
1787729859.596280, NoOp Chain Depth 64 Size 0 Mode ref, Ref Stage 29, run, end, 9848925434339772
1787729859.596296, NoOp Chain Depth 64 Size 0 Mode ref, Ref Stage 30, run, start, 9848925434355596
1787729859.596318, NoOp Chain Depth 64 Size 0 Mode ref, Ref Stage 30, run, end, 9848925434377676
1787729859.596334, NoOp Chain Depth 64 Size 0 Mode ref, Ref Stage 31, run, start, 9848925434393036
1787729859.596356, NoOp Chain Depth 64 Size 0 Mode ref, Ref Stage 31, run, end, 9848925434414956
1787729859.596371, NoOp Chain Depth 64 Size 0 Mode ref, Ref Stage 32, run, start, 9848925434430012
1787729859.596393, NoOp Chain Depth 64 Size 0 Mode ref, Ref Stage 32, run, end, 9848925434451916
1787729859.596408, NoOp Chain Depth 64 Size 0 Mode ref, Ref Stage 33, run, start, 9848925434467180
1787729859.596430, NoOp Chain Depth 64 Size 0 Mode ref, Ref Stage 33, run, end, 9848925434489148
1787729859.596445, NoOp Chain Depth 64 Size 0 Mode ref, Ref Stage 34, run, start, 9848925434504332
1787729859.596468, NoOp Chain Depth 64 Size 0 Mode ref, Ref Stage 34, run, end, 9848925434527676
1787729859.596480, NoOp Chain Depth 64 Size 0 Mode ref, Ref Stage 35, run, start, 9848925434539628
1787729859.596611, NoOp Chain Depth 64 Size 0 Mode ref, Ref Stage 35, run, end, 9848925434670092
1787729859.596626, NoOp Chain Depth 64 Size 0 Mode ref, Ref Stage 36, run, start, 9848925434685292
1787729859.596648, NoOp Chain Depth 64 Size 0 Mode ref, Ref Stage 36, run, end, 9848925434706892
1787729859.596663, NoOp Chain Depth 64 Size 0 Mode ref, Ref Stage 37, run, start, 9848925434721932
1787729859.596686, NoOp Chain Depth 64 Size 0 Mode ref, Ref Stage 37, run, end, 9848925434745260
1787729859.596698, NoOp Chain Depth 64 Size 0 Mode ref, Ref Stage 38, run, start, 9848925434757196
1787729859.596730, NoOp Chain Depth 64 Size 0 Mode ref, Ref Stage 38, run, end, 9848925434789660
1787729859.596745, NoOp Chain Depth 64 Size 0 Mode ref, Ref Stage 39, run, start, 9848925434804732
1787729859.596767, NoOp Chain Depth 64 Size 0 Mode ref, Ref Stage 39, run, end, 9848925434826732
1787729859.596784, NoOp Chain Depth 64 Size 0 Mode ref, Ref Stage 40, run, start, 9848925434842924
1787729859.596806, NoOp Chain Depth 64 Size 0 Mode ref, Ref Stage 40, run, end, 9848925434865324
1787729859.596921, NoOp Chain Depth 64 Size 0 Mode ref, Ref Stage 41, run, start, 9848925434980124
1787729859.596943, NoOp Chain Depth 64 Size 0 Mode ref, Ref Stage 41, run, end, 9848925435003548
1787729859.596960, NoOp Chain Depth 64 Size 0 Mode ref, Ref Stage 42, run, start, 9848925435019324
1787729859.596982, NoOp Chain Depth 64 Size 0 Mode ref, Ref Stage 42, run, end, 9848925435041516
1787729859.596998, NoOp Chain Depth 64 Size 0 Mode ref, Ref Stage 43, run, start, 9848925435056924
1787729859.597020, NoOp Chain Depth 64 Size 0 Mode ref, Ref Stage 43, run, end, 9848925435079132
1787729859.597037, NoOp Chain Depth 64 Size 0 Mode ref, Ref Stage 44, run, start, 9848925435096668
1787729859.597059, NoOp Chain Depth 64 Size 0 Mode ref, Ref Stage 44, run, end, 9848925435118572
1787729859.597075, NoOp Chain Depth 64 Size 0 Mode ref, Ref Stage 45, run, start, 9848925435133836
1787729859.597096, NoOp Chain Depth 64 Size 0 Mode ref, Ref Stage 45, run, end, 9848925435155660
1787729859.597111, NoOp Chain Depth 64 Size 0 Mode ref, Ref Stage 46, run, start, 9848925435170700
1787729859.597135, NoOp Chain Depth 64 Size 0 Mode ref, Ref Stage 46, run, end, 9848925435194252
1787729859.597151, NoOp Chain Depth 64 Size 0 Mode ref, Ref Stage 47, run, start, 9848925435210124
1787729859.597173, NoOp Chain Depth 64 Size 0 Mode ref, Ref Stage 47, run, end, 9848925435232124
1787729859.597285, NoOp Chain Depth 64 Size 0 Mode ref, Ref Stage 48, run, start, 9848925435344908
1787729859.597308, NoOp Chain Depth 64 Size 0 Mode ref, Ref Stage 48, run, end, 9848925435367324
1787729859.597323, NoOp Chain Depth 64 Size 0 Mode ref, Ref Stage 49, run, start, 9848925435382604
1787729859.597345, NoOp Chain Depth 64 Size 0 Mode ref, Ref Stage 49, run, end, 9848925435404492
1787729859.597360, NoOp Chain Depth 64 Size 0 Mode ref, Ref Stage 50, run, start, 9848925435419676
1787729859.597382, NoOp Chain Depth 64 Size 0 Mode ref, Ref Stage 50, run, end, 9848925435441244
1787729859.597397, NoOp Chain Depth 64 Size 0 Mode ref, Ref Stage 51, run, start, 9848925435456124
1787729859.597418, NoOp Chain Depth 64 Size 0 Mode ref, Ref Stage 51, run, end, 9848925435477228
1787729859.597433, NoOp Chain Depth 64 Size 0 Mode ref, Ref Stage 52, run, start, 9848925435492332
1787729859.597458, NoOp Chain Depth 64 Size 0 Mode ref, Ref Stage 52, run, end, 9848925435517532
1787729859.597470, NoOp Chain Depth 64 Size 0 Mode ref, Ref Stage 53, run, start, 9848925435529388
1787729859.597604, NoOp Chain Depth 64 Size 0 Mode ref, Ref Stage 53, run, end, 9848925435662876
1787729859.597619, NoOp Chain Depth 64 Size 0 Mode ref, Ref Stage 54, run, start, 9848925435678124
1787729859.597642, NoOp Chain Depth 64 Size 0 Mode ref, Ref Stage 54, run, end, 9848925435701404
1787729859.597654, NoOp Chain Depth 64 Size 0 Mode ref, Ref Stage 55, run, start, 9848925435713484
1787729859.597684, NoOp Chain Depth 64 Size 0 Mode ref, Ref Stage 55, run, end, 9848925435742924
1787729859.597698, NoOp Chain Depth 64 Size 0 Mode ref, Ref Stage 56, run, start, 9848925435757964
1787729859.597720, NoOp Chain Depth 64 Size 0 Mode ref, Ref Stage 56, run, end, 9848925435779612
1787729859.597736, NoOp Chain Depth 64 Size 0 Mode ref, Ref Stage 57, run, start, 9848925435795020
1787729859.597759, NoOp Chain Depth 64 Size 0 Mode ref, Ref Stage 57, run, end, 9848925435818252
1787729859.597771, NoOp Chain Depth 64 Size 0 Mode ref, Ref Stage 58, run, start, 9848925435830092
1787729859.597804, NoOp Chain Depth 64 Size 0 Mode ref, Ref Stage 58, run, end, 9848925435863052
1787729859.597819, NoOp Chain Depth 64 Size 0 Mode ref, Ref Stage 59, run, start, 9848925435878780
1787729859.597842, NoOp Chain Depth 64 Size 0 Mode ref, Ref Stage 59, run, end, 9848925435900780
1787729859.597963, NoOp Chain Depth 64 Size 0 Mode ref, Ref Stage 60, run, start, 9848925436022524
1787729859.597986, NoOp Chain Depth 64 Size 0 Mode ref, Ref Stage 60, run, end, 9848925436045564
1787729859.598001, NoOp Chain Depth 64 Size 0 Mode ref, Ref Stage 61, run, start, 9848925436060732
1787729859.598023, NoOp Chain Depth 64 Size 0 Mode ref, Ref Stage 61, run, end, 9848925436082668
1787729859.598038, NoOp Chain Depth 64 Size 0 Mode ref, Ref Stage 62, run, start, 9848925436097820
1787729859.598060, NoOp Chain Depth 64 Size 0 Mode ref, Ref Stage 62, run, end, 9848925436119548
1787729859.598076, NoOp Chain Depth 64 Size 0 Mode ref, Ref Stage 63, run, start, 9848925436135404
1787729859.598098, NoOp Chain Depth 64 Size 0 Mode ref, Ref Stage 63, run, end, 9848925436157100
1787729859.598213, NoOp Chain Depth 64 Size 0 Mode ref, pipeline - train, run, end, 44568888229759977714587600827333230829, 1787729859.594490, 57, 1, 9848925436272779
1787729859.598250, NoOp Chain Depth 64 Size 0 Mode ref, pipeline - train, run, start, 63940051124049644295384302862308156857, 1787729859.598241, 58, 1, 9848925436310091
1787729859.598274, NoOp Chain Depth 64 Size 0 Mode ref, Ref Stage 0, run, start, 9848925436333163
1787729859.598296, NoOp Chain Depth 64 Size 0 Mode ref, Ref Stage 0, run, end, 9848925436355371
1787729859.598312, NoOp Chain Depth 64 Size 0 Mode ref, Ref Stage 1, run, start, 9848925436371051
1787729859.598334, NoOp Chain Depth 64 Size 0 Mode ref, Ref Stage 1, run, end, 9848925436393211
1787729859.598349, NoOp Chain Depth 64 Size 0 Mode ref, Ref Stage 2, run, start, 9848925436408731
1787729859.598371, NoOp Chain Depth 64 Size 0 Mode ref, Ref Stage 2, run, end, 9848925436430603
1787729859.598387, NoOp Chain Depth 64 Size 0 Mode ref, Ref Stage 3, run, start, 9848925436445915
1787729859.598409, NoOp Chain Depth 64 Size 0 Mode ref, Ref Stage 3, run, end, 9848925436468299
1787729859.598424, NoOp Chain Depth 64 Size 0 Mode ref, Ref Stage 4, run, start, 9848925436483563
1787729859.598448, NoOp Chain Depth 64 Size 0 Mode ref, Ref Stage 4, run, end, 9848925436507163
1787729859.598460, NoOp Chain Depth 64 Size 0 Mode ref, Ref Stage 5, run, start, 9848925436519211
1787729859.598493, NoOp Chain Depth 64 Size 0 Mode ref, Ref Stage 5, run, end, 9848925436551947
1787729859.598508, NoOp Chain Depth 64 Size 0 Mode ref, Ref Stage 6, run, start, 9848925436568379
1787729859.598533, NoOp Chain Depth 64 Size 0 Mode ref, Ref Stage 6, run, end, 9848925436592491
1787729859.598654, NoOp Chain Depth 64 Size 0 Mode ref, Ref Stage 7, run, start, 9848925436713803
1787729859.598677, NoOp Chain Depth 64 Size 0 Mode ref, Ref Stage 7, run, end, 9848925436736603
1787729859.598693, NoOp Chain Depth 64 Size 0 Mode ref, Ref Stage 8, run, start, 9848925436751915
1787729859.598714, NoOp Chain Depth 64 Size 0 Mode ref, Ref Stage 8, run, end, 9848925436773563
1787729859.598729, NoOp Chain Depth 64 Size 0 Mode ref, Ref Stage 9, run, start, 9848925436788731
1787729859.598752, NoOp Chain Depth 64 Size 0 Mode ref, Ref Stage 9, run, end, 9848925436810779
1787729859.598767, NoOp Chain Depth 64 Size 0 Mode ref, Ref Stage 10, run, start, 9848925436825803
1787729859.598788, NoOp Chain Depth 64 Size 0 Mode ref, Ref Stage 10, run, end, 9848925436847387
1787729859.598902, NoOp Chain Depth 64 Size 0 Mode ref, Ref Stage 11, run, start, 9848925436961243
1787729859.598924, NoOp Chain Depth 64 Size 0 Mode ref, Ref Stage 11, run, end, 9848925436983675
1787729859.598940, NoOp Chain Depth 64 Size 0 Mode ref, Ref Stage 12, run, start, 9848925436999131
1787729859.598964, NoOp Chain Depth 64 Size 0 Mode ref, Ref Stage 12, run, end, 9848925437023179
1787729859.598979, NoOp Chain Depth 64 Size 0 Mode ref, Ref Stage 13, run, start, 9848925437038571
1787729859.599001, NoOp Chain Depth 64 Size 0 Mode ref, Ref Stage 13, run, end, 9848925437060571
1787729859.599017, NoOp Chain Depth 64 Size 0 Mode ref, Ref Stage 14, run, start, 9848925437076043
1787729859.599038, NoOp Chain Depth 64 Size 0 Mode ref, Ref Stage 14, run, end, 9848925437097723
1787729859.599054, NoOp Chain Depth 64 Size 0 Mode ref, Ref Stage 15, run, start, 9848925437112795
1787729859.599075, NoOp Chain Depth 64 Size 0 Mode ref, Ref Stage 15, run, end, 9848925437134539
1787729859.599090, NoOp Chain Depth 64 Size 0 Mode ref, Ref Stage 16, run, start, 9848925437149547
1787729859.599114, NoOp Chain Depth 64 Size 0 Mode ref, Ref Stage 16, run, end, 9848925437173163
1787729859.599126, NoOp Chain Depth 64 Size 0 Mode ref, Ref Stage 17, run, start, 9848925437185083
1787729859.599158, NoOp Chain Depth 64 Size 0 Mode ref, Ref Stage 17, run, end, 9848925437217195
1787729859.599173, NoOp Chain Depth 64 Size 0 Mode ref, Ref Stage 18, run, start, 9848925437232443
1787729859.599195, NoOp Chain Depth 64 Size 0 Mode ref, Ref Stage 18, run, end, 9848925437254731
1787729859.599312, NoOp Chain Depth 64 Size 0 Mode ref, Ref Stage 19, run, start, 9848925437371035
1787729859.599334, NoOp Chain Depth 64 Size 0 Mode ref, Ref Stage 19, run, end, 9848925437393163
1787729859.599352, NoOp Chain Depth 64 Size 0 Mode ref, Ref Stage 20, run, start, 9848925437411291
1787729859.599374, NoOp Chain Depth 64 Size 0 Mode ref, Ref Stage 20, run, end, 9848925437433051
1787729859.599388, NoOp Chain Depth 64 Size 0 Mode ref, Ref Stage 21, run, start, 9848925437447819
1787729859.599411, NoOp Chain Depth 64 Size 0 Mode ref, Ref Stage 21, run, end, 9848925437469883
1787729859.599426, NoOp Chain Depth 64 Size 0 Mode ref, Ref Stage 22, run, start, 9848925437485323
1787729859.599447, NoOp Chain Depth 64 Size 0 Mode ref, Ref Stage 22, run, end, 9848925437506875
1787729859.599463, NoOp Chain Depth 64 Size 0 Mode ref, Ref Stage 23, run, start, 9848925437522187
1787729859.599488, NoOp Chain Depth 64 Size 0 Mode ref, Ref Stage 23, run, end, 9848925437546859
1787729859.599499, NoOp Chain Depth 64 Size 0 Mode ref, Ref Stage 24, run, start, 9848925437558907
1787729859.599629, NoOp Chain Depth 64 Size 0 Mode ref, Ref Stage 24, run, end, 9848925437688827
1787729859.599645, NoOp Chain Depth 64 Size 0 Mode ref, Ref Stage 25, run, start, 9848925437704171
1787729859.599667, NoOp Chain Depth 64 Size 0 Mode ref, Ref Stage 25, run, end, 9848925437725931
1787729859.599682, NoOp Chain Depth 64 Size 0 Mode ref, Ref Stage 26, run, start, 9848925437741227
1787729859.599704, NoOp Chain Depth 64 Size 0 Mode ref, Ref Stage 26, run, end, 9848925437763019
1787729859.599719, NoOp Chain Depth 64 Size 0 Mode ref, Ref Stage 27, run, start, 9848925437778427
1787729859.599743, NoOp Chain Depth 64 Size 0 Mode ref, Ref Stage 27, run, end, 9848925437802123
1787729859.599755, NoOp Chain Depth 64 Size 0 Mode ref, Ref Stage 28, run, start, 9848925437814107
1787729859.599787, NoOp Chain Depth 64 Size 0 Mode ref, Ref Stage 28, run, end, 9848925437846587
1787729859.599802, NoOp Chain Depth 64 Size 0 Mode ref, Ref Stage 29, run, start, 9848925437861691
1787729859.599824, NoOp Chain Depth 64 Size 0 Mode ref, Ref Stage 29, run, end, 9848925437883739
1787729859.599841, NoOp Chain Depth 64 Size 0 Mode ref, Ref Stage 30, run, start, 9848925437899979
1787729859.599863, NoOp Chain Depth 64 Size 0 Mode ref, Ref Stage 30, run, end, 9848925437921915
1787729859.599980, NoOp Chain Depth 64 Size 0 Mode ref, Ref Stage 31, run, start, 9848925438038923
1787729859.600003, NoOp Chain Depth 64 Size 0 Mode ref, Ref Stage 31, run, end, 9848925438061995
1787729859.600018, NoOp Chain Depth 64 Size 0 Mode ref, Ref Stage 32, run, start, 9848925438077051
1787729859.600039, NoOp Chain Depth 64 Size 0 Mode ref, Ref Stage 32, run, end, 9848925438098811
1787729859.600055, NoOp Chain Depth 64 Size 0 Mode ref, Ref Stage 33, run, start, 9848925438114091
1787729859.600079, NoOp Chain Depth 64 Size 0 Mode ref, Ref Stage 33, run, end, 9848925438138122
1787729859.600091, NoOp Chain Depth 64 Size 0 Mode ref, Ref Stage 34, run, start, 9848925438150010
1787729859.600123, NoOp Chain Depth 64 Size 0 Mode ref, Ref Stage 34, run, end, 9848925438182810
1787729859.600139, NoOp Chain Depth 64 Size 0 Mode ref, Ref Stage 35, run, start, 9848925438198074
1787729859.600161, NoOp Chain Depth 64 Size 0 Mode ref, Ref Stage 35, run, end, 9848925438220010
1787729859.600276, NoOp Chain Depth 64 Size 0 Mode ref, Ref Stage 36, run, start, 9848925438335434
1787729859.600298, NoOp Chain Depth 64 Size 0 Mode ref, Ref Stage 36, run, end, 9848925438357434
1787729859.600313, NoOp Chain Depth 64 Size 0 Mode ref, Ref Stage 37, run, start, 9848925438372682
1787729859.600335, NoOp Chain Depth 64 Size 0 Mode ref, Ref Stage 37, run, end, 9848925438394490
1787729859.600350, NoOp Chain Depth 64 Size 0 Mode ref, Ref Stage 38, run, start, 9848925438409690
1787729859.600373, NoOp Chain Depth 64 Size 0 Mode ref, Ref Stage 38, run, end, 9848925438431770
1787729859.600388, NoOp Chain Depth 64 Size 0 Mode ref, Ref Stage 39, run, start, 9848925438446762
1787729859.600409, NoOp Chain Depth 64 Size 0 Mode ref, Ref Stage 39, run, end, 9848925438468426
1787729859.600424, NoOp Chain Depth 64 Size 0 Mode ref, Ref Stage 40, run, start, 9848925438483546
1787729859.600446, NoOp Chain Depth 64 Size 0 Mode ref, Ref Stage 40, run, end, 9848925438505274
1787729859.600463, NoOp Chain Depth 64 Size 0 Mode ref, Ref Stage 41, run, start, 9848925438522330
1787729859.600487, NoOp Chain Depth 64 Size 0 Mode ref, Ref Stage 41, run, end, 9848925438546314
1787729859.600502, NoOp Chain Depth 64 Size 0 Mode ref, Ref Stage 42, run, start, 9848925438561402
1787729859.600631, NoOp Chain Depth 64 Size 0 Mode ref, Ref Stage 42, run, end, 9848925438690090
1787729859.600646, NoOp Chain Depth 64 Size 0 Mode ref, Ref Stage 43, run, start, 9848925438705146
1787729859.600668, NoOp Chain Depth 64 Size 0 Mode ref, Ref Stage 43, run, end, 9848925438727210
1787729859.600683, NoOp Chain Depth 64 Size 0 Mode ref, Ref Stage 44, run, start, 9848925438742394
1787729859.600705, NoOp Chain Depth 64 Size 0 Mode ref, Ref Stage 44, run, end, 9848925438764170
1787729859.600720, NoOp Chain Depth 64 Size 0 Mode ref, Ref Stage 45, run, start, 9848925438779274
1787729859.600741, NoOp Chain Depth 64 Size 0 Mode ref, Ref Stage 45, run, end, 9848925438800714
1787729859.600756, NoOp Chain Depth 64 Size 0 Mode ref, Ref Stage 46, run, start, 9848925438815914
1787729859.600779, NoOp Chain Depth 64 Size 0 Mode ref, Ref Stage 46, run, end, 9848925438837706
1787729859.600794, NoOp Chain Depth 64 Size 0 Mode ref, Ref Stage 47, run, start, 9848925438853354
1787729859.600820, NoOp Chain Depth 64 Size 0 Mode ref, Ref Stage 47, run, end, 9848925438879354
1787729859.600832, NoOp Chain Depth 64 Size 0 Mode ref, Ref Stage 48, run, start, 9848925438891338
1787729859.600964, NoOp Chain Depth 64 Size 0 Mode ref, Ref Stage 48, run, end, 9848925439023866
1787729859.600980, NoOp Chain Depth 64 Size 0 Mode ref, Ref Stage 49, run, start, 9848925439039034
1787729859.601002, NoOp Chain Depth 64 Size 0 Mode ref, Ref Stage 49, run, end, 9848925439060890
1787729859.601017, NoOp Chain Depth 64 Size 0 Mode ref, Ref Stage 50, run, start, 9848925439076154
1787729859.601039, NoOp Chain Depth 64 Size 0 Mode ref, Ref Stage 50, run, end, 9848925439097914
1787729859.601054, NoOp Chain Depth 64 Size 0 Mode ref, Ref Stage 51, run, start, 9848925439113370
1787729859.601078, NoOp Chain Depth 64 Size 0 Mode ref, Ref Stage 51, run, end, 9848925439136970
1787729859.601089, NoOp Chain Depth 64 Size 0 Mode ref, Ref Stage 52, run, start, 9848925439148714
1787729859.601121, NoOp Chain Depth 64 Size 0 Mode ref, Ref Stage 52, run, end, 9848925439180874
1787729859.601137, NoOp Chain Depth 64 Size 0 Mode ref, Ref Stage 53, run, start, 9848925439196106
1787729859.601160, NoOp Chain Depth 64 Size 0 Mode ref, Ref Stage 53, run, end, 9848925439219114
1787729859.601279, NoOp Chain Depth 64 Size 0 Mode ref, Ref Stage 54, run, start, 9848925439338026
1787729859.601301, NoOp Chain Depth 64 Size 0 Mode ref, Ref Stage 54, run, end, 9848925439360010
1787729859.601316, NoOp Chain Depth 64 Size 0 Mode ref, Ref Stage 55, run, start, 9848925439375610
1787729859.601338, NoOp Chain Depth 64 Size 0 Mode ref, Ref Stage 55, run, end, 9848925439397370
1787729859.601353, NoOp Chain Depth 64 Size 0 Mode ref, Ref Stage 56, run, start, 9848925439412298
1787729859.601375, NoOp Chain Depth 64 Size 0 Mode ref, Ref Stage 56, run, end, 9848925439434538
1787729859.601391, NoOp Chain Depth 64 Size 0 Mode ref, Ref Stage 57, run, start, 9848925439449882
1787729859.601412, NoOp Chain Depth 64 Size 0 Mode ref, Ref Stage 57, run, end, 9848925439471370
1787729859.601427, NoOp Chain Depth 64 Size 0 Mode ref, Ref Stage 58, run, start, 9848925439486442
1787729859.601449, NoOp Chain Depth 64 Size 0 Mode ref, Ref Stage 58, run, end, 9848925439508250
1787729859.601464, NoOp Chain Depth 64 Size 0 Mode ref, Ref Stage 59, run, start, 9848925439523770
1787729859.601489, NoOp Chain Depth 64 Size 0 Mode ref, Ref Stage 59, run, end, 9848925439548650
1787729859.601501, NoOp Chain Depth 64 Size 0 Mode ref, Ref Stage 60, run, start, 9848925439560570
1787729859.601627, NoOp Chain Depth 64 Size 0 Mode ref, Ref Stage 60, run, end, 9848925439686922
1787729859.601643, NoOp Chain Depth 64 Size 0 Mode ref, Ref Stage 61, run, start, 9848925439702170
1787729859.601665, NoOp Chain Depth 64 Size 0 Mode ref, Ref Stage 61, run, end, 9848925439724154
1787729859.601681, NoOp Chain Depth 64 Size 0 Mode ref, Ref Stage 62, run, start, 9848925439740682
1787729859.601703, NoOp Chain Depth 64 Size 0 Mode ref, Ref Stage 62, run, end, 9848925439762250
1787729859.601718, NoOp Chain Depth 64 Size 0 Mode ref, Ref Stage 63, run, start, 9848925439777530
1787729859.601742, NoOp Chain Depth 64 Size 0 Mode ref, Ref Stage 63, run, end, 9848925439801050
1787729859.601754, NoOp Chain Depth 64 Size 0 Mode ref, pipeline - train, run, end, 63940051124049644295384302862308156857, 1787729859.598241, 58, 1, 9848925439812970
1787729859.601803, NoOp Chain Depth 64 Size 0 Mode ref, pipeline - train, run, start, 301321075179342299781419183087014989315, 1787729859.601792, 59, 1, 9848925439862474
1787729859.601929, NoOp Chain Depth 64 Size 0 Mode ref, Ref Stage 0, run, start, 9848925439988873
1787729859.601954, NoOp Chain Depth 64 Size 0 Mode ref, Ref Stage 0, run, end, 9848925440013065
1787729859.601970, NoOp Chain Depth 64 Size 0 Mode ref, Ref Stage 1, run, start, 9848925440029065
1787729859.601992, NoOp Chain Depth 64 Size 0 Mode ref, Ref Stage 1, run, end, 9848925440050857
1787729859.602007, NoOp Chain Depth 64 Size 0 Mode ref, Ref Stage 2, run, start, 9848925440066361
1787729859.602029, NoOp Chain Depth 64 Size 0 Mode ref, Ref Stage 2, run, end, 9848925440088537
1787729859.602045, NoOp Chain Depth 64 Size 0 Mode ref, Ref Stage 3, run, start, 9848925440104185
1787729859.602067, NoOp Chain Depth 64 Size 0 Mode ref, Ref Stage 3, run, end, 9848925440126377
1787729859.602082, NoOp Chain Depth 64 Size 0 Mode ref, Ref Stage 4, run, start, 9848925440141961
1787729859.602105, NoOp Chain Depth 64 Size 0 Mode ref, Ref Stage 4, run, end, 9848925440164041
1787729859.602120, NoOp Chain Depth 64 Size 0 Mode ref, Ref Stage 5, run, start, 9848925440179705
1787729859.602142, NoOp Chain Depth 64 Size 0 Mode ref, Ref Stage 5, run, end, 9848925440201481
1787729859.602261, NoOp Chain Depth 64 Size 0 Mode ref, Ref Stage 6, run, start, 9848925440319929
1787729859.602283, NoOp Chain Depth 64 Size 0 Mode ref, Ref Stage 6, run, end, 9848925440342601
1787729859.602299, NoOp Chain Depth 64 Size 0 Mode ref, Ref Stage 7, run, start, 9848925440357913
1787729859.602321, NoOp Chain Depth 64 Size 0 Mode ref, Ref Stage 7, run, end, 9848925440380009
1787729859.602336, NoOp Chain Depth 64 Size 0 Mode ref, Ref Stage 8, run, start, 9848925440394985
1787729859.602357, NoOp Chain Depth 64 Size 0 Mode ref, Ref Stage 8, run, end, 9848925440416745
1787729859.602373, NoOp Chain Depth 64 Size 0 Mode ref, Ref Stage 9, run, start, 9848925440431945
1787729859.602395, NoOp Chain Depth 64 Size 0 Mode ref, Ref Stage 9, run, end, 9848925440453785
1787729859.602409, NoOp Chain Depth 64 Size 0 Mode ref, Ref Stage 10, run, start, 9848925440468889
1787729859.602433, NoOp Chain Depth 64 Size 0 Mode ref, Ref Stage 10, run, end, 9848925440492809
1787729859.602446, NoOp Chain Depth 64 Size 0 Mode ref, Ref Stage 11, run, start, 9848925440504889
1787729859.602478, NoOp Chain Depth 64 Size 0 Mode ref, Ref Stage 11, run, end, 9848925440537193
1787729859.602498, NoOp Chain Depth 64 Size 0 Mode ref, Ref Stage 12, run, start, 9848925440557721
1787729859.602520, NoOp Chain Depth 64 Size 0 Mode ref, Ref Stage 12, run, end, 9848925440579705
1787729859.602641, NoOp Chain Depth 64 Size 0 Mode ref, Ref Stage 13, run, start, 9848925440700745
1787729859.602664, NoOp Chain Depth 64 Size 0 Mode ref, Ref Stage 13, run, end, 9848925440723113
1787729859.602679, NoOp Chain Depth 64 Size 0 Mode ref, Ref Stage 14, run, start, 9848925440738473
1787729859.602702, NoOp Chain Depth 64 Size 0 Mode ref, Ref Stage 14, run, end, 9848925440760793
1787729859.602716, NoOp Chain Depth 64 Size 0 Mode ref, Ref Stage 15, run, start, 9848925440775657
1787729859.602738, NoOp Chain Depth 64 Size 0 Mode ref, Ref Stage 15, run, end, 9848925440797497
1787729859.602754, NoOp Chain Depth 64 Size 0 Mode ref, Ref Stage 16, run, start, 9848925440812825
1787729859.602775, NoOp Chain Depth 64 Size 0 Mode ref, Ref Stage 16, run, end, 9848925440834585
1787729859.602891, NoOp Chain Depth 64 Size 0 Mode ref, Ref Stage 17, run, start, 9848925440950361
1787729859.602914, NoOp Chain Depth 64 Size 0 Mode ref, Ref Stage 17, run, end, 9848925440972809
1787729859.602929, NoOp Chain Depth 64 Size 0 Mode ref, Ref Stage 18, run, start, 9848925440988073
1787729859.602954, NoOp Chain Depth 64 Size 0 Mode ref, Ref Stage 18, run, end, 9848925441013529
1787729859.602966, NoOp Chain Depth 64 Size 0 Mode ref, Ref Stage 19, run, start, 9848925441025513
1787729859.602999, NoOp Chain Depth 64 Size 0 Mode ref, Ref Stage 19, run, end, 9848925441058361
1787729859.603014, NoOp Chain Depth 64 Size 0 Mode ref, Ref Stage 20, run, start, 9848925441073321
1787729859.603036, NoOp Chain Depth 64 Size 0 Mode ref, Ref Stage 20, run, end, 9848925441095161
1787729859.603052, NoOp Chain Depth 64 Size 0 Mode ref, Ref Stage 21, run, start, 9848925441111225
1787729859.603074, NoOp Chain Depth 64 Size 0 Mode ref, Ref Stage 21, run, end, 9848925441132777
1787729859.603089, NoOp Chain Depth 64 Size 0 Mode ref, Ref Stage 22, run, start, 9848925441148041
1787729859.603112, NoOp Chain Depth 64 Size 0 Mode ref, Ref Stage 22, run, end, 9848925441171449
1787729859.603124, NoOp Chain Depth 64 Size 0 Mode ref, Ref Stage 23, run, start, 9848925441183401
1787729859.603157, NoOp Chain Depth 64 Size 0 Mode ref, Ref Stage 23, run, end, 9848925441215993
1787729859.603173, NoOp Chain Depth 64 Size 0 Mode ref, Ref Stage 24, run, start, 9848925441232345
1787729859.603195, NoOp Chain Depth 64 Size 0 Mode ref, Ref Stage 24, run, end, 9848925441254313
1787729859.603313, NoOp Chain Depth 64 Size 0 Mode ref, Ref Stage 25, run, start, 9848925441372329
1787729859.603335, NoOp Chain Depth 64 Size 0 Mode ref, Ref Stage 25, run, end, 9848925441394505
1787729859.603351, NoOp Chain Depth 64 Size 0 Mode ref, Ref Stage 26, run, start, 9848925441409801
1787729859.603372, NoOp Chain Depth 64 Size 0 Mode ref, Ref Stage 26, run, end, 9848925441431369
1787729859.603387, NoOp Chain Depth 64 Size 0 Mode ref, Ref Stage 27, run, start, 9848925441446697
1787729859.603409, NoOp Chain Depth 64 Size 0 Mode ref, Ref Stage 27, run, end, 9848925441468585
1787729859.603424, NoOp Chain Depth 64 Size 0 Mode ref, Ref Stage 28, run, start, 9848925441483497
1787729859.603446, NoOp Chain Depth 64 Size 0 Mode ref, Ref Stage 28, run, end, 9848925441504825
1787729859.603460, NoOp Chain Depth 64 Size 0 Mode ref, Ref Stage 29, run, start, 9848925441519609
1787729859.603482, NoOp Chain Depth 64 Size 0 Mode ref, Ref Stage 29, run, end, 9848925441541417
1787729859.603598, NoOp Chain Depth 64 Size 0 Mode ref, Ref Stage 30, run, start, 9848925441656905
1787729859.603620, NoOp Chain Depth 64 Size 0 Mode ref, Ref Stage 30, run, end, 9848925441678969
1787729859.603635, NoOp Chain Depth 64 Size 0 Mode ref, Ref Stage 31, run, start, 9848925441693961
1787729859.603656, NoOp Chain Depth 64 Size 0 Mode ref, Ref Stage 31, run, end, 9848925441715657
1787729859.603671, NoOp Chain Depth 64 Size 0 Mode ref, Ref Stage 32, run, start, 9848925441730601
1787729859.603695, NoOp Chain Depth 64 Size 0 Mode ref, Ref Stage 32, run, end, 9848925441754025
1787729859.603707, NoOp Chain Depth 64 Size 0 Mode ref, Ref Stage 33, run, start, 9848925441766377
1787729859.603742, NoOp Chain Depth 64 Size 0 Mode ref, Ref Stage 33, run, end, 9848925441801033
1787729859.603758, NoOp Chain Depth 64 Size 0 Mode ref, Ref Stage 34, run, start, 9848925441817193
1787729859.603780, NoOp Chain Depth 64 Size 0 Mode ref, Ref Stage 34, run, end, 9848925441839353
1787729859.603796, NoOp Chain Depth 64 Size 0 Mode ref, Ref Stage 35, run, start, 9848925441854633
1787729859.603819, NoOp Chain Depth 64 Size 0 Mode ref, Ref Stage 35, run, end, 9848925441877977
1787729859.603831, NoOp Chain Depth 64 Size 0 Mode ref, Ref Stage 36, run, start, 9848925441889849
1787729859.603962, NoOp Chain Depth 64 Size 0 Mode ref, Ref Stage 36, run, end, 9848925442021353
1787729859.603977, NoOp Chain Depth 64 Size 0 Mode ref, Ref Stage 37, run, start, 9848925442036425
1787729859.603999, NoOp Chain Depth 64 Size 0 Mode ref, Ref Stage 37, run, end, 9848925442058200
1787729859.604016, NoOp Chain Depth 64 Size 0 Mode ref, Ref Stage 38, run, start, 9848925442074968
1787729859.604038, NoOp Chain Depth 64 Size 0 Mode ref, Ref Stage 38, run, end, 9848925442096984
1787729859.604053, NoOp Chain Depth 64 Size 0 Mode ref, Ref Stage 39, run, start, 9848925442112136
1787729859.604074, NoOp Chain Depth 64 Size 0 Mode ref, Ref Stage 39, run, end, 9848925442133736
1787729859.604089, NoOp Chain Depth 64 Size 0 Mode ref, Ref Stage 40, run, start, 9848925442148600
1787729859.604113, NoOp Chain Depth 64 Size 0 Mode ref, Ref Stage 40, run, end, 9848925442172024
1787729859.604124, NoOp Chain Depth 64 Size 0 Mode ref, Ref Stage 41, run, start, 9848925442183896
1787729859.604254, NoOp Chain Depth 64 Size 0 Mode ref, Ref Stage 41, run, end, 9848925442313704
1787729859.604270, NoOp Chain Depth 64 Size 0 Mode ref, Ref Stage 42, run, start, 9848925442328840
1787729859.604291, NoOp Chain Depth 64 Size 0 Mode ref, Ref Stage 42, run, end, 9848925442350232
1787729859.604306, NoOp Chain Depth 64 Size 0 Mode ref, Ref Stage 43, run, start, 9848925442365448
1787729859.604328, NoOp Chain Depth 64 Size 0 Mode ref, Ref Stage 43, run, end, 9848925442387208
1787729859.604343, NoOp Chain Depth 64 Size 0 Mode ref, Ref Stage 44, run, start, 9848925442402424
1787729859.604365, NoOp Chain Depth 64 Size 0 Mode ref, Ref Stage 44, run, end, 9848925442424424
1787729859.604380, NoOp Chain Depth 64 Size 0 Mode ref, Ref Stage 45, run, start, 9848925442439528
1787729859.604402, NoOp Chain Depth 64 Size 0 Mode ref, Ref Stage 45, run, end, 9848925442461128
1787729859.604417, NoOp Chain Depth 64 Size 0 Mode ref, Ref Stage 46, run, start, 9848925442476200
1787729859.604441, NoOp Chain Depth 64 Size 0 Mode ref, Ref Stage 46, run, end, 9848925442500648
1787729859.604453, NoOp Chain Depth 64 Size 0 Mode ref, Ref Stage 47, run, start, 9848925442512776
1787729859.604487, NoOp Chain Depth 64 Size 0 Mode ref, Ref Stage 47, run, end, 9848925442546296
1787729859.604502, NoOp Chain Depth 64 Size 0 Mode ref, Ref Stage 48, run, start, 9848925442561640
1787729859.604524, NoOp Chain Depth 64 Size 0 Mode ref, Ref Stage 48, run, end, 9848925442583512
1787729859.604640, NoOp Chain Depth 64 Size 0 Mode ref, Ref Stage 49, run, start, 9848925442699544
1787729859.604662, NoOp Chain Depth 64 Size 0 Mode ref, Ref Stage 49, run, end, 9848925442721640
1787729859.604678, NoOp Chain Depth 64 Size 0 Mode ref, Ref Stage 50, run, start, 9848925442736840
1787729859.604701, NoOp Chain Depth 64 Size 0 Mode ref, Ref Stage 50, run, end, 9848925442760152
1787729859.604713, NoOp Chain Depth 64 Size 0 Mode ref, Ref Stage 51, run, start, 9848925442772072
1787729859.604745, NoOp Chain Depth 64 Size 0 Mode ref, Ref Stage 51, run, end, 9848925442804440
1787729859.604760, NoOp Chain Depth 64 Size 0 Mode ref, Ref Stage 52, run, start, 9848925442819320
1787729859.604781, NoOp Chain Depth 64 Size 0 Mode ref, Ref Stage 52, run, end, 9848925442840616
1787729859.604798, NoOp Chain Depth 64 Size 0 Mode ref, Ref Stage 53, run, start, 9848925442857112
1787729859.604822, NoOp Chain Depth 64 Size 0 Mode ref, Ref Stage 53, run, end, 9848925442881272
1787729859.604834, NoOp Chain Depth 64 Size 0 Mode ref, Ref Stage 54, run, start, 9848925442893240
1787729859.604966, NoOp Chain Depth 64 Size 0 Mode ref, Ref Stage 54, run, end, 9848925443025528
1787729859.604981, NoOp Chain Depth 64 Size 0 Mode ref, Ref Stage 55, run, start, 9848925443040504
1787729859.605003, NoOp Chain Depth 64 Size 0 Mode ref, Ref Stage 55, run, end, 9848925443062024
1787729859.605018, NoOp Chain Depth 64 Size 0 Mode ref, Ref Stage 56, run, start, 9848925443077048
1787729859.605040, NoOp Chain Depth 64 Size 0 Mode ref, Ref Stage 56, run, end, 9848925443098856
1787729859.605055, NoOp Chain Depth 64 Size 0 Mode ref, Ref Stage 57, run, start, 9848925443114280
1787729859.605076, NoOp Chain Depth 64 Size 0 Mode ref, Ref Stage 57, run, end, 9848925443135576
1787729859.605091, NoOp Chain Depth 64 Size 0 Mode ref, Ref Stage 58, run, start, 9848925443150456
1787729859.605115, NoOp Chain Depth 64 Size 0 Mode ref, Ref Stage 58, run, end, 9848925443174008
1787729859.605127, NoOp Chain Depth 64 Size 0 Mode ref, Ref Stage 59, run, start, 9848925443185992
1787729859.605162, NoOp Chain Depth 64 Size 0 Mode ref, Ref Stage 59, run, end, 9848925443221864
1787729859.605177, NoOp Chain Depth 64 Size 0 Mode ref, Ref Stage 60, run, start, 9848925443236680
1787729859.605306, NoOp Chain Depth 64 Size 0 Mode ref, Ref Stage 60, run, end, 9848925443365608
1787729859.605321, NoOp Chain Depth 64 Size 0 Mode ref, Ref Stage 61, run, start, 9848925443380872
1787729859.605343, NoOp Chain Depth 64 Size 0 Mode ref, Ref Stage 61, run, end, 9848925443402600
1787729859.605358, NoOp Chain Depth 64 Size 0 Mode ref, Ref Stage 62, run, start, 9848925443417544
1787729859.605381, NoOp Chain Depth 64 Size 0 Mode ref, Ref Stage 62, run, end, 9848925443440728
1787729859.605394, NoOp Chain Depth 64 Size 0 Mode ref, Ref Stage 63, run, start, 9848925443452920
1787729859.605425, NoOp Chain Depth 64 Size 0 Mode ref, Ref Stage 63, run, end, 9848925443484344
1787729859.605440, NoOp Chain Depth 64 Size 0 Mode ref, pipeline - train, run, end, 301321075179342299781419183087014989315, 1787729859.601792, 59, 1, 9848925443499576
1787729859.605580, NoOp Chain Depth 64 Size 0 Mode ref, pipeline - train, run, start, 200825144670922770035127199058630190085, 1787729859.605471, 60, 1, 9848925443639896
1787729859.605604, NoOp Chain Depth 64 Size 0 Mode ref, Ref Stage 0, run, start, 9848925443663928
1787729859.605627, NoOp Chain Depth 64 Size 0 Mode ref, Ref Stage 0, run, end, 9848925443686328
1787729859.605642, NoOp Chain Depth 64 Size 0 Mode ref, Ref Stage 1, run, start, 9848925443701592
1787729859.605665, NoOp Chain Depth 64 Size 0 Mode ref, Ref Stage 1, run, end, 9848925443724520
1787729859.605680, NoOp Chain Depth 64 Size 0 Mode ref, Ref Stage 2, run, start, 9848925443739464
1787729859.605702, NoOp Chain Depth 64 Size 0 Mode ref, Ref Stage 2, run, end, 9848925443761144
1787729859.605717, NoOp Chain Depth 64 Size 0 Mode ref, Ref Stage 3, run, start, 9848925443776088
1787729859.605738, NoOp Chain Depth 64 Size 0 Mode ref, Ref Stage 3, run, end, 9848925443797896
1787729859.605754, NoOp Chain Depth 64 Size 0 Mode ref, Ref Stage 4, run, start, 9848925443812888
1787729859.605775, NoOp Chain Depth 64 Size 0 Mode ref, Ref Stage 4, run, end, 9848925443834712
1787729859.605791, NoOp Chain Depth 64 Size 0 Mode ref, Ref Stage 5, run, start, 9848925443850280
1787729859.605814, NoOp Chain Depth 64 Size 0 Mode ref, Ref Stage 5, run, end, 9848925443873688
1787729859.605826, NoOp Chain Depth 64 Size 0 Mode ref, Ref Stage 6, run, start, 9848925443885688
1787729859.605862, NoOp Chain Depth 64 Size 0 Mode ref, Ref Stage 6, run, end, 9848925443921191
1787729859.605875, NoOp Chain Depth 64 Size 0 Mode ref, Ref Stage 7, run, start, 9848925443934535
1787729859.605908, NoOp Chain Depth 64 Size 0 Mode ref, Ref Stage 7, run, end, 9848925443967911
1787729859.605924, NoOp Chain Depth 64 Size 0 Mode ref, Ref Stage 8, run, start, 9848925443983751
1787729859.606124, NoOp Chain Depth 64 Size 0 Mode ref, Ref Stage 8, run, end, 9848925444185047
1787729859.606362, NoOp Chain Depth 64 Size 0 Mode ref, Ref Stage 9, run, start, 9848925444421991
1787729859.606389, NoOp Chain Depth 64 Size 0 Mode ref, Ref Stage 9, run, end, 9848925444448119
1787729859.606405, NoOp Chain Depth 64 Size 0 Mode ref, Ref Stage 10, run, start, 9848925444464215
1787729859.606428, NoOp Chain Depth 64 Size 0 Mode ref, Ref Stage 10, run, end, 9848925444486855
1787729859.606443, NoOp Chain Depth 64 Size 0 Mode ref, Ref Stage 11, run, start, 9848925444502343
1787729859.606465, NoOp Chain Depth 64 Size 0 Mode ref, Ref Stage 11, run, end, 9848925444524247
1787729859.606480, NoOp Chain Depth 64 Size 0 Mode ref, Ref Stage 12, run, start, 9848925444539559
1787729859.606504, NoOp Chain Depth 64 Size 0 Mode ref, Ref Stage 12, run, end, 9848925444563015
1787729859.606516, NoOp Chain Depth 64 Size 0 Mode ref, Ref Stage 13, run, start, 9848925444575191
1787729859.606549, NoOp Chain Depth 64 Size 0 Mode ref, Ref Stage 13, run, end, 9848925444607767
1787729859.606566, NoOp Chain Depth 64 Size 0 Mode ref, Ref Stage 14, run, start, 9848925444625207
1787729859.606588, NoOp Chain Depth 64 Size 0 Mode ref, Ref Stage 14, run, end, 9848925444647255
1787729859.606604, NoOp Chain Depth 64 Size 0 Mode ref, Ref Stage 15, run, start, 9848925444663415
1787729859.606626, NoOp Chain Depth 64 Size 0 Mode ref, Ref Stage 15, run, end, 9848925444685527
1787729859.606751, NoOp Chain Depth 64 Size 0 Mode ref, Ref Stage 16, run, start, 9848925444811159
1787729859.606775, NoOp Chain Depth 64 Size 0 Mode ref, Ref Stage 16, run, end, 9848925444833959
1787729859.606790, NoOp Chain Depth 64 Size 0 Mode ref, Ref Stage 17, run, start, 9848925444849511
1787729859.606812, NoOp Chain Depth 64 Size 0 Mode ref, Ref Stage 17, run, end, 9848925444871831
1787729859.606828, NoOp Chain Depth 64 Size 0 Mode ref, Ref Stage 18, run, start, 9848925444887111
1787729859.606850, NoOp Chain Depth 64 Size 0 Mode ref, Ref Stage 18, run, end, 9848925444909191
1787729859.606865, NoOp Chain Depth 64 Size 0 Mode ref, Ref Stage 19, run, start, 9848925444924599
1787729859.606887, NoOp Chain Depth 64 Size 0 Mode ref, Ref Stage 19, run, end, 9848925444946391
1787729859.606902, NoOp Chain Depth 64 Size 0 Mode ref, Ref Stage 20, run, start, 9848925444961751
1787729859.606925, NoOp Chain Depth 64 Size 0 Mode ref, Ref Stage 20, run, end, 9848925444983719
1787729859.607052, NoOp Chain Depth 64 Size 0 Mode ref, Ref Stage 21, run, start, 9848925445111479
1787729859.607075, NoOp Chain Depth 64 Size 0 Mode ref, Ref Stage 21, run, end, 9848925445134695
1787729859.607091, NoOp Chain Depth 64 Size 0 Mode ref, Ref Stage 22, run, start, 9848925445150151
1787729859.607113, NoOp Chain Depth 64 Size 0 Mode ref, Ref Stage 22, run, end, 9848925445172439
1787729859.607128, NoOp Chain Depth 64 Size 0 Mode ref, Ref Stage 23, run, start, 9848925445187671
1787729859.607150, NoOp Chain Depth 64 Size 0 Mode ref, Ref Stage 23, run, end, 9848925445209623
1787729859.607166, NoOp Chain Depth 64 Size 0 Mode ref, Ref Stage 24, run, start, 9848925445224951
1787729859.607189, NoOp Chain Depth 64 Size 0 Mode ref, Ref Stage 24, run, end, 9848925445248471
1787729859.607201, NoOp Chain Depth 64 Size 0 Mode ref, Ref Stage 25, run, start, 9848925445260423
1787729859.607233, NoOp Chain Depth 64 Size 0 Mode ref, Ref Stage 25, run, end, 9848925445292647
1787729859.607248, NoOp Chain Depth 64 Size 0 Mode ref, Ref Stage 26, run, start, 9848925445307719
1787729859.607270, NoOp Chain Depth 64 Size 0 Mode ref, Ref Stage 26, run, end, 9848925445329623
1787729859.607286, NoOp Chain Depth 64 Size 0 Mode ref, Ref Stage 27, run, start, 9848925445345575
1787729859.607309, NoOp Chain Depth 64 Size 0 Mode ref, Ref Stage 27, run, end, 9848925445368007
1787729859.607429, NoOp Chain Depth 64 Size 0 Mode ref, Ref Stage 28, run, start, 9848925445488935
1787729859.607452, NoOp Chain Depth 64 Size 0 Mode ref, Ref Stage 28, run, end, 9848925445511559
1787729859.607467, NoOp Chain Depth 64 Size 0 Mode ref, Ref Stage 29, run, start, 9848925445526631
1787729859.607489, NoOp Chain Depth 64 Size 0 Mode ref, Ref Stage 29, run, end, 9848925445548647
1787729859.607504, NoOp Chain Depth 64 Size 0 Mode ref, Ref Stage 30, run, start, 9848925445563559
1787729859.607528, NoOp Chain Depth 64 Size 0 Mode ref, Ref Stage 30, run, end, 9848925445587655
1787729859.607540, NoOp Chain Depth 64 Size 0 Mode ref, Ref Stage 31, run, start, 9848925445599831
1787729859.607573, NoOp Chain Depth 64 Size 0 Mode ref, Ref Stage 31, run, end, 9848925445632103
1787729859.607588, NoOp Chain Depth 64 Size 0 Mode ref, Ref Stage 32, run, start, 9848925445647543
1787729859.607610, NoOp Chain Depth 64 Size 0 Mode ref, Ref Stage 32, run, end, 9848925445669799
1787729859.607731, NoOp Chain Depth 64 Size 0 Mode ref, Ref Stage 33, run, start, 9848925445790695
1787729859.607754, NoOp Chain Depth 64 Size 0 Mode ref, Ref Stage 33, run, end, 9848925445813206
1787729859.607769, NoOp Chain Depth 64 Size 0 Mode ref, Ref Stage 34, run, start, 9848925445828646
1787729859.607793, NoOp Chain Depth 64 Size 0 Mode ref, Ref Stage 34, run, end, 9848925445851958
1787729859.607805, NoOp Chain Depth 64 Size 0 Mode ref, Ref Stage 35, run, start, 9848925445864230
1787729859.607840, NoOp Chain Depth 64 Size 0 Mode ref, Ref Stage 35, run, end, 9848925445899286
1787729859.607855, NoOp Chain Depth 64 Size 0 Mode ref, Ref Stage 36, run, start, 9848925445914246
1787729859.607877, NoOp Chain Depth 64 Size 0 Mode ref, Ref Stage 36, run, end, 9848925445936134
1787729859.607892, NoOp Chain Depth 64 Size 0 Mode ref, Ref Stage 37, run, start, 9848925445951094
1787729859.607914, NoOp Chain Depth 64 Size 0 Mode ref, Ref Stage 37, run, end, 9848925445972998
1787729859.607930, NoOp Chain Depth 64 Size 0 Mode ref, Ref Stage 38, run, start, 9848925445988870
1787729859.607953, NoOp Chain Depth 64 Size 0 Mode ref, Ref Stage 38, run, end, 9848925446012070
1787729859.607969, NoOp Chain Depth 64 Size 0 Mode ref, Ref Stage 39, run, start, 9848925446027782
1787729859.607994, NoOp Chain Depth 64 Size 0 Mode ref, Ref Stage 39, run, end, 9848925446053606
1787729859.608006, NoOp Chain Depth 64 Size 0 Mode ref, Ref Stage 40, run, start, 9848925446065894
1787729859.608142, NoOp Chain Depth 64 Size 0 Mode ref, Ref Stage 40, run, end, 9848925446200950
1787729859.608157, NoOp Chain Depth 64 Size 0 Mode ref, Ref Stage 41, run, start, 9848925446216230
1787729859.608179, NoOp Chain Depth 64 Size 0 Mode ref, Ref Stage 41, run, end, 9848925446238262
1787729859.608194, NoOp Chain Depth 64 Size 0 Mode ref, Ref Stage 42, run, start, 9848925446253174
1787729859.608216, NoOp Chain Depth 64 Size 0 Mode ref, Ref Stage 42, run, end, 9848925446274790
1787729859.608231, NoOp Chain Depth 64 Size 0 Mode ref, Ref Stage 43, run, start, 9848925446289990
1787729859.608252, NoOp Chain Depth 64 Size 0 Mode ref, Ref Stage 43, run, end, 9848925446311462
1787729859.608267, NoOp Chain Depth 64 Size 0 Mode ref, Ref Stage 44, run, start, 9848925446326454
1787729859.608289, NoOp Chain Depth 64 Size 0 Mode ref, Ref Stage 44, run, end, 9848925446348182
1787729859.608410, NoOp Chain Depth 64 Size 0 Mode ref, Ref Stage 45, run, start, 9848925446469190
1787729859.608432, NoOp Chain Depth 64 Size 0 Mode ref, Ref Stage 45, run, end, 9848925446491718
1787729859.608448, NoOp Chain Depth 64 Size 0 Mode ref, Ref Stage 46, run, start, 9848925446506950
1787729859.608470, NoOp Chain Depth 64 Size 0 Mode ref, Ref Stage 46, run, end, 9848925446529046
1787729859.608485, NoOp Chain Depth 64 Size 0 Mode ref, Ref Stage 47, run, start, 9848925446544374
1787729859.608507, NoOp Chain Depth 64 Size 0 Mode ref, Ref Stage 47, run, end, 9848925446566230
1787729859.608522, NoOp Chain Depth 64 Size 0 Mode ref, Ref Stage 48, run, start, 9848925446581718
1787729859.608546, NoOp Chain Depth 64 Size 0 Mode ref, Ref Stage 48, run, end, 9848925446604998
1787729859.608558, NoOp Chain Depth 64 Size 0 Mode ref, Ref Stage 49, run, start, 9848925446617126
1787729859.608591, NoOp Chain Depth 64 Size 0 Mode ref, Ref Stage 49, run, end, 9848925446650102
1787729859.608606, NoOp Chain Depth 64 Size 0 Mode ref, Ref Stage 50, run, start, 9848925446665382
1787729859.608630, NoOp Chain Depth 64 Size 0 Mode ref, Ref Stage 50, run, end, 9848925446689046
1787729859.608646, NoOp Chain Depth 64 Size 0 Mode ref, Ref Stage 51, run, start, 9848925446705478
1787729859.608668, NoOp Chain Depth 64 Size 0 Mode ref, Ref Stage 51, run, end, 9848925446727510
1787729859.608789, NoOp Chain Depth 64 Size 0 Mode ref, Ref Stage 52, run, start, 9848925446848150
1787729859.608811, NoOp Chain Depth 64 Size 0 Mode ref, Ref Stage 52, run, end, 9848925446870518
1787729859.608826, NoOp Chain Depth 64 Size 0 Mode ref, Ref Stage 53, run, start, 9848925446885782
1787729859.608849, NoOp Chain Depth 64 Size 0 Mode ref, Ref Stage 53, run, end, 9848925446907942
1787729859.608864, NoOp Chain Depth 64 Size 0 Mode ref, Ref Stage 54, run, start, 9848925446923222
1787729859.608886, NoOp Chain Depth 64 Size 0 Mode ref, Ref Stage 54, run, end, 9848925446945622
1787729859.608902, NoOp Chain Depth 64 Size 0 Mode ref, Ref Stage 55, run, start, 9848925446961030
1787729859.608923, NoOp Chain Depth 64 Size 0 Mode ref, Ref Stage 55, run, end, 9848925446982758
1787729859.608941, NoOp Chain Depth 64 Size 0 Mode ref, Ref Stage 56, run, start, 9848925447000054
1787729859.608965, NoOp Chain Depth 64 Size 0 Mode ref, Ref Stage 56, run, end, 9848925447024022
1787729859.609086, NoOp Chain Depth 64 Size 0 Mode ref, Ref Stage 57, run, start, 9848925447145574
1787729859.609109, NoOp Chain Depth 64 Size 0 Mode ref, Ref Stage 57, run, end, 9848925447168134
1787729859.609124, NoOp Chain Depth 64 Size 0 Mode ref, Ref Stage 58, run, start, 9848925447183238
1787729859.609147, NoOp Chain Depth 64 Size 0 Mode ref, Ref Stage 58, run, end, 9848925447206566
1787729859.609159, NoOp Chain Depth 64 Size 0 Mode ref, Ref Stage 59, run, start, 9848925447218694
1787729859.609192, NoOp Chain Depth 64 Size 0 Mode ref, Ref Stage 59, run, end, 9848925447251270
1787729859.609207, NoOp Chain Depth 64 Size 0 Mode ref, Ref Stage 60, run, start, 9848925447266566
1787729859.609229, NoOp Chain Depth 64 Size 0 Mode ref, Ref Stage 60, run, end, 9848925447288454
1787729859.609245, NoOp Chain Depth 64 Size 0 Mode ref, Ref Stage 61, run, start, 9848925447304598
1787729859.609267, NoOp Chain Depth 64 Size 0 Mode ref, Ref Stage 61, run, end, 9848925447326726
1787729859.609283, NoOp Chain Depth 64 Size 0 Mode ref, Ref Stage 62, run, start, 9848925447342150
1787729859.609305, NoOp Chain Depth 64 Size 0 Mode ref, Ref Stage 62, run, end, 9848925447364294
1787729859.609322, NoOp Chain Depth 64 Size 0 Mode ref, Ref Stage 63, run, start, 9848925447381270
1787729859.609348, NoOp Chain Depth 64 Size 0 Mode ref, Ref Stage 63, run, end, 9848925447407062
1787729859.609360, NoOp Chain Depth 64 Size 0 Mode ref, pipeline - train, run, end, 200825144670922770035127199058630190085, 1787729859.605471, 60, 1, 9848925447420214
1787729859.609510, NoOp Chain Depth 64 Size 0 Mode ref, pipeline - train, run, start, 90388162569162257242023905317740503721, 1787729859.609500, 61, 1, 9848925447569222
1787729859.609533, NoOp Chain Depth 64 Size 0 Mode ref, Ref Stage 0, run, start, 9848925447592390
1787729859.609555, NoOp Chain Depth 64 Size 0 Mode ref, Ref Stage 0, run, end, 9848925447614470
1787729859.609571, NoOp Chain Depth 64 Size 0 Mode ref, Ref Stage 1, run, start, 9848925447630150
1787729859.609593, NoOp Chain Depth 64 Size 0 Mode ref, Ref Stage 1, run, end, 9848925447652070
1787729859.609608, NoOp Chain Depth 64 Size 0 Mode ref, Ref Stage 2, run, start, 9848925447667494
1787729859.609632, NoOp Chain Depth 64 Size 0 Mode ref, Ref Stage 2, run, end, 9848925447691558
1787729859.609753, NoOp Chain Depth 64 Size 0 Mode ref, Ref Stage 3, run, start, 9848925447812294
1787729859.609775, NoOp Chain Depth 64 Size 0 Mode ref, Ref Stage 3, run, end, 9848925447834662
1787729859.609791, NoOp Chain Depth 64 Size 0 Mode ref, Ref Stage 4, run, start, 9848925447849942
1787729859.609813, NoOp Chain Depth 64 Size 0 Mode ref, Ref Stage 4, run, end, 9848925447871973
1787729859.609828, NoOp Chain Depth 64 Size 0 Mode ref, Ref Stage 5, run, start, 9848925447887061
1787729859.609849, NoOp Chain Depth 64 Size 0 Mode ref, Ref Stage 5, run, end, 9848925447908581
1787729859.609865, NoOp Chain Depth 64 Size 0 Mode ref, Ref Stage 6, run, start, 9848925447924133
1787729859.609886, NoOp Chain Depth 64 Size 0 Mode ref, Ref Stage 6, run, end, 9848925447945701
1787729859.609902, NoOp Chain Depth 64 Size 0 Mode ref, Ref Stage 7, run, start, 9848925447960949
1787729859.609923, NoOp Chain Depth 64 Size 0 Mode ref, Ref Stage 7, run, end, 9848925447982469
1787729859.609938, NoOp Chain Depth 64 Size 0 Mode ref, Ref Stage 8, run, start, 9848925447997637
1787729859.609964, NoOp Chain Depth 64 Size 0 Mode ref, Ref Stage 8, run, end, 9848925448023093
1787729859.609976, NoOp Chain Depth 64 Size 0 Mode ref, Ref Stage 9, run, start, 9848925448035141
1787729859.610114, NoOp Chain Depth 64 Size 0 Mode ref, Ref Stage 9, run, end, 9848925448173445
1787729859.610131, NoOp Chain Depth 64 Size 0 Mode ref, Ref Stage 10, run, start, 9848925448189701
1787729859.610152, NoOp Chain Depth 64 Size 0 Mode ref, Ref Stage 10, run, end, 9848925448211653
1787729859.610171, NoOp Chain Depth 64 Size 0 Mode ref, Ref Stage 11, run, start, 9848925448230069
1787729859.610192, NoOp Chain Depth 64 Size 0 Mode ref, Ref Stage 11, run, end, 9848925448251845
1787729859.610208, NoOp Chain Depth 64 Size 0 Mode ref, Ref Stage 12, run, start, 9848925448267349
1787729859.610229, NoOp Chain Depth 64 Size 0 Mode ref, Ref Stage 12, run, end, 9848925448288853
1787729859.610245, NoOp Chain Depth 64 Size 0 Mode ref, Ref Stage 13, run, start, 9848925448304021
1787729859.610266, NoOp Chain Depth 64 Size 0 Mode ref, Ref Stage 13, run, end, 9848925448325637
1787729859.610282, NoOp Chain Depth 64 Size 0 Mode ref, Ref Stage 14, run, start, 9848925448341349
1787729859.610304, NoOp Chain Depth 64 Size 0 Mode ref, Ref Stage 14, run, end, 9848925448363365
1787729859.610423, NoOp Chain Depth 64 Size 0 Mode ref, Ref Stage 15, run, start, 9848925448482213
1787729859.610445, NoOp Chain Depth 64 Size 0 Mode ref, Ref Stage 15, run, end, 9848925448504309
1787729859.610460, NoOp Chain Depth 64 Size 0 Mode ref, Ref Stage 16, run, start, 9848925448519541
1787729859.610482, NoOp Chain Depth 64 Size 0 Mode ref, Ref Stage 16, run, end, 9848925448541333
1787729859.610497, NoOp Chain Depth 64 Size 0 Mode ref, Ref Stage 17, run, start, 9848925448556533
1787729859.610519, NoOp Chain Depth 64 Size 0 Mode ref, Ref Stage 17, run, end, 9848925448578341
1787729859.610534, NoOp Chain Depth 64 Size 0 Mode ref, Ref Stage 18, run, start, 9848925448593477
1787729859.610556, NoOp Chain Depth 64 Size 0 Mode ref, Ref Stage 18, run, end, 9848925448615301
1787729859.610571, NoOp Chain Depth 64 Size 0 Mode ref, Ref Stage 19, run, start, 9848925448630213
1787729859.610593, NoOp Chain Depth 64 Size 0 Mode ref, Ref Stage 19, run, end, 9848925448651877
1787729859.610608, NoOp Chain Depth 64 Size 0 Mode ref, Ref Stage 20, run, start, 9848925448666917
1787729859.610631, NoOp Chain Depth 64 Size 0 Mode ref, Ref Stage 20, run, end, 9848925448690661
1787729859.610645, NoOp Chain Depth 64 Size 0 Mode ref, Ref Stage 21, run, start, 9848925448704757
1787729859.610783, NoOp Chain Depth 64 Size 0 Mode ref, Ref Stage 21, run, end, 9848925448842165
1787729859.610798, NoOp Chain Depth 64 Size 0 Mode ref, Ref Stage 22, run, start, 9848925448857381
1787729859.610820, NoOp Chain Depth 64 Size 0 Mode ref, Ref Stage 22, run, end, 9848925448879413
1787729859.610836, NoOp Chain Depth 64 Size 0 Mode ref, Ref Stage 23, run, start, 9848925448894789
1787729859.610857, NoOp Chain Depth 64 Size 0 Mode ref, Ref Stage 23, run, end, 9848925448916549
1787729859.610873, NoOp Chain Depth 64 Size 0 Mode ref, Ref Stage 24, run, start, 9848925448932069
1787729859.610895, NoOp Chain Depth 64 Size 0 Mode ref, Ref Stage 24, run, end, 9848925448954069
1787729859.610910, NoOp Chain Depth 64 Size 0 Mode ref, Ref Stage 25, run, start, 9848925448969189
1787729859.610932, NoOp Chain Depth 64 Size 0 Mode ref, Ref Stage 25, run, end, 9848925448990901
1787729859.610949, NoOp Chain Depth 64 Size 0 Mode ref, Ref Stage 26, run, start, 9848925449008101
1787729859.610972, NoOp Chain Depth 64 Size 0 Mode ref, Ref Stage 26, run, end, 9848925449031461
1787729859.611096, NoOp Chain Depth 64 Size 0 Mode ref, Ref Stage 27, run, start, 9848925449155701
1787729859.611119, NoOp Chain Depth 64 Size 0 Mode ref, Ref Stage 27, run, end, 9848925449178229
1787729859.611134, NoOp Chain Depth 64 Size 0 Mode ref, Ref Stage 28, run, start, 9848925449193589
1787729859.611157, NoOp Chain Depth 64 Size 0 Mode ref, Ref Stage 28, run, end, 9848925449215925
1787729859.611172, NoOp Chain Depth 64 Size 0 Mode ref, Ref Stage 29, run, start, 9848925449230997
1787729859.611195, NoOp Chain Depth 64 Size 0 Mode ref, Ref Stage 29, run, end, 9848925449254757
1787729859.611212, NoOp Chain Depth 64 Size 0 Mode ref, Ref Stage 30, run, start, 9848925449270981
1787729859.611234, NoOp Chain Depth 64 Size 0 Mode ref, Ref Stage 30, run, end, 9848925449293029
1787729859.611249, NoOp Chain Depth 64 Size 0 Mode ref, Ref Stage 31, run, start, 9848925449308005
1787729859.611271, NoOp Chain Depth 64 Size 0 Mode ref, Ref Stage 31, run, end, 9848925449329813
1787729859.611287, NoOp Chain Depth 64 Size 0 Mode ref, Ref Stage 32, run, start, 9848925449346629
1787729859.611313, NoOp Chain Depth 64 Size 0 Mode ref, Ref Stage 32, run, end, 9848925449372021
1787729859.611325, NoOp Chain Depth 64 Size 0 Mode ref, Ref Stage 33, run, start, 9848925449383941
1787729859.611466, NoOp Chain Depth 64 Size 0 Mode ref, Ref Stage 33, run, end, 9848925449525685
1787729859.611482, NoOp Chain Depth 64 Size 0 Mode ref, Ref Stage 34, run, start, 9848925449540901
1787729859.611504, NoOp Chain Depth 64 Size 0 Mode ref, Ref Stage 34, run, end, 9848925449562837
1787729859.611519, NoOp Chain Depth 64 Size 0 Mode ref, Ref Stage 35, run, start, 9848925449578405
1787729859.611541, NoOp Chain Depth 64 Size 0 Mode ref, Ref Stage 35, run, end, 9848925449600469
1787729859.611557, NoOp Chain Depth 64 Size 0 Mode ref, Ref Stage 36, run, start, 9848925449615797
1787729859.611578, NoOp Chain Depth 64 Size 0 Mode ref, Ref Stage 36, run, end, 9848925449637317
1787729859.611593, NoOp Chain Depth 64 Size 0 Mode ref, Ref Stage 37, run, start, 9848925449652469
1787729859.611615, NoOp Chain Depth 64 Size 0 Mode ref, Ref Stage 37, run, end, 9848925449674293
1787729859.611737, NoOp Chain Depth 64 Size 0 Mode ref, Ref Stage 38, run, start, 9848925449796484
1787729859.611760, NoOp Chain Depth 64 Size 0 Mode ref, Ref Stage 38, run, end, 9848925449819108
1787729859.611775, NoOp Chain Depth 64 Size 0 Mode ref, Ref Stage 39, run, start, 9848925449834324
1787729859.611797, NoOp Chain Depth 64 Size 0 Mode ref, Ref Stage 39, run, end, 9848925449856340
1787729859.611812, NoOp Chain Depth 64 Size 0 Mode ref, Ref Stage 40, run, start, 9848925449871604
1787729859.611834, NoOp Chain Depth 64 Size 0 Mode ref, Ref Stage 40, run, end, 9848925449893524
1787729859.611850, NoOp Chain Depth 64 Size 0 Mode ref, Ref Stage 41, run, start, 9848925449908820
1787729859.611872, NoOp Chain Depth 64 Size 0 Mode ref, Ref Stage 41, run, end, 9848925449930964
1787729859.611887, NoOp Chain Depth 64 Size 0 Mode ref, Ref Stage 42, run, start, 9848925449946276
1787729859.611909, NoOp Chain Depth 64 Size 0 Mode ref, Ref Stage 42, run, end, 9848925449968100
1787729859.611924, NoOp Chain Depth 64 Size 0 Mode ref, Ref Stage 43, run, start, 9848925449983284
1787729859.611948, NoOp Chain Depth 64 Size 0 Mode ref, Ref Stage 43, run, end, 9848925450007812
1787729859.611964, NoOp Chain Depth 64 Size 0 Mode ref, Ref Stage 44, run, start, 9848925450023748
1787729859.611988, NoOp Chain Depth 64 Size 0 Mode ref, Ref Stage 44, run, end, 9848925450047076
1787729859.612002, NoOp Chain Depth 64 Size 0 Mode ref, Ref Stage 45, run, start, 9848925450061364
1787729859.612140, NoOp Chain Depth 64 Size 0 Mode ref, Ref Stage 45, run, end, 9848925450199284
1787729859.612155, NoOp Chain Depth 64 Size 0 Mode ref, Ref Stage 46, run, start, 9848925450214628
1787729859.612177, NoOp Chain Depth 64 Size 0 Mode ref, Ref Stage 46, run, end, 9848925450236740
1787729859.612193, NoOp Chain Depth 64 Size 0 Mode ref, Ref Stage 47, run, start, 9848925450252068
1787729859.612214, NoOp Chain Depth 64 Size 0 Mode ref, Ref Stage 47, run, end, 9848925450273476
1787729859.612229, NoOp Chain Depth 64 Size 0 Mode ref, Ref Stage 48, run, start, 9848925450288404
1787729859.612250, NoOp Chain Depth 64 Size 0 Mode ref, Ref Stage 48, run, end, 9848925450309764
1787729859.612266, NoOp Chain Depth 64 Size 0 Mode ref, Ref Stage 49, run, start, 9848925450324676
1787729859.612287, NoOp Chain Depth 64 Size 0 Mode ref, Ref Stage 49, run, end, 9848925450346420
1787729859.612302, NoOp Chain Depth 64 Size 0 Mode ref, Ref Stage 50, run, start, 9848925450361940
1787729859.612325, NoOp Chain Depth 64 Size 0 Mode ref, Ref Stage 50, run, end, 9848925450383940
1787729859.612445, NoOp Chain Depth 64 Size 0 Mode ref, Ref Stage 51, run, start, 9848925450504324
1787729859.612467, NoOp Chain Depth 64 Size 0 Mode ref, Ref Stage 51, run, end, 9848925450526372
1787729859.612482, NoOp Chain Depth 64 Size 0 Mode ref, Ref Stage 52, run, start, 9848925450541540
1787729859.612504, NoOp Chain Depth 64 Size 0 Mode ref, Ref Stage 52, run, end, 9848925450563428
1787729859.612520, NoOp Chain Depth 64 Size 0 Mode ref, Ref Stage 53, run, start, 9848925450579716
1787729859.612542, NoOp Chain Depth 64 Size 0 Mode ref, Ref Stage 53, run, end, 9848925450601460
1787729859.612557, NoOp Chain Depth 64 Size 0 Mode ref, Ref Stage 54, run, start, 9848925450616532
1787729859.612579, NoOp Chain Depth 64 Size 0 Mode ref, Ref Stage 54, run, end, 9848925450638324
1787729859.612594, NoOp Chain Depth 64 Size 0 Mode ref, Ref Stage 55, run, start, 9848925450653508
1787729859.612616, NoOp Chain Depth 64 Size 0 Mode ref, Ref Stage 55, run, end, 9848925450675220
1787729859.612631, NoOp Chain Depth 64 Size 0 Mode ref, Ref Stage 56, run, start, 9848925450690404
1787729859.612655, NoOp Chain Depth 64 Size 0 Mode ref, Ref Stage 56, run, end, 9848925450713908
1787729859.612667, NoOp Chain Depth 64 Size 0 Mode ref, Ref Stage 57, run, start, 9848925450726164
1787729859.612803, NoOp Chain Depth 64 Size 0 Mode ref, Ref Stage 57, run, end, 9848925450862516
1787729859.612819, NoOp Chain Depth 64 Size 0 Mode ref, Ref Stage 58, run, start, 9848925450878052
1787729859.612843, NoOp Chain Depth 64 Size 0 Mode ref, Ref Stage 58, run, end, 9848925450901716
1787729859.612854, NoOp Chain Depth 64 Size 0 Mode ref, Ref Stage 59, run, start, 9848925450913908
1787729859.612887, NoOp Chain Depth 64 Size 0 Mode ref, Ref Stage 59, run, end, 9848925450946612
1787729859.612903, NoOp Chain Depth 64 Size 0 Mode ref, Ref Stage 60, run, start, 9848925450962548
1787729859.612926, NoOp Chain Depth 64 Size 0 Mode ref, Ref Stage 60, run, end, 9848925450984708
1787729859.612941, NoOp Chain Depth 64 Size 0 Mode ref, Ref Stage 61, run, start, 9848925451001620
1787729859.612965, NoOp Chain Depth 64 Size 0 Mode ref, Ref Stage 61, run, end, 9848925451023972
1787729859.612980, NoOp Chain Depth 64 Size 0 Mode ref, Ref Stage 62, run, start, 9848925451039428
1787729859.613005, NoOp Chain Depth 64 Size 0 Mode ref, Ref Stage 62, run, end, 9848925451064532
1787729859.613017, NoOp Chain Depth 64 Size 0 Mode ref, Ref Stage 63, run, start, 9848925451076724
1787729859.613154, NoOp Chain Depth 64 Size 0 Mode ref, Ref Stage 63, run, end, 9848925451213668
1787729859.613170, NoOp Chain Depth 64 Size 0 Mode ref, pipeline - train, run, end, 90388162569162257242023905317740503721, 1787729859.609500, 61, 1, 9848925451229092
1787729859.613208, NoOp Chain Depth 64 Size 0 Mode ref, pipeline - train, run, start, 230826961877308370094810416766396513602, 1787729859.613195, 62, 1, 9848925451267876
1787729859.613232, NoOp Chain Depth 64 Size 0 Mode ref, Ref Stage 0, run, start, 9848925451291780
1787729859.613255, NoOp Chain Depth 64 Size 0 Mode ref, Ref Stage 0, run, end, 9848925451314388
1787729859.613271, NoOp Chain Depth 64 Size 0 Mode ref, Ref Stage 1, run, start, 9848925451330180
1787729859.613292, NoOp Chain Depth 64 Size 0 Mode ref, Ref Stage 1, run, end, 9848925451351812
1787729859.613308, NoOp Chain Depth 64 Size 0 Mode ref, Ref Stage 2, run, start, 9848925451367044
1787729859.613331, NoOp Chain Depth 64 Size 0 Mode ref, Ref Stage 2, run, end, 9848925451390564
1787729859.613345, NoOp Chain Depth 64 Size 0 Mode ref, Ref Stage 3, run, start, 9848925451404692
1787729859.613481, NoOp Chain Depth 64 Size 0 Mode ref, Ref Stage 3, run, end, 9848925451540580
1787729859.613497, NoOp Chain Depth 64 Size 0 Mode ref, Ref Stage 4, run, start, 9848925451555876
1787729859.613518, NoOp Chain Depth 64 Size 0 Mode ref, Ref Stage 4, run, end, 9848925451577876
1787729859.613534, NoOp Chain Depth 64 Size 0 Mode ref, Ref Stage 5, run, start, 9848925451593140
1787729859.613555, NoOp Chain Depth 64 Size 0 Mode ref, Ref Stage 5, run, end, 9848925451614852
1787729859.613570, NoOp Chain Depth 64 Size 0 Mode ref, Ref Stage 6, run, start, 9848925451629796
1787729859.613592, NoOp Chain Depth 64 Size 0 Mode ref, Ref Stage 6, run, end, 9848925451651555
1787729859.613607, NoOp Chain Depth 64 Size 0 Mode ref, Ref Stage 7, run, start, 9848925451666611
1787729859.613629, NoOp Chain Depth 64 Size 0 Mode ref, Ref Stage 7, run, end, 9848925451688579
1787729859.613647, NoOp Chain Depth 64 Size 0 Mode ref, Ref Stage 8, run, start, 9848925451706179
1787729859.613674, NoOp Chain Depth 64 Size 0 Mode ref, Ref Stage 8, run, end, 9848925451733283
1787729859.613686, NoOp Chain Depth 64 Size 0 Mode ref, Ref Stage 9, run, start, 9848925451745459
1787729859.613823, NoOp Chain Depth 64 Size 0 Mode ref, Ref Stage 9, run, end, 9848925451882355
1787729859.613838, NoOp Chain Depth 64 Size 0 Mode ref, Ref Stage 10, run, start, 9848925451897731
1787729859.613861, NoOp Chain Depth 64 Size 0 Mode ref, Ref Stage 10, run, end, 9848925451920083
1787729859.613876, NoOp Chain Depth 64 Size 0 Mode ref, Ref Stage 11, run, start, 9848925451935363
1787729859.613898, NoOp Chain Depth 64 Size 0 Mode ref, Ref Stage 11, run, end, 9848925451956963
1787729859.613913, NoOp Chain Depth 64 Size 0 Mode ref, Ref Stage 12, run, start, 9848925451972227
1787729859.613935, NoOp Chain Depth 64 Size 0 Mode ref, Ref Stage 12, run, end, 9848925451993987
1787729859.613951, NoOp Chain Depth 64 Size 0 Mode ref, Ref Stage 13, run, start, 9848925452010531
1787729859.613974, NoOp Chain Depth 64 Size 0 Mode ref, Ref Stage 13, run, end, 9848925452033107
1787729859.613989, NoOp Chain Depth 64 Size 0 Mode ref, Ref Stage 14, run, start, 9848925452048243
1787729859.614014, NoOp Chain Depth 64 Size 0 Mode ref, Ref Stage 14, run, end, 9848925452073859
1787729859.614027, NoOp Chain Depth 64 Size 0 Mode ref, Ref Stage 15, run, start, 9848925452085811
1787729859.614163, NoOp Chain Depth 64 Size 0 Mode ref, Ref Stage 15, run, end, 9848925452222179
1787729859.614178, NoOp Chain Depth 64 Size 0 Mode ref, Ref Stage 16, run, start, 9848925452237203
1787729859.614200, NoOp Chain Depth 64 Size 0 Mode ref, Ref Stage 16, run, end, 9848925452259475
1787729859.614215, NoOp Chain Depth 64 Size 0 Mode ref, Ref Stage 17, run, start, 9848925452274531
1787729859.614237, NoOp Chain Depth 64 Size 0 Mode ref, Ref Stage 17, run, end, 9848925452296115
1787729859.614252, NoOp Chain Depth 64 Size 0 Mode ref, Ref Stage 18, run, start, 9848925452311651
1787729859.614275, NoOp Chain Depth 64 Size 0 Mode ref, Ref Stage 18, run, end, 9848925452333811
1787729859.614290, NoOp Chain Depth 64 Size 0 Mode ref, Ref Stage 19, run, start, 9848925452349219
1787729859.614315, NoOp Chain Depth 64 Size 0 Mode ref, Ref Stage 19, run, end, 9848925452374131
1787729859.614327, NoOp Chain Depth 64 Size 0 Mode ref, Ref Stage 20, run, start, 9848925452386035
1787729859.614461, NoOp Chain Depth 64 Size 0 Mode ref, Ref Stage 20, run, end, 9848925452520851
1787729859.614476, NoOp Chain Depth 64 Size 0 Mode ref, Ref Stage 21, run, start, 9848925452535923
1787729859.614498, NoOp Chain Depth 64 Size 0 Mode ref, Ref Stage 21, run, end, 9848925452557667
1787729859.614513, NoOp Chain Depth 64 Size 0 Mode ref, Ref Stage 22, run, start, 9848925452572771
1787729859.614535, NoOp Chain Depth 64 Size 0 Mode ref, Ref Stage 22, run, end, 9848925452594595
1787729859.614551, NoOp Chain Depth 64 Size 0 Mode ref, Ref Stage 23, run, start, 9848925452609843
1787729859.614572, NoOp Chain Depth 64 Size 0 Mode ref, Ref Stage 23, run, end, 9848925452631651
1787729859.614587, NoOp Chain Depth 64 Size 0 Mode ref, Ref Stage 24, run, start, 9848925452646819
1787729859.614609, NoOp Chain Depth 64 Size 0 Mode ref, Ref Stage 24, run, end, 9848925452668435
1787729859.614624, NoOp Chain Depth 64 Size 0 Mode ref, Ref Stage 25, run, start, 9848925452683603
1787729859.614647, NoOp Chain Depth 64 Size 0 Mode ref, Ref Stage 25, run, end, 9848925452706307
1787729859.614662, NoOp Chain Depth 64 Size 0 Mode ref, Ref Stage 26, run, start, 9848925452721603
1787729859.614687, NoOp Chain Depth 64 Size 0 Mode ref, Ref Stage 26, run, end, 9848925452746595
1787729859.614701, NoOp Chain Depth 64 Size 0 Mode ref, Ref Stage 27, run, start, 9848925452760067
1787729859.614833, NoOp Chain Depth 64 Size 0 Mode ref, Ref Stage 27, run, end, 9848925452892883
1787729859.614849, NoOp Chain Depth 64 Size 0 Mode ref, Ref Stage 28, run, start, 9848925452908195
1787729859.614871, NoOp Chain Depth 64 Size 0 Mode ref, Ref Stage 28, run, end, 9848925452930291
1787729859.614888, NoOp Chain Depth 64 Size 0 Mode ref, Ref Stage 29, run, start, 9848925452947203
1787729859.614910, NoOp Chain Depth 64 Size 0 Mode ref, Ref Stage 29, run, end, 9848925452969283
1787729859.614925, NoOp Chain Depth 64 Size 0 Mode ref, Ref Stage 30, run, start, 9848925452984739
1787729859.614949, NoOp Chain Depth 64 Size 0 Mode ref, Ref Stage 30, run, end, 9848925453008163
1787729859.614965, NoOp Chain Depth 64 Size 0 Mode ref, Ref Stage 31, run, start, 9848925453024531
1787729859.614990, NoOp Chain Depth 64 Size 0 Mode ref, Ref Stage 31, run, end, 9848925453049571
1787729859.615002, NoOp Chain Depth 64 Size 0 Mode ref, Ref Stage 32, run, start, 9848925453061571
1787729859.615145, NoOp Chain Depth 64 Size 0 Mode ref, Ref Stage 32, run, end, 9848925453204899
1787729859.615160, NoOp Chain Depth 64 Size 0 Mode ref, Ref Stage 33, run, start, 9848925453219907
1787729859.615182, NoOp Chain Depth 64 Size 0 Mode ref, Ref Stage 33, run, end, 9848925453241555
1787729859.615197, NoOp Chain Depth 64 Size 0 Mode ref, Ref Stage 34, run, start, 9848925453256739
1787729859.615219, NoOp Chain Depth 64 Size 0 Mode ref, Ref Stage 34, run, end, 9848925453278611
1787729859.615235, NoOp Chain Depth 64 Size 0 Mode ref, Ref Stage 35, run, start, 9848925453294275
1787729859.615257, NoOp Chain Depth 64 Size 0 Mode ref, Ref Stage 35, run, end, 9848925453316323
1787729859.615272, NoOp Chain Depth 64 Size 0 Mode ref, Ref Stage 36, run, start, 9848925453331635
1787729859.615294, NoOp Chain Depth 64 Size 0 Mode ref, Ref Stage 36, run, end, 9848925453353683
1787729859.615309, NoOp Chain Depth 64 Size 0 Mode ref, Ref Stage 37, run, start, 9848925453368803
1787729859.615333, NoOp Chain Depth 64 Size 0 Mode ref, Ref Stage 37, run, end, 9848925453392579
1787729859.615347, NoOp Chain Depth 64 Size 0 Mode ref, Ref Stage 38, run, start, 9848925453406371
1787729859.615491, NoOp Chain Depth 64 Size 0 Mode ref, Ref Stage 38, run, end, 9848925453549955
1787729859.615506, NoOp Chain Depth 64 Size 0 Mode ref, Ref Stage 39, run, start, 9848925453565395
1787729859.615528, NoOp Chain Depth 64 Size 0 Mode ref, Ref Stage 39, run, end, 9848925453587331
1787729859.615544, NoOp Chain Depth 64 Size 0 Mode ref, Ref Stage 40, run, start, 9848925453602899
1787729859.615566, NoOp Chain Depth 64 Size 0 Mode ref, Ref Stage 40, run, end, 9848925453625011
1787729859.615581, NoOp Chain Depth 64 Size 0 Mode ref, Ref Stage 41, run, start, 9848925453640067
1787729859.615603, NoOp Chain Depth 64 Size 0 Mode ref, Ref Stage 41, run, end, 9848925453661938
1787729859.615618, NoOp Chain Depth 64 Size 0 Mode ref, Ref Stage 42, run, start, 9848925453677074
1787729859.615640, NoOp Chain Depth 64 Size 0 Mode ref, Ref Stage 42, run, end, 9848925453699122
1787729859.615763, NoOp Chain Depth 64 Size 0 Mode ref, Ref Stage 43, run, start, 9848925453822290
1787729859.615785, NoOp Chain Depth 64 Size 0 Mode ref, Ref Stage 43, run, end, 9848925453844898
1787729859.615801, NoOp Chain Depth 64 Size 0 Mode ref, Ref Stage 44, run, start, 9848925453860082
1787729859.615823, NoOp Chain Depth 64 Size 0 Mode ref, Ref Stage 44, run, end, 9848925453882162
1787729859.615838, NoOp Chain Depth 64 Size 0 Mode ref, Ref Stage 45, run, start, 9848925453897538
1787729859.615860, NoOp Chain Depth 64 Size 0 Mode ref, Ref Stage 45, run, end, 9848925453919442
1787729859.615875, NoOp Chain Depth 64 Size 0 Mode ref, Ref Stage 46, run, start, 9848925453934658
1787729859.615897, NoOp Chain Depth 64 Size 0 Mode ref, Ref Stage 46, run, end, 9848925453956402
1787729859.615912, NoOp Chain Depth 64 Size 0 Mode ref, Ref Stage 47, run, start, 9848925453971250
1787729859.615934, NoOp Chain Depth 64 Size 0 Mode ref, Ref Stage 47, run, end, 9848925453992834
1787729859.615950, NoOp Chain Depth 64 Size 0 Mode ref, Ref Stage 48, run, start, 9848925454009426
1787729859.615972, NoOp Chain Depth 64 Size 0 Mode ref, Ref Stage 48, run, end, 9848925454031698
1787729859.615993, NoOp Chain Depth 64 Size 0 Mode ref, Ref Stage 49, run, start, 9848925454051810
1787729859.616015, NoOp Chain Depth 64 Size 0 Mode ref, Ref Stage 49, run, end, 9848925454074642
1787729859.616139, NoOp Chain Depth 64 Size 0 Mode ref, Ref Stage 50, run, start, 9848925454198786
1787729859.616162, NoOp Chain Depth 64 Size 0 Mode ref, Ref Stage 50, run, end, 9848925454221330
1787729859.616178, NoOp Chain Depth 64 Size 0 Mode ref, Ref Stage 51, run, start, 9848925454237026
1787729859.616200, NoOp Chain Depth 64 Size 0 Mode ref, Ref Stage 51, run, end, 9848925454259058
1787729859.616215, NoOp Chain Depth 64 Size 0 Mode ref, Ref Stage 52, run, start, 9848925454274002
1787729859.616236, NoOp Chain Depth 64 Size 0 Mode ref, Ref Stage 52, run, end, 9848925454295346
1787729859.616251, NoOp Chain Depth 64 Size 0 Mode ref, Ref Stage 53, run, start, 9848925454310146
1787729859.616272, NoOp Chain Depth 64 Size 0 Mode ref, Ref Stage 53, run, end, 9848925454331490
1787729859.616287, NoOp Chain Depth 64 Size 0 Mode ref, Ref Stage 54, run, start, 9848925454346514
1787729859.616309, NoOp Chain Depth 64 Size 0 Mode ref, Ref Stage 54, run, end, 9848925454368162
1787729859.616430, NoOp Chain Depth 64 Size 0 Mode ref, Ref Stage 55, run, start, 9848925454488978
1787729859.616452, NoOp Chain Depth 64 Size 0 Mode ref, Ref Stage 55, run, end, 9848925454511010
1787729859.616471, NoOp Chain Depth 64 Size 0 Mode ref, Ref Stage 56, run, start, 9848925454530754
1787729859.616494, NoOp Chain Depth 64 Size 0 Mode ref, Ref Stage 56, run, end, 9848925454553410
1787729859.616510, NoOp Chain Depth 64 Size 0 Mode ref, Ref Stage 57, run, start, 9848925454569010
1787729859.616531, NoOp Chain Depth 64 Size 0 Mode ref, Ref Stage 57, run, end, 9848925454590962
1787729859.616547, NoOp Chain Depth 64 Size 0 Mode ref, Ref Stage 58, run, start, 9848925454606322
1787729859.616569, NoOp Chain Depth 64 Size 0 Mode ref, Ref Stage 58, run, end, 9848925454628146
1787729859.616584, NoOp Chain Depth 64 Size 0 Mode ref, Ref Stage 59, run, start, 9848925454643314
1787729859.616606, NoOp Chain Depth 64 Size 0 Mode ref, Ref Stage 59, run, end, 9848925454665170
1787729859.616621, NoOp Chain Depth 64 Size 0 Mode ref, Ref Stage 60, run, start, 9848925454680066
1787729859.616642, NoOp Chain Depth 64 Size 0 Mode ref, Ref Stage 60, run, end, 9848925454701746
1787729859.616658, NoOp Chain Depth 64 Size 0 Mode ref, Ref Stage 61, run, start, 9848925454716914
1787729859.616681, NoOp Chain Depth 64 Size 0 Mode ref, Ref Stage 61, run, end, 9848925454740194
1787729859.616695, NoOp Chain Depth 64 Size 0 Mode ref, Ref Stage 62, run, start, 9848925454754226
1787729859.616831, NoOp Chain Depth 64 Size 0 Mode ref, Ref Stage 62, run, end, 9848925454890770
1787729859.616847, NoOp Chain Depth 64 Size 0 Mode ref, Ref Stage 63, run, start, 9848925454906178
1787729859.616868, NoOp Chain Depth 64 Size 0 Mode ref, Ref Stage 63, run, end, 9848925454927666
1787729859.616884, NoOp Chain Depth 64 Size 0 Mode ref, pipeline - train, run, end, 230826961877308370094810416766396513602, 1787729859.613195, 62, 1, 9848925454942930
1787729859.616919, NoOp Chain Depth 64 Size 0 Mode ref, pipeline - train, run, start, 147407538916542964592954264077388696034, 1787729859.616908, 63, 1, 9848925454978402
1787729859.616942, NoOp Chain Depth 64 Size 0 Mode ref, Ref Stage 0, run, start, 9848925455002978
1787729859.616966, NoOp Chain Depth 64 Size 0 Mode ref, Ref Stage 0, run, end, 9848925455025666
1787729859.616982, NoOp Chain Depth 64 Size 0 Mode ref, Ref Stage 1, run, start, 9848925455041250
1787729859.617008, NoOp Chain Depth 64 Size 0 Mode ref, Ref Stage 1, run, end, 9848925455066802
1787729859.617019, NoOp Chain Depth 64 Size 0 Mode ref, Ref Stage 2, run, start, 9848925455078914
1787729859.617157, NoOp Chain Depth 64 Size 0 Mode ref, Ref Stage 2, run, end, 9848925455216562
1787729859.617172, NoOp Chain Depth 64 Size 0 Mode ref, Ref Stage 3, run, start, 9848925455231986
1787729859.617194, NoOp Chain Depth 64 Size 0 Mode ref, Ref Stage 3, run, end, 9848925455253650
1787729859.617210, NoOp Chain Depth 64 Size 0 Mode ref, Ref Stage 4, run, start, 9848925455268978
1787729859.617232, NoOp Chain Depth 64 Size 0 Mode ref, Ref Stage 4, run, end, 9848925455290866
1787729859.617247, NoOp Chain Depth 64 Size 0 Mode ref, Ref Stage 5, run, start, 9848925455306082
1787729859.617270, NoOp Chain Depth 64 Size 0 Mode ref, Ref Stage 5, run, end, 9848925455329538
1787729859.617285, NoOp Chain Depth 64 Size 0 Mode ref, Ref Stage 6, run, start, 9848925455344610
1787729859.617307, NoOp Chain Depth 64 Size 0 Mode ref, Ref Stage 6, run, end, 9848925455366098
1787729859.617321, NoOp Chain Depth 64 Size 0 Mode ref, Ref Stage 7, run, start, 9848925455380754
1787729859.617346, NoOp Chain Depth 64 Size 0 Mode ref, Ref Stage 7, run, end, 9848925455405426
1787729859.617360, NoOp Chain Depth 64 Size 0 Mode ref, Ref Stage 8, run, start, 9848925455419794
1787729859.617497, NoOp Chain Depth 64 Size 0 Mode ref, Ref Stage 8, run, end, 9848925455556577
1787729859.617513, NoOp Chain Depth 64 Size 0 Mode ref, Ref Stage 9, run, start, 9848925455571985
1787729859.617535, NoOp Chain Depth 64 Size 0 Mode ref, Ref Stage 9, run, end, 9848925455594545
1787729859.617551, NoOp Chain Depth 64 Size 0 Mode ref, Ref Stage 10, run, start, 9848925455610177
1787729859.617573, NoOp Chain Depth 64 Size 0 Mode ref, Ref Stage 10, run, end, 9848925455632113
1787729859.617589, NoOp Chain Depth 64 Size 0 Mode ref, Ref Stage 11, run, start, 9848925455647681
1787729859.617611, NoOp Chain Depth 64 Size 0 Mode ref, Ref Stage 11, run, end, 9848925455669937
1787729859.617626, NoOp Chain Depth 64 Size 0 Mode ref, Ref Stage 12, run, start, 9848925455685185
1787729859.617648, NoOp Chain Depth 64 Size 0 Mode ref, Ref Stage 12, run, end, 9848925455707265
1787729859.617770, NoOp Chain Depth 64 Size 0 Mode ref, Ref Stage 13, run, start, 9848925455828977
1787729859.617792, NoOp Chain Depth 64 Size 0 Mode ref, Ref Stage 13, run, end, 9848925455851265
1787729859.617807, NoOp Chain Depth 64 Size 0 Mode ref, Ref Stage 14, run, start, 9848925455866721
1787729859.617829, NoOp Chain Depth 64 Size 0 Mode ref, Ref Stage 14, run, end, 9848925455888721
1787729859.617845, NoOp Chain Depth 64 Size 0 Mode ref, Ref Stage 15, run, start, 9848925455904017
1787729859.617867, NoOp Chain Depth 64 Size 0 Mode ref, Ref Stage 15, run, end, 9848925455925873
1787729859.617882, NoOp Chain Depth 64 Size 0 Mode ref, Ref Stage 16, run, start, 9848925455941313
1787729859.617904, NoOp Chain Depth 64 Size 0 Mode ref, Ref Stage 16, run, end, 9848925455963281
1787729859.617919, NoOp Chain Depth 64 Size 0 Mode ref, Ref Stage 17, run, start, 9848925455978625
1787729859.617941, NoOp Chain Depth 64 Size 0 Mode ref, Ref Stage 17, run, end, 9848925456001905
1787729859.617959, NoOp Chain Depth 64 Size 0 Mode ref, Ref Stage 18, run, start, 9848925456017921
1787729859.617983, NoOp Chain Depth 64 Size 0 Mode ref, Ref Stage 18, run, end, 9848925456041937
1787729859.617996, NoOp Chain Depth 64 Size 0 Mode ref, Ref Stage 19, run, start, 9848925456054769
1787729859.618028, NoOp Chain Depth 64 Size 0 Mode ref, Ref Stage 19, run, end, 9848925456087313
1787729859.618043, NoOp Chain Depth 64 Size 0 Mode ref, Ref Stage 20, run, start, 9848925456102657
1787729859.618065, NoOp Chain Depth 64 Size 0 Mode ref, Ref Stage 20, run, end, 9848925456124465
1787729859.618189, NoOp Chain Depth 64 Size 0 Mode ref, Ref Stage 21, run, start, 9848925456248481
1787729859.618211, NoOp Chain Depth 64 Size 0 Mode ref, Ref Stage 21, run, end, 9848925456270721
1787729859.618227, NoOp Chain Depth 64 Size 0 Mode ref, Ref Stage 22, run, start, 9848925456285777
1787729859.618248, NoOp Chain Depth 64 Size 0 Mode ref, Ref Stage 22, run, end, 9848925456307681
1787729859.618263, NoOp Chain Depth 64 Size 0 Mode ref, Ref Stage 23, run, start, 9848925456322817
1787729859.618286, NoOp Chain Depth 64 Size 0 Mode ref, Ref Stage 23, run, end, 9848925456344945
1787729859.618301, NoOp Chain Depth 64 Size 0 Mode ref, Ref Stage 24, run, start, 9848925456360273
1787729859.618323, NoOp Chain Depth 64 Size 0 Mode ref, Ref Stage 24, run, end, 9848925456382273
1787729859.618443, NoOp Chain Depth 64 Size 0 Mode ref, Ref Stage 25, run, start, 9848925456502513
1787729859.618465, NoOp Chain Depth 64 Size 0 Mode ref, Ref Stage 25, run, end, 9848925456524673
1787729859.618482, NoOp Chain Depth 64 Size 0 Mode ref, Ref Stage 26, run, start, 9848925456541633
1787729859.618505, NoOp Chain Depth 64 Size 0 Mode ref, Ref Stage 26, run, end, 9848925456563681
1787729859.618520, NoOp Chain Depth 64 Size 0 Mode ref, Ref Stage 27, run, start, 9848925456578865
1787729859.618541, NoOp Chain Depth 64 Size 0 Mode ref, Ref Stage 27, run, end, 9848925456600433
1787729859.618556, NoOp Chain Depth 64 Size 0 Mode ref, Ref Stage 28, run, start, 9848925456615425
1787729859.618578, NoOp Chain Depth 64 Size 0 Mode ref, Ref Stage 28, run, end, 9848925456637233
1787729859.618593, NoOp Chain Depth 64 Size 0 Mode ref, Ref Stage 29, run, start, 9848925456652641
1787729859.618616, NoOp Chain Depth 64 Size 0 Mode ref, Ref Stage 29, run, end, 9848925456674833
1787729859.618631, NoOp Chain Depth 64 Size 0 Mode ref, Ref Stage 30, run, start, 9848925456689985
1787729859.618654, NoOp Chain Depth 64 Size 0 Mode ref, Ref Stage 30, run, end, 9848925456713441
1787729859.618666, NoOp Chain Depth 64 Size 0 Mode ref, Ref Stage 31, run, start, 9848925456725457
1787729859.618699, NoOp Chain Depth 64 Size 0 Mode ref, Ref Stage 31, run, end, 9848925456758065
1787729859.618714, NoOp Chain Depth 64 Size 0 Mode ref, Ref Stage 32, run, start, 9848925456773185
1787729859.618736, NoOp Chain Depth 64 Size 0 Mode ref, Ref Stage 32, run, end, 9848925456794945
1787729859.618752, NoOp Chain Depth 64 Size 0 Mode ref, Ref Stage 33, run, start, 9848925456810977
1787729859.618774, NoOp Chain Depth 64 Size 0 Mode ref, Ref Stage 33, run, end, 9848925456833761
1787729859.618790, NoOp Chain Depth 64 Size 0 Mode ref, Ref Stage 34, run, start, 9848925456849217
1787729859.618814, NoOp Chain Depth 64 Size 0 Mode ref, Ref Stage 34, run, end, 9848925456872833
1787729859.618936, NoOp Chain Depth 64 Size 0 Mode ref, Ref Stage 35, run, start, 9848925456995473
1787729859.618960, NoOp Chain Depth 64 Size 0 Mode ref, Ref Stage 35, run, end, 9848925457019569
1787729859.618976, NoOp Chain Depth 64 Size 0 Mode ref, Ref Stage 36, run, start, 9848925457035697
1787729859.619000, NoOp Chain Depth 64 Size 0 Mode ref, Ref Stage 36, run, end, 9848925457059505
1787729859.619012, NoOp Chain Depth 64 Size 0 Mode ref, Ref Stage 37, run, start, 9848925457071537
1787729859.619045, NoOp Chain Depth 64 Size 0 Mode ref, Ref Stage 37, run, end, 9848925457104545
1787729859.619061, NoOp Chain Depth 64 Size 0 Mode ref, Ref Stage 38, run, start, 9848925457119889
1787729859.619083, NoOp Chain Depth 64 Size 0 Mode ref, Ref Stage 38, run, end, 9848925457142049
1787729859.619099, NoOp Chain Depth 64 Size 0 Mode ref, Ref Stage 39, run, start, 9848925457158177
1787729859.619121, NoOp Chain Depth 64 Size 0 Mode ref, Ref Stage 39, run, end, 9848925457180097
1787729859.619239, NoOp Chain Depth 64 Size 0 Mode ref, Ref Stage 40, run, start, 9848925457298609
1787729859.619262, NoOp Chain Depth 64 Size 0 Mode ref, Ref Stage 40, run, end, 9848925457321265
1787729859.619277, NoOp Chain Depth 64 Size 0 Mode ref, Ref Stage 41, run, start, 9848925457336369
1787729859.619299, NoOp Chain Depth 64 Size 0 Mode ref, Ref Stage 41, run, end, 9848925457358432
1787729859.619314, NoOp Chain Depth 64 Size 0 Mode ref, Ref Stage 42, run, start, 9848925457373568
1787729859.619338, NoOp Chain Depth 64 Size 0 Mode ref, Ref Stage 42, run, end, 9848925457397472
1787729859.619350, NoOp Chain Depth 64 Size 0 Mode ref, Ref Stage 43, run, start, 9848925457409344
1787729859.619384, NoOp Chain Depth 64 Size 0 Mode ref, Ref Stage 43, run, end, 9848925457443712
1787729859.619397, NoOp Chain Depth 64 Size 0 Mode ref, Ref Stage 44, run, start, 9848925457456368
1787729859.619429, NoOp Chain Depth 64 Size 0 Mode ref, Ref Stage 44, run, end, 9848925457488512
1787729859.619445, NoOp Chain Depth 64 Size 0 Mode ref, Ref Stage 45, run, start, 9848925457504384
1787729859.619468, NoOp Chain Depth 64 Size 0 Mode ref, Ref Stage 45, run, end, 9848925457527424
1787729859.619485, NoOp Chain Depth 64 Size 0 Mode ref, Ref Stage 46, run, start, 9848925457544128
1787729859.619507, NoOp Chain Depth 64 Size 0 Mode ref, Ref Stage 46, run, end, 9848925457566208
1787729859.619634, NoOp Chain Depth 64 Size 0 Mode ref, Ref Stage 47, run, start, 9848925457693296
1787729859.619656, NoOp Chain Depth 64 Size 0 Mode ref, Ref Stage 47, run, end, 9848925457715680
1787729859.619672, NoOp Chain Depth 64 Size 0 Mode ref, Ref Stage 48, run, start, 9848925457731440
1787729859.619694, NoOp Chain Depth 64 Size 0 Mode ref, Ref Stage 48, run, end, 9848925457752960
1787729859.619709, NoOp Chain Depth 64 Size 0 Mode ref, Ref Stage 49, run, start, 9848925457767936
1787729859.619732, NoOp Chain Depth 64 Size 0 Mode ref, Ref Stage 49, run, end, 9848925457791648
1787729859.619745, NoOp Chain Depth 64 Size 0 Mode ref, Ref Stage 50, run, start, 9848925457803808
1787729859.619777, NoOp Chain Depth 64 Size 0 Mode ref, Ref Stage 50, run, end, 9848925457836416
1787729859.619792, NoOp Chain Depth 64 Size 0 Mode ref, Ref Stage 51, run, start, 9848925457851488
1787729859.619814, NoOp Chain Depth 64 Size 0 Mode ref, Ref Stage 51, run, end, 9848925457873440
1787729859.619939, NoOp Chain Depth 64 Size 0 Mode ref, Ref Stage 52, run, start, 9848925457998560
1787729859.619964, NoOp Chain Depth 64 Size 0 Mode ref, Ref Stage 52, run, end, 9848925458023248
1787729859.619979, NoOp Chain Depth 64 Size 0 Mode ref, Ref Stage 53, run, start, 9848925458038528
1787729859.620001, NoOp Chain Depth 64 Size 0 Mode ref, Ref Stage 53, run, end, 9848925458060064
1787729859.620016, NoOp Chain Depth 64 Size 0 Mode ref, Ref Stage 54, run, start, 9848925458074960
1787729859.620037, NoOp Chain Depth 64 Size 0 Mode ref, Ref Stage 54, run, end, 9848925458096544
1787729859.620053, NoOp Chain Depth 64 Size 0 Mode ref, Ref Stage 55, run, start, 9848925458112176
1787729859.620075, NoOp Chain Depth 64 Size 0 Mode ref, Ref Stage 55, run, end, 9848925458133776
1787729859.620090, NoOp Chain Depth 64 Size 0 Mode ref, Ref Stage 56, run, start, 9848925458148800
1787729859.620111, NoOp Chain Depth 64 Size 0 Mode ref, Ref Stage 56, run, end, 9848925458170512
1787729859.620126, NoOp Chain Depth 64 Size 0 Mode ref, Ref Stage 57, run, start, 9848925458185744
1787729859.620148, NoOp Chain Depth 64 Size 0 Mode ref, Ref Stage 57, run, end, 9848925458209136
1787729859.620277, NoOp Chain Depth 64 Size 0 Mode ref, Ref Stage 58, run, start, 9848925458336192
1787729859.620299, NoOp Chain Depth 64 Size 0 Mode ref, Ref Stage 58, run, end, 9848925458358720
1787729859.620315, NoOp Chain Depth 64 Size 0 Mode ref, Ref Stage 59, run, start, 9848925458374000
1787729859.620337, NoOp Chain Depth 64 Size 0 Mode ref, Ref Stage 59, run, end, 9848925458395920
1787729859.620352, NoOp Chain Depth 64 Size 0 Mode ref, Ref Stage 60, run, start, 9848925458411088
1787729859.620376, NoOp Chain Depth 64 Size 0 Mode ref, Ref Stage 60, run, end, 9848925458435184
1787729859.620388, NoOp Chain Depth 64 Size 0 Mode ref, Ref Stage 61, run, start, 9848925458447232
1787729859.620420, NoOp Chain Depth 64 Size 0 Mode ref, Ref Stage 61, run, end, 9848925458479760
1787729859.620436, NoOp Chain Depth 64 Size 0 Mode ref, Ref Stage 62, run, start, 9848925458495024
1787729859.620457, NoOp Chain Depth 64 Size 0 Mode ref, Ref Stage 62, run, end, 9848925458516896
1787729859.620579, NoOp Chain Depth 64 Size 0 Mode ref, Ref Stage 63, run, start, 9848925458638048
1787729859.620600, NoOp Chain Depth 64 Size 0 Mode ref, Ref Stage 63, run, end, 9848925458659984
1787729859.620616, NoOp Chain Depth 64 Size 0 Mode ref, pipeline - train, run, end, 147407538916542964592954264077388696034, 1787729859.616908, 63, 1, 9848925458675376
1787729859.620651, NoOp Chain Depth 64 Size 0 Mode ref, pipeline - train, run, start, 105071935013716960617292585249878710899, 1787729859.620641, 64, 1, 9848925458710368
1787729859.620674, NoOp Chain Depth 64 Size 0 Mode ref, Ref Stage 0, run, start, 9848925458733424
1787729859.620698, NoOp Chain Depth 64 Size 0 Mode ref, Ref Stage 0, run, end, 9848925458757504
1787729859.620710, NoOp Chain Depth 64 Size 0 Mode ref, Ref Stage 1, run, start, 9848925458769552
1787729859.620743, NoOp Chain Depth 64 Size 0 Mode ref, Ref Stage 1, run, end, 9848925458802272
1787729859.620758, NoOp Chain Depth 64 Size 0 Mode ref, Ref Stage 2, run, start, 9848925458817312
1787729859.620782, NoOp Chain Depth 64 Size 0 Mode ref, Ref Stage 2, run, end, 9848925458841440
1787729859.620798, NoOp Chain Depth 64 Size 0 Mode ref, Ref Stage 3, run, start, 9848925458857728
1787729859.620821, NoOp Chain Depth 64 Size 0 Mode ref, Ref Stage 3, run, end, 9848925458879616
1787729859.620836, NoOp Chain Depth 64 Size 0 Mode ref, Ref Stage 4, run, start, 9848925458895200
1787729859.620863, NoOp Chain Depth 64 Size 0 Mode ref, Ref Stage 4, run, end, 9848925458922448
1787729859.620987, NoOp Chain Depth 64 Size 0 Mode ref, Ref Stage 5, run, start, 9848925459046176
1787729859.621010, NoOp Chain Depth 64 Size 0 Mode ref, Ref Stage 5, run, end, 9848925459069280
1787729859.621025, NoOp Chain Depth 64 Size 0 Mode ref, Ref Stage 6, run, start, 9848925459084736
1787729859.621049, NoOp Chain Depth 64 Size 0 Mode ref, Ref Stage 6, run, end, 9848925459108688
1787729859.621062, NoOp Chain Depth 64 Size 0 Mode ref, Ref Stage 7, run, start, 9848925459121136
1787729859.621095, NoOp Chain Depth 64 Size 0 Mode ref, Ref Stage 7, run, end, 9848925459154208
1787729859.621110, NoOp Chain Depth 64 Size 0 Mode ref, Ref Stage 8, run, start, 9848925459169504
1787729859.621132, NoOp Chain Depth 64 Size 0 Mode ref, Ref Stage 8, run, end, 9848925459191344
1787729859.621253, NoOp Chain Depth 64 Size 0 Mode ref, Ref Stage 9, run, start, 9848925459312368
1787729859.621275, NoOp Chain Depth 64 Size 0 Mode ref, Ref Stage 9, run, end, 9848925459334768
1787729859.621291, NoOp Chain Depth 64 Size 0 Mode ref, Ref Stage 10, run, start, 9848925459350144
1787729859.621313, NoOp Chain Depth 64 Size 0 Mode ref, Ref Stage 10, run, end, 9848925459372159
1787729859.621328, NoOp Chain Depth 64 Size 0 Mode ref, Ref Stage 11, run, start, 9848925459387183
1787729859.621350, NoOp Chain Depth 64 Size 0 Mode ref, Ref Stage 11, run, end, 9848925459408943
1787729859.621365, NoOp Chain Depth 64 Size 0 Mode ref, Ref Stage 12, run, start, 9848925459424143
1787729859.621388, NoOp Chain Depth 64 Size 0 Mode ref, Ref Stage 12, run, end, 9848925459447311
1787729859.621400, NoOp Chain Depth 64 Size 0 Mode ref, Ref Stage 13, run, start, 9848925459459423
1787729859.621434, NoOp Chain Depth 64 Size 0 Mode ref, Ref Stage 13, run, end, 9848925459493663
1787729859.621446, NoOp Chain Depth 64 Size 0 Mode ref, Ref Stage 14, run, start, 9848925459505535
1787729859.621479, NoOp Chain Depth 64 Size 0 Mode ref, Ref Stage 14, run, end, 9848925459537951
1787729859.621494, NoOp Chain Depth 64 Size 0 Mode ref, Ref Stage 15, run, start, 9848925459553215
1787729859.621516, NoOp Chain Depth 64 Size 0 Mode ref, Ref Stage 15, run, end, 9848925459575263
1787729859.621638, NoOp Chain Depth 64 Size 0 Mode ref, Ref Stage 16, run, start, 9848925459697967
1787729859.621661, NoOp Chain Depth 64 Size 0 Mode ref, Ref Stage 16, run, end, 9848925459720863
1787729859.621677, NoOp Chain Depth 64 Size 0 Mode ref, Ref Stage 17, run, start, 9848925459736303
1787729859.621701, NoOp Chain Depth 64 Size 0 Mode ref, Ref Stage 17, run, end, 9848925459760239
1787729859.621713, NoOp Chain Depth 64 Size 0 Mode ref, Ref Stage 18, run, start, 9848925459772255
1787729859.621746, NoOp Chain Depth 64 Size 0 Mode ref, Ref Stage 18, run, end, 9848925459804959
1787729859.621761, NoOp Chain Depth 64 Size 0 Mode ref, Ref Stage 19, run, start, 9848925459819887
1787729859.621782, NoOp Chain Depth 64 Size 0 Mode ref, Ref Stage 19, run, end, 9848925459841375
1787729859.621799, NoOp Chain Depth 64 Size 0 Mode ref, Ref Stage 20, run, start, 9848925459857775
1787729859.621823, NoOp Chain Depth 64 Size 0 Mode ref, Ref Stage 20, run, end, 9848925459882463
1787729859.621835, NoOp Chain Depth 64 Size 0 Mode ref, Ref Stage 21, run, start, 9848925459894671
1787729859.621973, NoOp Chain Depth 64 Size 0 Mode ref, Ref Stage 21, run, end, 9848925460031855
1787729859.621987, NoOp Chain Depth 64 Size 0 Mode ref, Ref Stage 22, run, start, 9848925460046815
1787729859.622009, NoOp Chain Depth 64 Size 0 Mode ref, Ref Stage 22, run, end, 9848925460068623
1787729859.622025, NoOp Chain Depth 64 Size 0 Mode ref, Ref Stage 23, run, start, 9848925460083967
1787729859.622049, NoOp Chain Depth 64 Size 0 Mode ref, Ref Stage 23, run, end, 9848925460107807
1787729859.622063, NoOp Chain Depth 64 Size 0 Mode ref, Ref Stage 24, run, start, 9848925460122815
1787729859.622087, NoOp Chain Depth 64 Size 0 Mode ref, Ref Stage 24, run, end, 9848925460146463
1787729859.622099, NoOp Chain Depth 64 Size 0 Mode ref, Ref Stage 25, run, start, 9848925460158159
1787729859.622133, NoOp Chain Depth 64 Size 0 Mode ref, Ref Stage 25, run, end, 9848925460192479
1787729859.622145, NoOp Chain Depth 64 Size 0 Mode ref, Ref Stage 26, run, start, 9848925460204335
1787729859.622181, NoOp Chain Depth 64 Size 0 Mode ref, Ref Stage 26, run, end, 9848925460240223
1787729859.622304, NoOp Chain Depth 64 Size 0 Mode ref, Ref Stage 27, run, start, 9848925460363119
1787729859.622326, NoOp Chain Depth 64 Size 0 Mode ref, Ref Stage 27, run, end, 9848925460385343
1787729859.622341, NoOp Chain Depth 64 Size 0 Mode ref, Ref Stage 28, run, start, 9848925460400367
1787729859.622363, NoOp Chain Depth 64 Size 0 Mode ref, Ref Stage 28, run, end, 9848925460422383
1787729859.622378, NoOp Chain Depth 64 Size 0 Mode ref, Ref Stage 29, run, start, 9848925460437343
1787729859.622400, NoOp Chain Depth 64 Size 0 Mode ref, Ref Stage 29, run, end, 9848925460458687
1787729859.622414, NoOp Chain Depth 64 Size 0 Mode ref, Ref Stage 30, run, start, 9848925460473807
1787729859.622436, NoOp Chain Depth 64 Size 0 Mode ref, Ref Stage 30, run, end, 9848925460495327
1787729859.622452, NoOp Chain Depth 64 Size 0 Mode ref, Ref Stage 31, run, start, 9848925460510847
1787729859.622473, NoOp Chain Depth 64 Size 0 Mode ref, Ref Stage 31, run, end, 9848925460532751
1787729859.622595, NoOp Chain Depth 64 Size 0 Mode ref, Ref Stage 32, run, start, 9848925460653983
1787729859.622617, NoOp Chain Depth 64 Size 0 Mode ref, Ref Stage 32, run, end, 9848925460675983
1787729859.622632, NoOp Chain Depth 64 Size 0 Mode ref, Ref Stage 33, run, start, 9848925460691311
1787729859.622654, NoOp Chain Depth 64 Size 0 Mode ref, Ref Stage 33, run, end, 9848925460713119
1787729859.622669, NoOp Chain Depth 64 Size 0 Mode ref, Ref Stage 34, run, start, 9848925460728287
1787729859.622693, NoOp Chain Depth 64 Size 0 Mode ref, Ref Stage 34, run, end, 9848925460752239
1787729859.622705, NoOp Chain Depth 64 Size 0 Mode ref, Ref Stage 35, run, start, 9848925460764111
1787729859.622737, NoOp Chain Depth 64 Size 0 Mode ref, Ref Stage 35, run, end, 9848925460796239
1787729859.622752, NoOp Chain Depth 64 Size 0 Mode ref, Ref Stage 36, run, start, 9848925460811119
1787729859.622775, NoOp Chain Depth 64 Size 0 Mode ref, Ref Stage 36, run, end, 9848925460834671
1787729859.622788, NoOp Chain Depth 64 Size 0 Mode ref, Ref Stage 37, run, start, 9848925460847279
1787729859.622820, NoOp Chain Depth 64 Size 0 Mode ref, Ref Stage 37, run, end, 9848925460879743
1787729859.622945, NoOp Chain Depth 64 Size 0 Mode ref, Ref Stage 38, run, start, 9848925461004943
1787729859.622969, NoOp Chain Depth 64 Size 0 Mode ref, Ref Stage 38, run, end, 9848925461027951
1787729859.622984, NoOp Chain Depth 64 Size 0 Mode ref, Ref Stage 39, run, start, 9848925461043519
1787729859.623008, NoOp Chain Depth 64 Size 0 Mode ref, Ref Stage 39, run, end, 9848925461066687
1787729859.623019, NoOp Chain Depth 64 Size 0 Mode ref, Ref Stage 40, run, start, 9848925461078687
1787729859.623052, NoOp Chain Depth 64 Size 0 Mode ref, Ref Stage 40, run, end, 9848925461111759
1787729859.623067, NoOp Chain Depth 64 Size 0 Mode ref, Ref Stage 41, run, start, 9848925461126799
1787729859.623089, NoOp Chain Depth 64 Size 0 Mode ref, Ref Stage 41, run, end, 9848925461148255
1787729859.623105, NoOp Chain Depth 64 Size 0 Mode ref, Ref Stage 42, run, start, 9848925461164031
1787729859.623130, NoOp Chain Depth 64 Size 0 Mode ref, Ref Stage 42, run, end, 9848925461189567
1787729859.623147, NoOp Chain Depth 64 Size 0 Mode ref, Ref Stage 43, run, start, 9848925461206431
1787729859.623169, NoOp Chain Depth 64 Size 0 Mode ref, Ref Stage 43, run, end, 9848925461228719
1787729859.623293, NoOp Chain Depth 64 Size 0 Mode ref, Ref Stage 44, run, start, 9848925461352158
1787729859.623316, NoOp Chain Depth 64 Size 0 Mode ref, Ref Stage 44, run, end, 9848925461374974
1787729859.623331, NoOp Chain Depth 64 Size 0 Mode ref, Ref Stage 45, run, start, 9848925461390654
1787729859.623353, NoOp Chain Depth 64 Size 0 Mode ref, Ref Stage 45, run, end, 9848925461412398
1787729859.623368, NoOp Chain Depth 64 Size 0 Mode ref, Ref Stage 46, run, start, 9848925461427262
1787729859.623391, NoOp Chain Depth 64 Size 0 Mode ref, Ref Stage 46, run, end, 9848925461450766
1787729859.623403, NoOp Chain Depth 64 Size 0 Mode ref, Ref Stage 47, run, start, 9848925461462542
1787729859.623435, NoOp Chain Depth 64 Size 0 Mode ref, Ref Stage 47, run, end, 9848925461494414
1787729859.623450, NoOp Chain Depth 64 Size 0 Mode ref, Ref Stage 48, run, start, 9848925461509230
1787729859.623471, NoOp Chain Depth 64 Size 0 Mode ref, Ref Stage 48, run, end, 9848925461530814
1787729859.623487, NoOp Chain Depth 64 Size 0 Mode ref, Ref Stage 49, run, start, 9848925461547038
1787729859.623509, NoOp Chain Depth 64 Size 0 Mode ref, Ref Stage 49, run, end, 9848925461568846
1787729859.623627, NoOp Chain Depth 64 Size 0 Mode ref, Ref Stage 50, run, start, 9848925461686366
1787729859.623650, NoOp Chain Depth 64 Size 0 Mode ref, Ref Stage 50, run, end, 9848925461709006
1787729859.623665, NoOp Chain Depth 64 Size 0 Mode ref, Ref Stage 51, run, start, 9848925461724526
1787729859.623689, NoOp Chain Depth 64 Size 0 Mode ref, Ref Stage 51, run, end, 9848925461748254
1787729859.623701, NoOp Chain Depth 64 Size 0 Mode ref, Ref Stage 52, run, start, 9848925461760318
1787729859.623734, NoOp Chain Depth 64 Size 0 Mode ref, Ref Stage 52, run, end, 9848925461792878
1787729859.623749, NoOp Chain Depth 64 Size 0 Mode ref, Ref Stage 53, run, start, 9848925461808302
1787729859.623771, NoOp Chain Depth 64 Size 0 Mode ref, Ref Stage 53, run, end, 9848925461829934
1787729859.623786, NoOp Chain Depth 64 Size 0 Mode ref, Ref Stage 54, run, start, 9848925461845918
1787729859.623808, NoOp Chain Depth 64 Size 0 Mode ref, Ref Stage 54, run, end, 9848925461867390
1787729859.623931, NoOp Chain Depth 64 Size 0 Mode ref, Ref Stage 55, run, start, 9848925461990926
1787729859.623955, NoOp Chain Depth 64 Size 0 Mode ref, Ref Stage 55, run, end, 9848925462014398
1787729859.623971, NoOp Chain Depth 64 Size 0 Mode ref, Ref Stage 56, run, start, 9848925462030366
1787729859.623993, NoOp Chain Depth 64 Size 0 Mode ref, Ref Stage 56, run, end, 9848925462051886
1787729859.624007, NoOp Chain Depth 64 Size 0 Mode ref, Ref Stage 57, run, start, 9848925462066734
1787729859.624031, NoOp Chain Depth 64 Size 0 Mode ref, Ref Stage 57, run, end, 9848925462090398
1787729859.624043, NoOp Chain Depth 64 Size 0 Mode ref, Ref Stage 58, run, start, 9848925462102254
1787729859.624075, NoOp Chain Depth 64 Size 0 Mode ref, Ref Stage 58, run, end, 9848925462134542
1787729859.624090, NoOp Chain Depth 64 Size 0 Mode ref, Ref Stage 59, run, start, 9848925462149646
1787729859.624115, NoOp Chain Depth 64 Size 0 Mode ref, Ref Stage 59, run, end, 9848925462173662
1787729859.624126, NoOp Chain Depth 64 Size 0 Mode ref, Ref Stage 60, run, start, 9848925462185710
1787729859.624159, NoOp Chain Depth 64 Size 0 Mode ref, Ref Stage 60, run, end, 9848925462218302
1787729859.624174, NoOp Chain Depth 64 Size 0 Mode ref, Ref Stage 61, run, start, 9848925462233646
1787729859.624198, NoOp Chain Depth 64 Size 0 Mode ref, Ref Stage 61, run, end, 9848925462256862
1787729859.624323, NoOp Chain Depth 64 Size 0 Mode ref, Ref Stage 62, run, start, 9848925462382334
1787729859.624345, NoOp Chain Depth 64 Size 0 Mode ref, Ref Stage 62, run, end, 9848925462404286
1787729859.624361, NoOp Chain Depth 64 Size 0 Mode ref, Ref Stage 63, run, start, 9848925462419678
1787729859.624382, NoOp Chain Depth 64 Size 0 Mode ref, Ref Stage 63, run, end, 9848925462441006
1787729859.624397, NoOp Chain Depth 64 Size 0 Mode ref, pipeline - train, run, end, 105071935013716960617292585249878710899, 1787729859.620641, 64, 1, 9848925462456302
1787729859.624449, NoOp Chain Depth 64 Size 0 Mode ref, pipeline - train, run, start, 260943958818913951261289662550026119007, 1787729859.624423, 65, 1, 9848925462508350
1787729859.624578, NoOp Chain Depth 64 Size 0 Mode ref, Ref Stage 0, run, start, 9848925462637246
1787729859.624601, NoOp Chain Depth 64 Size 0 Mode ref, Ref Stage 0, run, end, 9848925462660030
1787729859.624616, NoOp Chain Depth 64 Size 0 Mode ref, Ref Stage 1, run, start, 9848925462675582
1787729859.624638, NoOp Chain Depth 64 Size 0 Mode ref, Ref Stage 1, run, end, 9848925462697326
1787729859.624653, NoOp Chain Depth 64 Size 0 Mode ref, Ref Stage 2, run, start, 9848925462712718
1787729859.624676, NoOp Chain Depth 64 Size 0 Mode ref, Ref Stage 2, run, end, 9848925462734814
1787729859.624691, NoOp Chain Depth 64 Size 0 Mode ref, Ref Stage 3, run, start, 9848925462750398
1787729859.624713, NoOp Chain Depth 64 Size 0 Mode ref, Ref Stage 3, run, end, 9848925462772334
1787729859.624728, NoOp Chain Depth 64 Size 0 Mode ref, Ref Stage 4, run, start, 9848925462787550
1787729859.624752, NoOp Chain Depth 64 Size 0 Mode ref, Ref Stage 4, run, end, 9848925462810974
1787729859.624763, NoOp Chain Depth 64 Size 0 Mode ref, Ref Stage 5, run, start, 9848925462822862
1787729859.624796, NoOp Chain Depth 64 Size 0 Mode ref, Ref Stage 5, run, end, 9848925462855310
1787729859.624811, NoOp Chain Depth 64 Size 0 Mode ref, Ref Stage 6, run, start, 9848925462870510
1787729859.624837, NoOp Chain Depth 64 Size 0 Mode ref, Ref Stage 6, run, end, 9848925462896574
1787729859.624849, NoOp Chain Depth 64 Size 0 Mode ref, Ref Stage 7, run, start, 9848925462908478
1787729859.624987, NoOp Chain Depth 64 Size 0 Mode ref, Ref Stage 7, run, end, 9848925463046526
1787729859.625002, NoOp Chain Depth 64 Size 0 Mode ref, Ref Stage 8, run, start, 9848925463061710
1787729859.625026, NoOp Chain Depth 64 Size 0 Mode ref, Ref Stage 8, run, end, 9848925463085198
1787729859.625038, NoOp Chain Depth 64 Size 0 Mode ref, Ref Stage 9, run, start, 9848925463097150
1787729859.625070, NoOp Chain Depth 64 Size 0 Mode ref, Ref Stage 9, run, end, 9848925463129550
1787729859.625085, NoOp Chain Depth 64 Size 0 Mode ref, Ref Stage 10, run, start, 9848925463144781
1787729859.625108, NoOp Chain Depth 64 Size 0 Mode ref, Ref Stage 10, run, end, 9848925463166781
1787729859.625124, NoOp Chain Depth 64 Size 0 Mode ref, Ref Stage 11, run, start, 9848925463183085
1787729859.625146, NoOp Chain Depth 64 Size 0 Mode ref, Ref Stage 11, run, end, 9848925463205069
1787729859.625268, NoOp Chain Depth 64 Size 0 Mode ref, Ref Stage 12, run, start, 9848925463327501
1787729859.625290, NoOp Chain Depth 64 Size 0 Mode ref, Ref Stage 12, run, end, 9848925463349853
1787729859.625306, NoOp Chain Depth 64 Size 0 Mode ref, Ref Stage 13, run, start, 9848925463364877
1787729859.625327, NoOp Chain Depth 64 Size 0 Mode ref, Ref Stage 13, run, end, 9848925463386589
1787729859.625342, NoOp Chain Depth 64 Size 0 Mode ref, Ref Stage 14, run, start, 9848925463401901
1787729859.625364, NoOp Chain Depth 64 Size 0 Mode ref, Ref Stage 14, run, end, 9848925463423421
1787729859.625379, NoOp Chain Depth 64 Size 0 Mode ref, Ref Stage 15, run, start, 9848925463438541
1787729859.625402, NoOp Chain Depth 64 Size 0 Mode ref, Ref Stage 15, run, end, 9848925463461773
1787729859.625416, NoOp Chain Depth 64 Size 0 Mode ref, Ref Stage 16, run, start, 9848925463475357
1787729859.625448, NoOp Chain Depth 64 Size 0 Mode ref, Ref Stage 16, run, end, 9848925463507629
1787729859.625463, NoOp Chain Depth 64 Size 0 Mode ref, Ref Stage 17, run, start, 9848925463522893
1787729859.625488, NoOp Chain Depth 64 Size 0 Mode ref, Ref Stage 17, run, end, 9848925463547613
1787729859.625505, NoOp Chain Depth 64 Size 0 Mode ref, Ref Stage 18, run, start, 9848925463564445
1787729859.625527, NoOp Chain Depth 64 Size 0 Mode ref, Ref Stage 18, run, end, 9848925463586413
1787729859.625649, NoOp Chain Depth 64 Size 0 Mode ref, Ref Stage 19, run, start, 9848925463708253
1787729859.625671, NoOp Chain Depth 64 Size 0 Mode ref, Ref Stage 19, run, end, 9848925463730189
1787729859.625686, NoOp Chain Depth 64 Size 0 Mode ref, Ref Stage 20, run, start, 9848925463745453
1787729859.625710, NoOp Chain Depth 64 Size 0 Mode ref, Ref Stage 20, run, end, 9848925463768989
1787729859.625725, NoOp Chain Depth 64 Size 0 Mode ref, Ref Stage 21, run, start, 9848925463783917
1787729859.625747, NoOp Chain Depth 64 Size 0 Mode ref, Ref Stage 21, run, end, 9848925463805837
1787729859.625762, NoOp Chain Depth 64 Size 0 Mode ref, Ref Stage 22, run, start, 9848925463821069
1787729859.625783, NoOp Chain Depth 64 Size 0 Mode ref, Ref Stage 22, run, end, 9848925463842733
1787729859.625799, NoOp Chain Depth 64 Size 0 Mode ref, Ref Stage 23, run, start, 9848925463858109
1787729859.625821, NoOp Chain Depth 64 Size 0 Mode ref, Ref Stage 23, run, end, 9848925463879853
1787729859.625942, NoOp Chain Depth 64 Size 0 Mode ref, Ref Stage 24, run, start, 9848925464002685
1787729859.625967, NoOp Chain Depth 64 Size 0 Mode ref, Ref Stage 24, run, end, 9848925464026125
1787729859.625982, NoOp Chain Depth 64 Size 0 Mode ref, Ref Stage 25, run, start, 9848925464041533
1787729859.626004, NoOp Chain Depth 64 Size 0 Mode ref, Ref Stage 25, run, end, 9848925464063181
1787729859.626019, NoOp Chain Depth 64 Size 0 Mode ref, Ref Stage 26, run, start, 9848925464077885
1787729859.626042, NoOp Chain Depth 64 Size 0 Mode ref, Ref Stage 26, run, end, 9848925464100941
1787729859.626054, NoOp Chain Depth 64 Size 0 Mode ref, Ref Stage 27, run, start, 9848925464112973
1787729859.626086, NoOp Chain Depth 64 Size 0 Mode ref, Ref Stage 27, run, end, 9848925464145341
1787729859.626101, NoOp Chain Depth 64 Size 0 Mode ref, Ref Stage 28, run, start, 9848925464160781
1787729859.626123, NoOp Chain Depth 64 Size 0 Mode ref, Ref Stage 28, run, end, 9848925464182637
1787729859.626140, NoOp Chain Depth 64 Size 0 Mode ref, Ref Stage 29, run, start, 9848925464198909
1787729859.626162, NoOp Chain Depth 64 Size 0 Mode ref, Ref Stage 29, run, end, 9848925464221373
1787729859.626179, NoOp Chain Depth 64 Size 0 Mode ref, Ref Stage 30, run, start, 9848925464238125
1787729859.626202, NoOp Chain Depth 64 Size 0 Mode ref, Ref Stage 30, run, end, 9848925464260973
1787729859.626321, NoOp Chain Depth 64 Size 0 Mode ref, Ref Stage 31, run, start, 9848925464380413
1787729859.626343, NoOp Chain Depth 64 Size 0 Mode ref, Ref Stage 31, run, end, 9848925464402045
1787729859.626358, NoOp Chain Depth 64 Size 0 Mode ref, Ref Stage 32, run, start, 9848925464417261
1787729859.626379, NoOp Chain Depth 64 Size 0 Mode ref, Ref Stage 32, run, end, 9848925464438381
1787729859.626394, NoOp Chain Depth 64 Size 0 Mode ref, Ref Stage 33, run, start, 9848925464453229
1787729859.626415, NoOp Chain Depth 64 Size 0 Mode ref, Ref Stage 33, run, end, 9848925464474637
1787729859.626431, NoOp Chain Depth 64 Size 0 Mode ref, Ref Stage 34, run, start, 9848925464489933
1787729859.626453, NoOp Chain Depth 64 Size 0 Mode ref, Ref Stage 34, run, end, 9848925464511917
1787729859.626468, NoOp Chain Depth 64 Size 0 Mode ref, Ref Stage 35, run, start, 9848925464527197
1787729859.626490, NoOp Chain Depth 64 Size 0 Mode ref, Ref Stage 35, run, end, 9848925464548861
1787729859.626611, NoOp Chain Depth 64 Size 0 Mode ref, Ref Stage 36, run, start, 9848925464670477
1787729859.626633, NoOp Chain Depth 64 Size 0 Mode ref, Ref Stage 36, run, end, 9848925464692509
1787729859.626648, NoOp Chain Depth 64 Size 0 Mode ref, Ref Stage 37, run, start, 9848925464707661
1787729859.626672, NoOp Chain Depth 64 Size 0 Mode ref, Ref Stage 37, run, end, 9848925464730909
1787729859.626684, NoOp Chain Depth 64 Size 0 Mode ref, Ref Stage 38, run, start, 9848925464742957
1787729859.626716, NoOp Chain Depth 64 Size 0 Mode ref, Ref Stage 38, run, end, 9848925464775357
1787729859.626731, NoOp Chain Depth 64 Size 0 Mode ref, Ref Stage 39, run, start, 9848925464790525
1787729859.626753, NoOp Chain Depth 64 Size 0 Mode ref, Ref Stage 39, run, end, 9848925464812397
1787729859.626769, NoOp Chain Depth 64 Size 0 Mode ref, Ref Stage 40, run, start, 9848925464828813
1787729859.626792, NoOp Chain Depth 64 Size 0 Mode ref, Ref Stage 40, run, end, 9848925464851133
1787729859.626807, NoOp Chain Depth 64 Size 0 Mode ref, Ref Stage 41, run, start, 9848925464866269
1787729859.626832, NoOp Chain Depth 64 Size 0 Mode ref, Ref Stage 41, run, end, 9848925464890893
1787729859.626953, NoOp Chain Depth 64 Size 0 Mode ref, Ref Stage 42, run, start, 9848925465012973
1787729859.626976, NoOp Chain Depth 64 Size 0 Mode ref, Ref Stage 42, run, end, 9848925465035965
1787729859.626992, NoOp Chain Depth 64 Size 0 Mode ref, Ref Stage 43, run, start, 9848925465051133
1787729859.627015, NoOp Chain Depth 64 Size 0 Mode ref, Ref Stage 43, run, end, 9848925465074493
1787729859.627027, NoOp Chain Depth 64 Size 0 Mode ref, Ref Stage 44, run, start, 9848925465086525
1787729859.627060, NoOp Chain Depth 64 Size 0 Mode ref, Ref Stage 44, run, end, 9848925465119005
1787729859.627076, NoOp Chain Depth 64 Size 0 Mode ref, Ref Stage 45, run, start, 9848925465134829
1787729859.627097, NoOp Chain Depth 64 Size 0 Mode ref, Ref Stage 45, run, end, 9848925465156509
1787729859.627112, NoOp Chain Depth 64 Size 0 Mode ref, Ref Stage 46, run, start, 9848925465171485
1787729859.627134, NoOp Chain Depth 64 Size 0 Mode ref, Ref Stage 46, run, end, 9848925465193084
1787729859.627149, NoOp Chain Depth 64 Size 0 Mode ref, Ref Stage 47, run, start, 9848925465208348
1787729859.627171, NoOp Chain Depth 64 Size 0 Mode ref, Ref Stage 47, run, end, 9848925465229836
1787729859.627290, NoOp Chain Depth 64 Size 0 Mode ref, Ref Stage 48, run, start, 9848925465349820
1787729859.627313, NoOp Chain Depth 64 Size 0 Mode ref, Ref Stage 48, run, end, 9848925465372060
1787729859.627328, NoOp Chain Depth 64 Size 0 Mode ref, Ref Stage 49, run, start, 9848925465387132
1787729859.627351, NoOp Chain Depth 64 Size 0 Mode ref, Ref Stage 49, run, end, 9848925465410028
1787729859.627363, NoOp Chain Depth 64 Size 0 Mode ref, Ref Stage 50, run, start, 9848925465422300
1787729859.627396, NoOp Chain Depth 64 Size 0 Mode ref, Ref Stage 50, run, end, 9848925465454860
1787729859.627411, NoOp Chain Depth 64 Size 0 Mode ref, Ref Stage 51, run, start, 9848925465470316
1787729859.627433, NoOp Chain Depth 64 Size 0 Mode ref, Ref Stage 51, run, end, 9848925465492108
1787729859.627449, NoOp Chain Depth 64 Size 0 Mode ref, Ref Stage 52, run, start, 9848925465508124
1787729859.627471, NoOp Chain Depth 64 Size 0 Mode ref, Ref Stage 52, run, end, 9848925465530172
1787729859.627486, NoOp Chain Depth 64 Size 0 Mode ref, Ref Stage 53, run, start, 9848925465545260
1787729859.627508, NoOp Chain Depth 64 Size 0 Mode ref, Ref Stage 53, run, end, 9848925465567404
1787729859.627629, NoOp Chain Depth 64 Size 0 Mode ref, Ref Stage 54, run, start, 9848925465688412
1787729859.627652, NoOp Chain Depth 64 Size 0 Mode ref, Ref Stage 54, run, end, 9848925465710812
1787729859.627667, NoOp Chain Depth 64 Size 0 Mode ref, Ref Stage 55, run, start, 9848925465726284
1787729859.627689, NoOp Chain Depth 64 Size 0 Mode ref, Ref Stage 55, run, end, 9848925465747996
1787729859.627704, NoOp Chain Depth 64 Size 0 Mode ref, Ref Stage 56, run, start, 9848925465763084
1787729859.627725, NoOp Chain Depth 64 Size 0 Mode ref, Ref Stage 56, run, end, 9848925465784652
1787729859.627740, NoOp Chain Depth 64 Size 0 Mode ref, Ref Stage 57, run, start, 9848925465799868
1787729859.627764, NoOp Chain Depth 64 Size 0 Mode ref, Ref Stage 57, run, end, 9848925465823388
1787729859.627776, NoOp Chain Depth 64 Size 0 Mode ref, Ref Stage 58, run, start, 9848925465835292
1787729859.627908, NoOp Chain Depth 64 Size 0 Mode ref, Ref Stage 58, run, end, 9848925465967452
1787729859.627923, NoOp Chain Depth 64 Size 0 Mode ref, Ref Stage 59, run, start, 9848925465982796
1787729859.627947, NoOp Chain Depth 64 Size 0 Mode ref, Ref Stage 59, run, end, 9848925466005948
1787729859.627962, NoOp Chain Depth 64 Size 0 Mode ref, Ref Stage 60, run, start, 9848925466021772
1787729859.627984, NoOp Chain Depth 64 Size 0 Mode ref, Ref Stage 60, run, end, 9848925466043628
1787729859.628000, NoOp Chain Depth 64 Size 0 Mode ref, Ref Stage 61, run, start, 9848925466058764
1787729859.628023, NoOp Chain Depth 64 Size 0 Mode ref, Ref Stage 61, run, end, 9848925466082332
1787729859.628035, NoOp Chain Depth 64 Size 0 Mode ref, Ref Stage 62, run, start, 9848925466094188
1787729859.628071, NoOp Chain Depth 64 Size 0 Mode ref, Ref Stage 62, run, end, 9848925466130012
1787729859.628083, NoOp Chain Depth 64 Size 0 Mode ref, Ref Stage 63, run, start, 9848925466142204
1787729859.628117, NoOp Chain Depth 64 Size 0 Mode ref, Ref Stage 63, run, end, 9848925466176060
1787729859.628134, NoOp Chain Depth 64 Size 0 Mode ref, pipeline - train, run, end, 260943958818913951261289662550026119007, 1787729859.624423, 65, 1, 9848925466193052
1787729859.628284, NoOp Chain Depth 64 Size 0 Mode ref, pipeline - train, run, start, 339024429891718002355161012806806241607, 1787729859.628273, 66, 1, 9848925466343292
1787729859.628307, NoOp Chain Depth 64 Size 0 Mode ref, Ref Stage 0, run, start, 9848925466366716
1787729859.628330, NoOp Chain Depth 64 Size 0 Mode ref, Ref Stage 0, run, end, 9848925466389260
1787729859.628345, NoOp Chain Depth 64 Size 0 Mode ref, Ref Stage 1, run, start, 9848925466404860
1787729859.628367, NoOp Chain Depth 64 Size 0 Mode ref, Ref Stage 1, run, end, 9848925466426764
1787729859.628383, NoOp Chain Depth 64 Size 0 Mode ref, Ref Stage 2, run, start, 9848925466442108
1787729859.628404, NoOp Chain Depth 64 Size 0 Mode ref, Ref Stage 2, run, end, 9848925466463836
1787729859.628420, NoOp Chain Depth 64 Size 0 Mode ref, Ref Stage 3, run, start, 9848925466478956
1787729859.628442, NoOp Chain Depth 64 Size 0 Mode ref, Ref Stage 3, run, end, 9848925466500892
1787729859.628457, NoOp Chain Depth 64 Size 0 Mode ref, Ref Stage 4, run, start, 9848925466516556
1787729859.628479, NoOp Chain Depth 64 Size 0 Mode ref, Ref Stage 4, run, end, 9848925466538380
1787729859.628605, NoOp Chain Depth 64 Size 0 Mode ref, Ref Stage 5, run, start, 9848925466664252
1787729859.628627, NoOp Chain Depth 64 Size 0 Mode ref, Ref Stage 5, run, end, 9848925466686460
1787729859.628643, NoOp Chain Depth 64 Size 0 Mode ref, Ref Stage 6, run, start, 9848925466701852
1787729859.628664, NoOp Chain Depth 64 Size 0 Mode ref, Ref Stage 6, run, end, 9848925466723884
1787729859.628680, NoOp Chain Depth 64 Size 0 Mode ref, Ref Stage 7, run, start, 9848925466739084
1787729859.628702, NoOp Chain Depth 64 Size 0 Mode ref, Ref Stage 7, run, end, 9848925466761180
1787729859.628717, NoOp Chain Depth 64 Size 0 Mode ref, Ref Stage 8, run, start, 9848925466776636
1787729859.628740, NoOp Chain Depth 64 Size 0 Mode ref, Ref Stage 8, run, end, 9848925466798860
1787729859.628755, NoOp Chain Depth 64 Size 0 Mode ref, Ref Stage 9, run, start, 9848925466814012
1787729859.628777, NoOp Chain Depth 64 Size 0 Mode ref, Ref Stage 9, run, end, 9848925466835884
1787729859.628792, NoOp Chain Depth 64 Size 0 Mode ref, Ref Stage 10, run, start, 9848925466850940
1787729859.628815, NoOp Chain Depth 64 Size 0 Mode ref, Ref Stage 10, run, end, 9848925466874492
1787729859.628937, NoOp Chain Depth 64 Size 0 Mode ref, Ref Stage 11, run, start, 9848925466996972
1787729859.628962, NoOp Chain Depth 64 Size 0 Mode ref, Ref Stage 11, run, end, 9848925467020956
1787729859.628978, NoOp Chain Depth 64 Size 0 Mode ref, Ref Stage 12, run, start, 9848925467036988
1787729859.629000, NoOp Chain Depth 64 Size 0 Mode ref, Ref Stage 12, run, end, 9848925467059036
1787729859.629015, NoOp Chain Depth 64 Size 0 Mode ref, Ref Stage 13, run, start, 9848925467074220
1787729859.629037, NoOp Chain Depth 64 Size 0 Mode ref, Ref Stage 13, run, end, 9848925467095963
1787729859.629052, NoOp Chain Depth 64 Size 0 Mode ref, Ref Stage 14, run, start, 9848925467111403
1787729859.629074, NoOp Chain Depth 64 Size 0 Mode ref, Ref Stage 14, run, end, 9848925467133483
1787729859.629089, NoOp Chain Depth 64 Size 0 Mode ref, Ref Stage 15, run, start, 9848925467148667
1787729859.629111, NoOp Chain Depth 64 Size 0 Mode ref, Ref Stage 15, run, end, 9848925467170667
1787729859.629127, NoOp Chain Depth 64 Size 0 Mode ref, Ref Stage 16, run, start, 9848925467186139
1787729859.629148, NoOp Chain Depth 64 Size 0 Mode ref, Ref Stage 16, run, end, 9848925467207851
1787729859.629270, NoOp Chain Depth 64 Size 0 Mode ref, Ref Stage 17, run, start, 9848925467329211
1787729859.629298, NoOp Chain Depth 64 Size 0 Mode ref, Ref Stage 17, run, end, 9848925467357019
1787729859.629313, NoOp Chain Depth 64 Size 0 Mode ref, Ref Stage 18, run, start, 9848925467372251
1787729859.629336, NoOp Chain Depth 64 Size 0 Mode ref, Ref Stage 18, run, end, 9848925467395691
1787729859.629349, NoOp Chain Depth 64 Size 0 Mode ref, Ref Stage 19, run, start, 9848925467407819
1787729859.629383, NoOp Chain Depth 64 Size 0 Mode ref, Ref Stage 19, run, end, 9848925467442699
1787729859.629400, NoOp Chain Depth 64 Size 0 Mode ref, Ref Stage 20, run, start, 9848925467459755
1787729859.629423, NoOp Chain Depth 64 Size 0 Mode ref, Ref Stage 20, run, end, 9848925467481899
1787729859.629438, NoOp Chain Depth 64 Size 0 Mode ref, Ref Stage 21, run, start, 9848925467497147
1787729859.629460, NoOp Chain Depth 64 Size 0 Mode ref, Ref Stage 21, run, end, 9848925467519275
1787729859.629475, NoOp Chain Depth 64 Size 0 Mode ref, Ref Stage 22, run, start, 9848925467534683
1787729859.629497, NoOp Chain Depth 64 Size 0 Mode ref, Ref Stage 22, run, end, 9848925467556571
1787729859.629513, NoOp Chain Depth 64 Size 0 Mode ref, Ref Stage 23, run, start, 9848925467572267
1787729859.629538, NoOp Chain Depth 64 Size 0 Mode ref, Ref Stage 23, run, end, 9848925467597115
1787729859.629551, NoOp Chain Depth 64 Size 0 Mode ref, Ref Stage 24, run, start, 9848925467610251
1787729859.629688, NoOp Chain Depth 64 Size 0 Mode ref, Ref Stage 24, run, end, 9848925467747675
1787729859.629704, NoOp Chain Depth 64 Size 0 Mode ref, Ref Stage 25, run, start, 9848925467763099
1787729859.629726, NoOp Chain Depth 64 Size 0 Mode ref, Ref Stage 25, run, end, 9848925467785291
1787729859.629741, NoOp Chain Depth 64 Size 0 Mode ref, Ref Stage 26, run, start, 9848925467800795
1787729859.629765, NoOp Chain Depth 64 Size 0 Mode ref, Ref Stage 26, run, end, 9848925467824619
1787729859.629777, NoOp Chain Depth 64 Size 0 Mode ref, Ref Stage 27, run, start, 9848925467836507
1787729859.629810, NoOp Chain Depth 64 Size 0 Mode ref, Ref Stage 27, run, end, 9848925467869739
1787729859.629931, NoOp Chain Depth 64 Size 0 Mode ref, Ref Stage 28, run, start, 9848925467990779
1787729859.629955, NoOp Chain Depth 64 Size 0 Mode ref, Ref Stage 28, run, end, 9848925468014619
1787729859.629971, NoOp Chain Depth 64 Size 0 Mode ref, Ref Stage 29, run, start, 9848925468030651
1787729859.629993, NoOp Chain Depth 64 Size 0 Mode ref, Ref Stage 29, run, end, 9848925468052603
1787729859.630008, NoOp Chain Depth 64 Size 0 Mode ref, Ref Stage 30, run, start, 9848925468067579
1787729859.630030, NoOp Chain Depth 64 Size 0 Mode ref, Ref Stage 30, run, end, 9848925468089355
1787729859.630045, NoOp Chain Depth 64 Size 0 Mode ref, Ref Stage 31, run, start, 9848925468104827
1787729859.630067, NoOp Chain Depth 64 Size 0 Mode ref, Ref Stage 31, run, end, 9848925468126651
1787729859.630083, NoOp Chain Depth 64 Size 0 Mode ref, Ref Stage 32, run, start, 9848925468141867
1787729859.630104, NoOp Chain Depth 64 Size 0 Mode ref, Ref Stage 32, run, end, 9848925468163483
1787729859.630119, NoOp Chain Depth 64 Size 0 Mode ref, Ref Stage 33, run, start, 9848925468178539
1787729859.630141, NoOp Chain Depth 64 Size 0 Mode ref, Ref Stage 33, run, end, 9848925468200219
1787729859.630157, NoOp Chain Depth 64 Size 0 Mode ref, Ref Stage 34, run, start, 9848925468215931
1787729859.630179, NoOp Chain Depth 64 Size 0 Mode ref, Ref Stage 34, run, end, 9848925468238251
1787729859.630301, NoOp Chain Depth 64 Size 0 Mode ref, Ref Stage 35, run, start, 9848925468360587
1787729859.630324, NoOp Chain Depth 64 Size 0 Mode ref, Ref Stage 35, run, end, 9848925468383147
1787729859.630339, NoOp Chain Depth 64 Size 0 Mode ref, Ref Stage 36, run, start, 9848925468398475
1787729859.630361, NoOp Chain Depth 64 Size 0 Mode ref, Ref Stage 36, run, end, 9848925468420555
1787729859.630376, NoOp Chain Depth 64 Size 0 Mode ref, Ref Stage 37, run, start, 9848925468435643
1787729859.630398, NoOp Chain Depth 64 Size 0 Mode ref, Ref Stage 37, run, end, 9848925468457467
1787729859.630413, NoOp Chain Depth 64 Size 0 Mode ref, Ref Stage 38, run, start, 9848925468472619
1787729859.630437, NoOp Chain Depth 64 Size 0 Mode ref, Ref Stage 38, run, end, 9848925468496267
1787729859.630453, NoOp Chain Depth 64 Size 0 Mode ref, Ref Stage 39, run, start, 9848925468512203
1787729859.630475, NoOp Chain Depth 64 Size 0 Mode ref, Ref Stage 39, run, end, 9848925468534699
1787729859.630596, NoOp Chain Depth 64 Size 0 Mode ref, Ref Stage 40, run, start, 9848925468655643
1787729859.630619, NoOp Chain Depth 64 Size 0 Mode ref, Ref Stage 40, run, end, 9848925468678091
1787729859.630634, NoOp Chain Depth 64 Size 0 Mode ref, Ref Stage 41, run, start, 9848925468693147
1787729859.630657, NoOp Chain Depth 64 Size 0 Mode ref, Ref Stage 41, run, end, 9848925468716555
1787729859.630669, NoOp Chain Depth 64 Size 0 Mode ref, Ref Stage 42, run, start, 9848925468728523
1787729859.630702, NoOp Chain Depth 64 Size 0 Mode ref, Ref Stage 42, run, end, 9848925468761147
1787729859.630717, NoOp Chain Depth 64 Size 0 Mode ref, Ref Stage 43, run, start, 9848925468776587
1787729859.630739, NoOp Chain Depth 64 Size 0 Mode ref, Ref Stage 43, run, end, 9848925468798747
1787729859.630756, NoOp Chain Depth 64 Size 0 Mode ref, Ref Stage 44, run, start, 9848925468814987
1787729859.630778, NoOp Chain Depth 64 Size 0 Mode ref, Ref Stage 44, run, end, 9848925468836891
1787729859.630793, NoOp Chain Depth 64 Size 0 Mode ref, Ref Stage 45, run, start, 9848925468852459
1787729859.630816, NoOp Chain Depth 64 Size 0 Mode ref, Ref Stage 45, run, end, 9848925468875867
1787729859.630834, NoOp Chain Depth 64 Size 0 Mode ref, Ref Stage 46, run, start, 9848925468892955
1787729859.630855, NoOp Chain Depth 64 Size 0 Mode ref, Ref Stage 46, run, end, 9848925468914827
1787729859.630871, NoOp Chain Depth 64 Size 0 Mode ref, Ref Stage 47, run, start, 9848925468929947
1787729859.630894, NoOp Chain Depth 64 Size 0 Mode ref, Ref Stage 47, run, end, 9848925468953274
1787729859.630906, NoOp Chain Depth 64 Size 0 Mode ref, Ref Stage 48, run, start, 9848925468965114
1787729859.630938, NoOp Chain Depth 64 Size 0 Mode ref, Ref Stage 48, run, end, 9848925468997482
1787729859.630955, NoOp Chain Depth 64 Size 0 Mode ref, Ref Stage 49, run, start, 9848925469014298
1787729859.630978, NoOp Chain Depth 64 Size 0 Mode ref, Ref Stage 49, run, end, 9848925469037498
1787729859.631102, NoOp Chain Depth 64 Size 0 Mode ref, Ref Stage 50, run, start, 9848925469161338
1787729859.631125, NoOp Chain Depth 64 Size 0 Mode ref, Ref Stage 50, run, end, 9848925469183994
1787729859.631140, NoOp Chain Depth 64 Size 0 Mode ref, Ref Stage 51, run, start, 9848925469199418
1787729859.631162, NoOp Chain Depth 64 Size 0 Mode ref, Ref Stage 51, run, end, 9848925469221626
1787729859.631178, NoOp Chain Depth 64 Size 0 Mode ref, Ref Stage 52, run, start, 9848925469237354
1787729859.631200, NoOp Chain Depth 64 Size 0 Mode ref, Ref Stage 52, run, end, 9848925469259210
1787729859.631215, NoOp Chain Depth 64 Size 0 Mode ref, Ref Stage 53, run, start, 9848925469274394
1787729859.631239, NoOp Chain Depth 64 Size 0 Mode ref, Ref Stage 53, run, end, 9848925469297930
1787729859.631251, NoOp Chain Depth 64 Size 0 Mode ref, Ref Stage 54, run, start, 9848925469310122
1787729859.631289, NoOp Chain Depth 64 Size 0 Mode ref, Ref Stage 54, run, end, 9848925469348746
1787729859.631302, NoOp Chain Depth 64 Size 0 Mode ref, Ref Stage 55, run, start, 9848925469361002
1787729859.631438, NoOp Chain Depth 64 Size 0 Mode ref, Ref Stage 55, run, end, 9848925469497418
1787729859.631453, NoOp Chain Depth 64 Size 0 Mode ref, Ref Stage 56, run, start, 9848925469512682
1787729859.631477, NoOp Chain Depth 64 Size 0 Mode ref, Ref Stage 56, run, end, 9848925469536090
1787729859.631489, NoOp Chain Depth 64 Size 0 Mode ref, Ref Stage 57, run, start, 9848925469548202
1787729859.631521, NoOp Chain Depth 64 Size 0 Mode ref, Ref Stage 57, run, end, 9848925469580570
1787729859.631536, NoOp Chain Depth 64 Size 0 Mode ref, Ref Stage 58, run, start, 9848925469595898
1787729859.631558, NoOp Chain Depth 64 Size 0 Mode ref, Ref Stage 58, run, end, 9848925469617786
1787729859.631575, NoOp Chain Depth 64 Size 0 Mode ref, Ref Stage 59, run, start, 9848925469634586
1787729859.631597, NoOp Chain Depth 64 Size 0 Mode ref, Ref Stage 59, run, end, 9848925469656314
1787729859.631613, NoOp Chain Depth 64 Size 0 Mode ref, Ref Stage 60, run, start, 9848925469672602
1787729859.631637, NoOp Chain Depth 64 Size 0 Mode ref, Ref Stage 60, run, end, 9848925469696090
1787729859.631758, NoOp Chain Depth 64 Size 0 Mode ref, Ref Stage 61, run, start, 9848925469817130
1787729859.631780, NoOp Chain Depth 64 Size 0 Mode ref, Ref Stage 61, run, end, 9848925469839322
1787729859.631795, NoOp Chain Depth 64 Size 0 Mode ref, Ref Stage 62, run, start, 9848925469854490
1787729859.631817, NoOp Chain Depth 64 Size 0 Mode ref, Ref Stage 62, run, end, 9848925469876138
1787729859.631832, NoOp Chain Depth 64 Size 0 Mode ref, Ref Stage 63, run, start, 9848925469891434
1787729859.631854, NoOp Chain Depth 64 Size 0 Mode ref, Ref Stage 63, run, end, 9848925469912730
1787729859.631869, NoOp Chain Depth 64 Size 0 Mode ref, pipeline - train, run, end, 339024429891718002355161012806806241607, 1787729859.628273, 66, 1, 9848925469928346
1787729859.631907, NoOp Chain Depth 64 Size 0 Mode ref, pipeline - train, run, start, 281529640875453207896168014675694790987, 1787729859.631897, 67, 1, 9848925469966730
1787729859.631931, NoOp Chain Depth 64 Size 0 Mode ref, Ref Stage 0, run, start, 9848925469990282
1787729859.631956, NoOp Chain Depth 64 Size 0 Mode ref, Ref Stage 0, run, end, 9848925470015002
1787729859.632077, NoOp Chain Depth 64 Size 0 Mode ref, Ref Stage 1, run, start, 9848925470136522
1787729859.632100, NoOp Chain Depth 64 Size 0 Mode ref, Ref Stage 1, run, end, 9848925470159098
1787729859.632115, NoOp Chain Depth 64 Size 0 Mode ref, Ref Stage 2, run, start, 9848925470174570
1787729859.632138, NoOp Chain Depth 64 Size 0 Mode ref, Ref Stage 2, run, end, 9848925470196666
1787729859.632152, NoOp Chain Depth 64 Size 0 Mode ref, Ref Stage 3, run, start, 9848925470211770
1787729859.632175, NoOp Chain Depth 64 Size 0 Mode ref, Ref Stage 3, run, end, 9848925470234058
1787729859.632190, NoOp Chain Depth 64 Size 0 Mode ref, Ref Stage 4, run, start, 9848925470249546
1787729859.632214, NoOp Chain Depth 64 Size 0 Mode ref, Ref Stage 4, run, end, 9848925470273002
1787729859.632226, NoOp Chain Depth 64 Size 0 Mode ref, Ref Stage 5, run, start, 9848925470285114
1787729859.632261, NoOp Chain Depth 64 Size 0 Mode ref, Ref Stage 5, run, end, 9848925470319866
1787729859.632273, NoOp Chain Depth 64 Size 0 Mode ref, Ref Stage 6, run, start, 9848925470331994
1787729859.632307, NoOp Chain Depth 64 Size 0 Mode ref, Ref Stage 6, run, end, 9848925470366170
1787729859.632425, NoOp Chain Depth 64 Size 0 Mode ref, Ref Stage 7, run, start, 9848925470484170
1787729859.632447, NoOp Chain Depth 64 Size 0 Mode ref, Ref Stage 7, run, end, 9848925470506794
1787729859.632463, NoOp Chain Depth 64 Size 0 Mode ref, Ref Stage 8, run, start, 9848925470522010
1787729859.632484, NoOp Chain Depth 64 Size 0 Mode ref, Ref Stage 8, run, end, 9848925470543418
1787729859.632499, NoOp Chain Depth 64 Size 0 Mode ref, Ref Stage 9, run, start, 9848925470558314
1787729859.632521, NoOp Chain Depth 64 Size 0 Mode ref, Ref Stage 9, run, end, 9848925470580122
1787729859.632537, NoOp Chain Depth 64 Size 0 Mode ref, Ref Stage 10, run, start, 9848925470596058
1787729859.632560, NoOp Chain Depth 64 Size 0 Mode ref, Ref Stage 10, run, end, 9848925470619786
1787729859.632573, NoOp Chain Depth 64 Size 0 Mode ref, Ref Stage 11, run, start, 9848925470631802
1787729859.632610, NoOp Chain Depth 64 Size 0 Mode ref, Ref Stage 11, run, end, 9848925470669162
1787729859.632625, NoOp Chain Depth 64 Size 0 Mode ref, Ref Stage 12, run, start, 9848925470684042
1787729859.632765, NoOp Chain Depth 64 Size 0 Mode ref, Ref Stage 12, run, end, 9848925470824602
1787729859.632780, NoOp Chain Depth 64 Size 0 Mode ref, Ref Stage 13, run, start, 9848925470839738
1787729859.632802, NoOp Chain Depth 64 Size 0 Mode ref, Ref Stage 13, run, end, 9848925470861498
1787729859.632818, NoOp Chain Depth 64 Size 0 Mode ref, Ref Stage 14, run, start, 9848925470876698
1787729859.632841, NoOp Chain Depth 64 Size 0 Mode ref, Ref Stage 14, run, end, 9848925470900234
1787729859.632856, NoOp Chain Depth 64 Size 0 Mode ref, Ref Stage 15, run, start, 9848925470915482
1787729859.632878, NoOp Chain Depth 64 Size 0 Mode ref, Ref Stage 15, run, end, 9848925470937418
1787729859.632893, NoOp Chain Depth 64 Size 0 Mode ref, Ref Stage 16, run, start, 9848925470952730
1787729859.632917, NoOp Chain Depth 64 Size 0 Mode ref, Ref Stage 16, run, end, 9848925470976618
1787729859.632929, NoOp Chain Depth 64 Size 0 Mode ref, Ref Stage 17, run, start, 9848925470988618
1787729859.632964, NoOp Chain Depth 64 Size 0 Mode ref, Ref Stage 17, run, end, 9848925471023577
1787729859.632980, NoOp Chain Depth 64 Size 0 Mode ref, Ref Stage 18, run, start, 9848925471039177
1787729859.633002, NoOp Chain Depth 64 Size 0 Mode ref, Ref Stage 18, run, end, 9848925471061225
1787729859.633131, NoOp Chain Depth 64 Size 0 Mode ref, Ref Stage 19, run, start, 9848925471190105
1787729859.633153, NoOp Chain Depth 64 Size 0 Mode ref, Ref Stage 19, run, end, 9848925471212105
1787729859.633168, NoOp Chain Depth 64 Size 0 Mode ref, Ref Stage 20, run, start, 9848925471227689
1787729859.633190, NoOp Chain Depth 64 Size 0 Mode ref, Ref Stage 20, run, end, 9848925471249561
1787729859.633205, NoOp Chain Depth 64 Size 0 Mode ref, Ref Stage 21, run, start, 9848925471264697
1787729859.633227, NoOp Chain Depth 64 Size 0 Mode ref, Ref Stage 21, run, end, 9848925471286649
1787729859.633243, NoOp Chain Depth 64 Size 0 Mode ref, Ref Stage 22, run, start, 9848925471302041
1787729859.633268, NoOp Chain Depth 64 Size 0 Mode ref, Ref Stage 22, run, end, 9848925471327241
1787729859.633280, NoOp Chain Depth 64 Size 0 Mode ref, Ref Stage 23, run, start, 9848925471339609
1787729859.633415, NoOp Chain Depth 64 Size 0 Mode ref, Ref Stage 23, run, end, 9848925471474025
1787729859.633430, NoOp Chain Depth 64 Size 0 Mode ref, Ref Stage 24, run, start, 9848925471489273
1787729859.633452, NoOp Chain Depth 64 Size 0 Mode ref, Ref Stage 24, run, end, 9848925471511193
1787729859.633467, NoOp Chain Depth 64 Size 0 Mode ref, Ref Stage 25, run, start, 9848925471526425
1787729859.633489, NoOp Chain Depth 64 Size 0 Mode ref, Ref Stage 25, run, end, 9848925471547881
1787729859.633504, NoOp Chain Depth 64 Size 0 Mode ref, Ref Stage 26, run, start, 9848925471563209
1787729859.633526, NoOp Chain Depth 64 Size 0 Mode ref, Ref Stage 26, run, end, 9848925471584953
1787729859.633541, NoOp Chain Depth 64 Size 0 Mode ref, Ref Stage 27, run, start, 9848925471600169
1787729859.633565, NoOp Chain Depth 64 Size 0 Mode ref, Ref Stage 27, run, end, 9848925471623929
1787729859.633576, NoOp Chain Depth 64 Size 0 Mode ref, Ref Stage 28, run, start, 9848925471635673
1787729859.633609, NoOp Chain Depth 64 Size 0 Mode ref, Ref Stage 28, run, end, 9848925471668217
1787729859.633624, NoOp Chain Depth 64 Size 0 Mode ref, Ref Stage 29, run, start, 9848925471683481
1787729859.633646, NoOp Chain Depth 64 Size 0 Mode ref, Ref Stage 29, run, end, 9848925471705609
1787729859.633663, NoOp Chain Depth 64 Size 0 Mode ref, Ref Stage 30, run, start, 9848925471722137
1787729859.633685, NoOp Chain Depth 64 Size 0 Mode ref, Ref Stage 30, run, end, 9848925471744441
1787729859.633809, NoOp Chain Depth 64 Size 0 Mode ref, Ref Stage 31, run, start, 9848925471868297
1787729859.633831, NoOp Chain Depth 64 Size 0 Mode ref, Ref Stage 31, run, end, 9848925471890281
1787729859.633846, NoOp Chain Depth 64 Size 0 Mode ref, Ref Stage 32, run, start, 9848925471905657
1787729859.633868, NoOp Chain Depth 64 Size 0 Mode ref, Ref Stage 32, run, end, 9848925471927641
1787729859.633883, NoOp Chain Depth 64 Size 0 Mode ref, Ref Stage 33, run, start, 9848925471942697
1787729859.633905, NoOp Chain Depth 64 Size 0 Mode ref, Ref Stage 33, run, end, 9848925471964777
1787729859.633921, NoOp Chain Depth 64 Size 0 Mode ref, Ref Stage 34, run, start, 9848925471980361
1787729859.633959, NoOp Chain Depth 64 Size 0 Mode ref, Ref Stage 34, run, end, 9848925472017993
1787729859.633973, NoOp Chain Depth 64 Size 0 Mode ref, Ref Stage 35, run, start, 9848925472032617
1787729859.634111, NoOp Chain Depth 64 Size 0 Mode ref, Ref Stage 35, run, end, 9848925472170361
1787729859.634126, NoOp Chain Depth 64 Size 0 Mode ref, Ref Stage 36, run, start, 9848925472185417
1787729859.634148, NoOp Chain Depth 64 Size 0 Mode ref, Ref Stage 36, run, end, 9848925472207257
1787729859.634163, NoOp Chain Depth 64 Size 0 Mode ref, Ref Stage 37, run, start, 9848925472222537
1787729859.634185, NoOp Chain Depth 64 Size 0 Mode ref, Ref Stage 37, run, end, 9848925472244329
1787729859.634200, NoOp Chain Depth 64 Size 0 Mode ref, Ref Stage 38, run, start, 9848925472259721
1787729859.634222, NoOp Chain Depth 64 Size 0 Mode ref, Ref Stage 38, run, end, 9848925472281609
1787729859.634238, NoOp Chain Depth 64 Size 0 Mode ref, Ref Stage 39, run, start, 9848925472296921
1787729859.634261, NoOp Chain Depth 64 Size 0 Mode ref, Ref Stage 39, run, end, 9848925472320121
1787729859.634273, NoOp Chain Depth 64 Size 0 Mode ref, Ref Stage 40, run, start, 9848925472331817
1787729859.634305, NoOp Chain Depth 64 Size 0 Mode ref, Ref Stage 40, run, end, 9848925472364361
1787729859.634320, NoOp Chain Depth 64 Size 0 Mode ref, Ref Stage 41, run, start, 9848925472379801
1787729859.634344, NoOp Chain Depth 64 Size 0 Mode ref, Ref Stage 41, run, end, 9848925472403241
1787729859.634465, NoOp Chain Depth 64 Size 0 Mode ref, Ref Stage 42, run, start, 9848925472524073
1787729859.634487, NoOp Chain Depth 64 Size 0 Mode ref, Ref Stage 42, run, end, 9848925472546473
1787729859.634502, NoOp Chain Depth 64 Size 0 Mode ref, Ref Stage 43, run, start, 9848925472561593
1787729859.634524, NoOp Chain Depth 64 Size 0 Mode ref, Ref Stage 43, run, end, 9848925472583641
1787729859.634541, NoOp Chain Depth 64 Size 0 Mode ref, Ref Stage 44, run, start, 9848925472600057
1787729859.634562, NoOp Chain Depth 64 Size 0 Mode ref, Ref Stage 44, run, end, 9848925472621769
1787729859.634578, NoOp Chain Depth 64 Size 0 Mode ref, Ref Stage 45, run, start, 9848925472636969
1787729859.634599, NoOp Chain Depth 64 Size 0 Mode ref, Ref Stage 45, run, end, 9848925472658697
1787729859.634615, NoOp Chain Depth 64 Size 0 Mode ref, Ref Stage 46, run, start, 9848925472674089
1787729859.634637, NoOp Chain Depth 64 Size 0 Mode ref, Ref Stage 46, run, end, 9848925472696217
1787729859.634652, NoOp Chain Depth 64 Size 0 Mode ref, Ref Stage 47, run, start, 9848925472711417
1787729859.634674, NoOp Chain Depth 64 Size 0 Mode ref, Ref Stage 47, run, end, 9848925472733113
1787729859.634794, NoOp Chain Depth 64 Size 0 Mode ref, Ref Stage 48, run, start, 9848925472853705
1787729859.634817, NoOp Chain Depth 64 Size 0 Mode ref, Ref Stage 48, run, end, 9848925472876200
1787729859.634832, NoOp Chain Depth 64 Size 0 Mode ref, Ref Stage 49, run, start, 9848925472891608
1787729859.634856, NoOp Chain Depth 64 Size 0 Mode ref, Ref Stage 49, run, end, 9848925472915128
1787729859.634868, NoOp Chain Depth 64 Size 0 Mode ref, Ref Stage 50, run, start, 9848925472927304
1787729859.634901, NoOp Chain Depth 64 Size 0 Mode ref, Ref Stage 50, run, end, 9848925472960088
1787729859.634916, NoOp Chain Depth 64 Size 0 Mode ref, Ref Stage 51, run, start, 9848925472975224
1787729859.634938, NoOp Chain Depth 64 Size 0 Mode ref, Ref Stage 51, run, end, 9848925472997096
1787729859.634955, NoOp Chain Depth 64 Size 0 Mode ref, Ref Stage 52, run, start, 9848925473014424
1787729859.634978, NoOp Chain Depth 64 Size 0 Mode ref, Ref Stage 52, run, end, 9848925473037016
1787729859.634993, NoOp Chain Depth 64 Size 0 Mode ref, Ref Stage 53, run, start, 9848925473052344
1787729859.635020, NoOp Chain Depth 64 Size 0 Mode ref, Ref Stage 53, run, end, 9848925473079416
1787729859.635032, NoOp Chain Depth 64 Size 0 Mode ref, Ref Stage 54, run, start, 9848925473091512
1787729859.635168, NoOp Chain Depth 64 Size 0 Mode ref, Ref Stage 54, run, end, 9848925473227736
1787729859.635184, NoOp Chain Depth 64 Size 0 Mode ref, Ref Stage 55, run, start, 9848925473243000
1787729859.635205, NoOp Chain Depth 64 Size 0 Mode ref, Ref Stage 55, run, end, 9848925473264456
1787729859.635220, NoOp Chain Depth 64 Size 0 Mode ref, Ref Stage 56, run, start, 9848925473279464
1787729859.635244, NoOp Chain Depth 64 Size 0 Mode ref, Ref Stage 56, run, end, 9848925473303160
1787729859.635259, NoOp Chain Depth 64 Size 0 Mode ref, Ref Stage 57, run, start, 9848925473318744
1787729859.635281, NoOp Chain Depth 64 Size 0 Mode ref, Ref Stage 57, run, end, 9848925473340600
1787729859.635297, NoOp Chain Depth 64 Size 0 Mode ref, Ref Stage 58, run, start, 9848925473355992
1787729859.635319, NoOp Chain Depth 64 Size 0 Mode ref, Ref Stage 58, run, end, 9848925473378248
1787729859.635440, NoOp Chain Depth 64 Size 0 Mode ref, Ref Stage 59, run, start, 9848925473499944
1787729859.635463, NoOp Chain Depth 64 Size 0 Mode ref, Ref Stage 59, run, end, 9848925473522168
1787729859.635478, NoOp Chain Depth 64 Size 0 Mode ref, Ref Stage 60, run, start, 9848925473537352
1787729859.635502, NoOp Chain Depth 64 Size 0 Mode ref, Ref Stage 60, run, end, 9848925473561304
1787729859.635514, NoOp Chain Depth 64 Size 0 Mode ref, Ref Stage 61, run, start, 9848925473573448
1787729859.635547, NoOp Chain Depth 64 Size 0 Mode ref, Ref Stage 61, run, end, 9848925473606344
1787729859.635562, NoOp Chain Depth 64 Size 0 Mode ref, Ref Stage 62, run, start, 9848925473621672
1787729859.635584, NoOp Chain Depth 64 Size 0 Mode ref, Ref Stage 62, run, end, 9848925473643544
1787729859.635600, NoOp Chain Depth 64 Size 0 Mode ref, Ref Stage 63, run, start, 9848925473659848
1787729859.635622, NoOp Chain Depth 64 Size 0 Mode ref, Ref Stage 63, run, end, 9848925473681416
1787729859.635638, NoOp Chain Depth 64 Size 0 Mode ref, pipeline - train, run, end, 281529640875453207896168014675694790987, 1787729859.631897, 67, 1, 9848925473696840
1787729859.635676, NoOp Chain Depth 64 Size 0 Mode ref, pipeline - train, run, start, 192049402016025030177889892922639296223, 1787729859.635666, 68, 1, 9848925473735624
1787729859.635806, NoOp Chain Depth 64 Size 0 Mode ref, Ref Stage 0, run, start, 9848925473865848
1787729859.635830, NoOp Chain Depth 64 Size 0 Mode ref, Ref Stage 0, run, end, 9848925473889192
1787729859.635846, NoOp Chain Depth 64 Size 0 Mode ref, Ref Stage 1, run, start, 9848925473905000
1787729859.635868, NoOp Chain Depth 64 Size 0 Mode ref, Ref Stage 1, run, end, 9848925473927080
1787729859.635883, NoOp Chain Depth 64 Size 0 Mode ref, Ref Stage 2, run, start, 9848925473942520
1787729859.635905, NoOp Chain Depth 64 Size 0 Mode ref, Ref Stage 2, run, end, 9848925473964104
1787729859.635920, NoOp Chain Depth 64 Size 0 Mode ref, Ref Stage 3, run, start, 9848925473979480
1787729859.635942, NoOp Chain Depth 64 Size 0 Mode ref, Ref Stage 3, run, end, 9848925474002600
1787729859.635959, NoOp Chain Depth 64 Size 0 Mode ref, Ref Stage 4, run, start, 9848925474018312
1787729859.635985, NoOp Chain Depth 64 Size 0 Mode ref, Ref Stage 4, run, end, 9848925474044120
1787729859.635997, NoOp Chain Depth 64 Size 0 Mode ref, Ref Stage 5, run, start, 9848925474056696
1787729859.636131, NoOp Chain Depth 64 Size 0 Mode ref, Ref Stage 5, run, end, 9848925474190712
1787729859.636147, NoOp Chain Depth 64 Size 0 Mode ref, Ref Stage 6, run, start, 9848925474206088
1787729859.636171, NoOp Chain Depth 64 Size 0 Mode ref, Ref Stage 6, run, end, 9848925474230056
1787729859.636183, NoOp Chain Depth 64 Size 0 Mode ref, Ref Stage 7, run, start, 9848925474241864
1787729859.636215, NoOp Chain Depth 64 Size 0 Mode ref, Ref Stage 7, run, end, 9848925474274216
1787729859.636230, NoOp Chain Depth 64 Size 0 Mode ref, Ref Stage 8, run, start, 9848925474289512
1787729859.636252, NoOp Chain Depth 64 Size 0 Mode ref, Ref Stage 8, run, end, 9848925474311272
1787729859.636268, NoOp Chain Depth 64 Size 0 Mode ref, Ref Stage 9, run, start, 9848925474327016
1787729859.636291, NoOp Chain Depth 64 Size 0 Mode ref, Ref Stage 9, run, end, 9848925474350296
1787729859.636303, NoOp Chain Depth 64 Size 0 Mode ref, Ref Stage 10, run, start, 9848925474362248
1787729859.636336, NoOp Chain Depth 64 Size 0 Mode ref, Ref Stage 10, run, end, 9848925474395640
1787729859.636350, NoOp Chain Depth 64 Size 0 Mode ref, Ref Stage 11, run, start, 9848925474409208
1787729859.636487, NoOp Chain Depth 64 Size 0 Mode ref, Ref Stage 11, run, end, 9848925474546488
1787729859.636502, NoOp Chain Depth 64 Size 0 Mode ref, Ref Stage 12, run, start, 9848925474561608
1787729859.636523, NoOp Chain Depth 64 Size 0 Mode ref, Ref Stage 12, run, end, 9848925474582920
1787729859.636539, NoOp Chain Depth 64 Size 0 Mode ref, Ref Stage 13, run, start, 9848925474597928
1787729859.636560, NoOp Chain Depth 64 Size 0 Mode ref, Ref Stage 13, run, end, 9848925474619592
1787729859.636575, NoOp Chain Depth 64 Size 0 Mode ref, Ref Stage 14, run, start, 9848925474634808
1787729859.636597, NoOp Chain Depth 64 Size 0 Mode ref, Ref Stage 14, run, end, 9848925474656344
1787729859.636612, NoOp Chain Depth 64 Size 0 Mode ref, Ref Stage 15, run, start, 9848925474671592
1787729859.636638, NoOp Chain Depth 64 Size 0 Mode ref, Ref Stage 15, run, end, 9848925474696936
1787729859.636649, NoOp Chain Depth 64 Size 0 Mode ref, Ref Stage 16, run, start, 9848925474708856
1787729859.636782, NoOp Chain Depth 64 Size 0 Mode ref, Ref Stage 16, run, end, 9848925474841159
1787729859.636797, NoOp Chain Depth 64 Size 0 Mode ref, Ref Stage 17, run, start, 9848925474856743
1787729859.636820, NoOp Chain Depth 64 Size 0 Mode ref, Ref Stage 17, run, end, 9848925474879063
1787729859.636835, NoOp Chain Depth 64 Size 0 Mode ref, Ref Stage 18, run, start, 9848925474894215
1787729859.636859, NoOp Chain Depth 64 Size 0 Mode ref, Ref Stage 18, run, end, 9848925474918151
1787729859.636871, NoOp Chain Depth 64 Size 0 Mode ref, Ref Stage 19, run, start, 9848925474930023
1787729859.636903, NoOp Chain Depth 64 Size 0 Mode ref, Ref Stage 19, run, end, 9848925474962391
1787729859.636919, NoOp Chain Depth 64 Size 0 Mode ref, Ref Stage 20, run, start, 9848925474977783
1787729859.636940, NoOp Chain Depth 64 Size 0 Mode ref, Ref Stage 20, run, end, 9848925474999751
1787729859.636958, NoOp Chain Depth 64 Size 0 Mode ref, Ref Stage 21, run, start, 9848925475017767
1787729859.636983, NoOp Chain Depth 64 Size 0 Mode ref, Ref Stage 21, run, end, 9848925475042695
1787729859.636998, NoOp Chain Depth 64 Size 0 Mode ref, Ref Stage 22, run, start, 9848925475057383
1787729859.637136, NoOp Chain Depth 64 Size 0 Mode ref, Ref Stage 22, run, end, 9848925475195575
1787729859.637151, NoOp Chain Depth 64 Size 0 Mode ref, Ref Stage 23, run, start, 9848925475210871
1787729859.637174, NoOp Chain Depth 64 Size 0 Mode ref, Ref Stage 23, run, end, 9848925475233079
1787729859.637189, NoOp Chain Depth 64 Size 0 Mode ref, Ref Stage 24, run, start, 9848925475248055
1787729859.637211, NoOp Chain Depth 64 Size 0 Mode ref, Ref Stage 24, run, end, 9848925475269815
1787729859.637225, NoOp Chain Depth 64 Size 0 Mode ref, Ref Stage 25, run, start, 9848925475284871
1787729859.637247, NoOp Chain Depth 64 Size 0 Mode ref, Ref Stage 25, run, end, 9848925475306263
1787729859.637262, NoOp Chain Depth 64 Size 0 Mode ref, Ref Stage 26, run, start, 9848925475321463
1787729859.637495, NoOp Chain Depth 64 Size 0 Mode ref, Ref Stage 26, run, end, 9848925475555943
1787729859.637631, NoOp Chain Depth 64 Size 0 Mode ref, Ref Stage 27, run, start, 9848925475690759
1787729859.637657, NoOp Chain Depth 64 Size 0 Mode ref, Ref Stage 27, run, end, 9848925475715831
1787729859.637781, NoOp Chain Depth 64 Size 0 Mode ref, Ref Stage 28, run, start, 9848925475840519
1787729859.637804, NoOp Chain Depth 64 Size 0 Mode ref, Ref Stage 28, run, end, 9848925475862871
1787729859.637818, NoOp Chain Depth 64 Size 0 Mode ref, Ref Stage 29, run, start, 9848925475877751
1787729859.637840, NoOp Chain Depth 64 Size 0 Mode ref, Ref Stage 29, run, end, 9848925475899831
1787729859.637856, NoOp Chain Depth 64 Size 0 Mode ref, Ref Stage 30, run, start, 9848925475915031
1787729859.637879, NoOp Chain Depth 64 Size 0 Mode ref, Ref Stage 30, run, end, 9848925475938615
1787729859.637892, NoOp Chain Depth 64 Size 0 Mode ref, Ref Stage 31, run, start, 9848925475950807
1787729859.637929, NoOp Chain Depth 64 Size 0 Mode ref, Ref Stage 31, run, end, 9848925475988711
1787729859.637949, NoOp Chain Depth 64 Size 0 Mode ref, Ref Stage 32, run, start, 9848925476008455
1787729859.637974, NoOp Chain Depth 64 Size 0 Mode ref, Ref Stage 32, run, end, 9848925476033655
1787729859.638100, NoOp Chain Depth 64 Size 0 Mode ref, Ref Stage 33, run, start, 9848925476159799
1787729859.638123, NoOp Chain Depth 64 Size 0 Mode ref, Ref Stage 33, run, end, 9848925476181943
1787729859.638138, NoOp Chain Depth 64 Size 0 Mode ref, Ref Stage 34, run, start, 9848925476197175
1787729859.638160, NoOp Chain Depth 64 Size 0 Mode ref, Ref Stage 34, run, end, 9848925476219287
1787729859.638175, NoOp Chain Depth 64 Size 0 Mode ref, Ref Stage 35, run, start, 9848925476234663
1787729859.638197, NoOp Chain Depth 64 Size 0 Mode ref, Ref Stage 35, run, end, 9848925476256599
1787729859.638212, NoOp Chain Depth 64 Size 0 Mode ref, Ref Stage 36, run, start, 9848925476271447
1787729859.638234, NoOp Chain Depth 64 Size 0 Mode ref, Ref Stage 36, run, end, 9848925476293415
1787729859.638249, NoOp Chain Depth 64 Size 0 Mode ref, Ref Stage 37, run, start, 9848925476308711
1787729859.638272, NoOp Chain Depth 64 Size 0 Mode ref, Ref Stage 37, run, end, 9848925476330871
1787729859.638287, NoOp Chain Depth 64 Size 0 Mode ref, Ref Stage 38, run, start, 9848925476346039
1787729859.638311, NoOp Chain Depth 64 Size 0 Mode ref, Ref Stage 38, run, end, 9848925476369959
1787729859.638322, NoOp Chain Depth 64 Size 0 Mode ref, Ref Stage 39, run, start, 9848925476381607
1787729859.638355, NoOp Chain Depth 64 Size 0 Mode ref, Ref Stage 39, run, end, 9848925476413879
1787729859.638370, NoOp Chain Depth 64 Size 0 Mode ref, Ref Stage 40, run, start, 9848925476429015
1787729859.638391, NoOp Chain Depth 64 Size 0 Mode ref, Ref Stage 40, run, end, 9848925476450471
1787729859.638513, NoOp Chain Depth 64 Size 0 Mode ref, Ref Stage 41, run, start, 9848925476572919
1787729859.638536, NoOp Chain Depth 64 Size 0 Mode ref, Ref Stage 41, run, end, 9848925476595159
1787729859.638551, NoOp Chain Depth 64 Size 0 Mode ref, Ref Stage 42, run, start, 9848925476610263
1787729859.638572, NoOp Chain Depth 64 Size 0 Mode ref, Ref Stage 42, run, end, 9848925476631831
1787729859.638587, NoOp Chain Depth 64 Size 0 Mode ref, Ref Stage 43, run, start, 9848925476646631
1787729859.638609, NoOp Chain Depth 64 Size 0 Mode ref, Ref Stage 43, run, end, 9848925476668407
1787729859.638624, NoOp Chain Depth 64 Size 0 Mode ref, Ref Stage 44, run, start, 9848925476683543
1787729859.638646, NoOp Chain Depth 64 Size 0 Mode ref, Ref Stage 44, run, end, 9848925476705575
1787729859.638662, NoOp Chain Depth 64 Size 0 Mode ref, Ref Stage 45, run, start, 9848925476720935
1787729859.638683, NoOp Chain Depth 64 Size 0 Mode ref, Ref Stage 45, run, end, 9848925476742311
1787729859.638803, NoOp Chain Depth 64 Size 0 Mode ref, Ref Stage 46, run, start, 9848925476862294
1787729859.638825, NoOp Chain Depth 64 Size 0 Mode ref, Ref Stage 46, run, end, 9848925476884694
1787729859.638841, NoOp Chain Depth 64 Size 0 Mode ref, Ref Stage 47, run, start, 9848925476899958
1787729859.638864, NoOp Chain Depth 64 Size 0 Mode ref, Ref Stage 47, run, end, 9848925476923302
1787729859.638876, NoOp Chain Depth 64 Size 0 Mode ref, Ref Stage 48, run, start, 9848925476935462
1787729859.638909, NoOp Chain Depth 64 Size 0 Mode ref, Ref Stage 48, run, end, 9848925476967830
1787729859.638923, NoOp Chain Depth 64 Size 0 Mode ref, Ref Stage 49, run, start, 9848925476982886
1787729859.638949, NoOp Chain Depth 64 Size 0 Mode ref, Ref Stage 49, run, end, 9848925477008502
1787729859.638961, NoOp Chain Depth 64 Size 0 Mode ref, Ref Stage 50, run, start, 9848925477020534
1787729859.638994, NoOp Chain Depth 64 Size 0 Mode ref, Ref Stage 50, run, end, 9848925477053254
1787729859.639010, NoOp Chain Depth 64 Size 0 Mode ref, Ref Stage 51, run, start, 9848925477069318
1787729859.639032, NoOp Chain Depth 64 Size 0 Mode ref, Ref Stage 51, run, end, 9848925477091590
1787729859.639155, NoOp Chain Depth 64 Size 0 Mode ref, Ref Stage 52, run, start, 9848925477214470
1787729859.639178, NoOp Chain Depth 64 Size 0 Mode ref, Ref Stage 52, run, end, 9848925477236886
1787729859.639193, NoOp Chain Depth 64 Size 0 Mode ref, Ref Stage 53, run, start, 9848925477252166
1787729859.639217, NoOp Chain Depth 64 Size 0 Mode ref, Ref Stage 53, run, end, 9848925477275974
1787729859.639232, NoOp Chain Depth 64 Size 0 Mode ref, Ref Stage 54, run, start, 9848925477291142
1787729859.639254, NoOp Chain Depth 64 Size 0 Mode ref, Ref Stage 54, run, end, 9848925477313030
1787729859.639269, NoOp Chain Depth 64 Size 0 Mode ref, Ref Stage 55, run, start, 9848925477328422
1787729859.639291, NoOp Chain Depth 64 Size 0 Mode ref, Ref Stage 55, run, end, 9848925477349942
1787729859.639306, NoOp Chain Depth 64 Size 0 Mode ref, Ref Stage 56, run, start, 9848925477365142
1787729859.639328, NoOp Chain Depth 64 Size 0 Mode ref, Ref Stage 56, run, end, 9848925477387094
1787729859.639448, NoOp Chain Depth 64 Size 0 Mode ref, Ref Stage 57, run, start, 9848925477507846
1787729859.639471, NoOp Chain Depth 64 Size 0 Mode ref, Ref Stage 57, run, end, 9848925477529926
1787729859.639486, NoOp Chain Depth 64 Size 0 Mode ref, Ref Stage 58, run, start, 9848925477545142
1787729859.639509, NoOp Chain Depth 64 Size 0 Mode ref, Ref Stage 58, run, end, 9848925477568582
1787729859.639521, NoOp Chain Depth 64 Size 0 Mode ref, Ref Stage 59, run, start, 9848925477580710
1787729859.639554, NoOp Chain Depth 64 Size 0 Mode ref, Ref Stage 59, run, end, 9848925477613078
1787729859.639569, NoOp Chain Depth 64 Size 0 Mode ref, Ref Stage 60, run, start, 9848925477628118
1787729859.639591, NoOp Chain Depth 64 Size 0 Mode ref, Ref Stage 60, run, end, 9848925477650054
1787729859.639607, NoOp Chain Depth 64 Size 0 Mode ref, Ref Stage 61, run, start, 9848925477666374
1787729859.639629, NoOp Chain Depth 64 Size 0 Mode ref, Ref Stage 61, run, end, 9848925477688518
1787729859.639644, NoOp Chain Depth 64 Size 0 Mode ref, Ref Stage 62, run, start, 9848925477703574
1787729859.639666, NoOp Chain Depth 64 Size 0 Mode ref, Ref Stage 62, run, end, 9848925477725654
1787729859.639683, NoOp Chain Depth 64 Size 0 Mode ref, Ref Stage 63, run, start, 9848925477742646
1787729859.639709, NoOp Chain Depth 64 Size 0 Mode ref, Ref Stage 63, run, end, 9848925477767878
1787729859.639722, NoOp Chain Depth 64 Size 0 Mode ref, pipeline - train, run, end, 192049402016025030177889892922639296223, 1787729859.635666, 68, 1, 9848925477781142
1787729859.639870, NoOp Chain Depth 64 Size 0 Mode ref, pipeline - train, run, start, 190792833871299127012980255788425647258, 1787729859.639861, 69, 1, 9848925477930118
1787729859.639894, NoOp Chain Depth 64 Size 0 Mode ref, Ref Stage 0, run, start, 9848925477953190
1787729859.639916, NoOp Chain Depth 64 Size 0 Mode ref, Ref Stage 0, run, end, 9848925477975574
1787729859.639932, NoOp Chain Depth 64 Size 0 Mode ref, Ref Stage 1, run, start, 9848925477991318
1787729859.639956, NoOp Chain Depth 64 Size 0 Mode ref, Ref Stage 1, run, end, 9848925478015062
1787729859.639971, NoOp Chain Depth 64 Size 0 Mode ref, Ref Stage 2, run, start, 9848925478031014
1787729859.639994, NoOp Chain Depth 64 Size 0 Mode ref, Ref Stage 2, run, end, 9848925478053398
1787729859.640115, NoOp Chain Depth 64 Size 0 Mode ref, Ref Stage 3, run, start, 9848925478174006
1787729859.640137, NoOp Chain Depth 64 Size 0 Mode ref, Ref Stage 3, run, end, 9848925478196342
1787729859.640153, NoOp Chain Depth 64 Size 0 Mode ref, Ref Stage 4, run, start, 9848925478212022
1787729859.640175, NoOp Chain Depth 64 Size 0 Mode ref, Ref Stage 4, run, end, 9848925478234054
1787729859.640190, NoOp Chain Depth 64 Size 0 Mode ref, Ref Stage 5, run, start, 9848925478249510
1787729859.640212, NoOp Chain Depth 64 Size 0 Mode ref, Ref Stage 5, run, end, 9848925478271558
1787729859.640227, NoOp Chain Depth 64 Size 0 Mode ref, Ref Stage 6, run, start, 9848925478286758
1787729859.640249, NoOp Chain Depth 64 Size 0 Mode ref, Ref Stage 6, run, end, 9848925478308598
1787729859.640265, NoOp Chain Depth 64 Size 0 Mode ref, Ref Stage 7, run, start, 9848925478324022
1787729859.640287, NoOp Chain Depth 64 Size 0 Mode ref, Ref Stage 7, run, end, 9848925478345958
1787729859.640301, NoOp Chain Depth 64 Size 0 Mode ref, Ref Stage 8, run, start, 9848925478360902
1787729859.640325, NoOp Chain Depth 64 Size 0 Mode ref, Ref Stage 8, run, end, 9848925478384294
1787729859.640340, NoOp Chain Depth 64 Size 0 Mode ref, Ref Stage 9, run, start, 9848925478399526
1787729859.640367, NoOp Chain Depth 64 Size 0 Mode ref, Ref Stage 9, run, end, 9848925478426054
1787729859.640379, NoOp Chain Depth 64 Size 0 Mode ref, Ref Stage 10, run, start, 9848925478438134
1787729859.640514, NoOp Chain Depth 64 Size 0 Mode ref, Ref Stage 10, run, end, 9848925478573062
1787729859.640529, NoOp Chain Depth 64 Size 0 Mode ref, Ref Stage 11, run, start, 9848925478588214
1787729859.640551, NoOp Chain Depth 64 Size 0 Mode ref, Ref Stage 11, run, end, 9848925478609894
1787729859.640566, NoOp Chain Depth 64 Size 0 Mode ref, Ref Stage 12, run, start, 9848925478625046
1787729859.640588, NoOp Chain Depth 64 Size 0 Mode ref, Ref Stage 12, run, end, 9848925478646694
1787729859.640603, NoOp Chain Depth 64 Size 0 Mode ref, Ref Stage 13, run, start, 9848925478662085
1787729859.640625, NoOp Chain Depth 64 Size 0 Mode ref, Ref Stage 13, run, end, 9848925478683797
1787729859.640640, NoOp Chain Depth 64 Size 0 Mode ref, Ref Stage 14, run, start, 9848925478698709
1787729859.640662, NoOp Chain Depth 64 Size 0 Mode ref, Ref Stage 14, run, end, 9848925478720997
1787729859.640782, NoOp Chain Depth 64 Size 0 Mode ref, Ref Stage 15, run, start, 9848925478841685
1787729859.640805, NoOp Chain Depth 64 Size 0 Mode ref, Ref Stage 15, run, end, 9848925478863877
1787729859.640820, NoOp Chain Depth 64 Size 0 Mode ref, Ref Stage 16, run, start, 9848925478878981
1787729859.640842, NoOp Chain Depth 64 Size 0 Mode ref, Ref Stage 16, run, end, 9848925478901141
1787729859.640857, NoOp Chain Depth 64 Size 0 Mode ref, Ref Stage 17, run, start, 9848925478916469
1787729859.640881, NoOp Chain Depth 64 Size 0 Mode ref, Ref Stage 17, run, end, 9848925478939893
1787729859.640893, NoOp Chain Depth 64 Size 0 Mode ref, Ref Stage 18, run, start, 9848925478952453
1787729859.640925, NoOp Chain Depth 64 Size 0 Mode ref, Ref Stage 18, run, end, 9848925478984165
1787729859.640941, NoOp Chain Depth 64 Size 0 Mode ref, Ref Stage 19, run, start, 9848925479000021
1787729859.640965, NoOp Chain Depth 64 Size 0 Mode ref, Ref Stage 19, run, end, 9848925479023941
1787729859.640980, NoOp Chain Depth 64 Size 0 Mode ref, Ref Stage 20, run, start, 9848925479039173
1787729859.641004, NoOp Chain Depth 64 Size 0 Mode ref, Ref Stage 20, run, end, 9848925479062885
1787729859.641016, NoOp Chain Depth 64 Size 0 Mode ref, Ref Stage 21, run, start, 9848925479074773
1787729859.641149, NoOp Chain Depth 64 Size 0 Mode ref, Ref Stage 21, run, end, 9848925479208805
1787729859.641165, NoOp Chain Depth 64 Size 0 Mode ref, Ref Stage 22, run, start, 9848925479224021
1787729859.641186, NoOp Chain Depth 64 Size 0 Mode ref, Ref Stage 22, run, end, 9848925479245877
1787729859.641202, NoOp Chain Depth 64 Size 0 Mode ref, Ref Stage 23, run, start, 9848925479261445
1787729859.641224, NoOp Chain Depth 64 Size 0 Mode ref, Ref Stage 23, run, end, 9848925479283589
1787729859.641240, NoOp Chain Depth 64 Size 0 Mode ref, Ref Stage 24, run, start, 9848925479298741
1787729859.641261, NoOp Chain Depth 64 Size 0 Mode ref, Ref Stage 24, run, end, 9848925479320485
1787729859.641276, NoOp Chain Depth 64 Size 0 Mode ref, Ref Stage 25, run, start, 9848925479335733
1787729859.641298, NoOp Chain Depth 64 Size 0 Mode ref, Ref Stage 25, run, end, 9848925479357125
1787729859.641313, NoOp Chain Depth 64 Size 0 Mode ref, Ref Stage 26, run, start, 9848925479372405
1787729859.641339, NoOp Chain Depth 64 Size 0 Mode ref, Ref Stage 26, run, end, 9848925479398741
1787729859.641353, NoOp Chain Depth 64 Size 0 Mode ref, Ref Stage 27, run, start, 9848925479412133
1787729859.641495, NoOp Chain Depth 64 Size 0 Mode ref, Ref Stage 27, run, end, 9848925479554885
1787729859.641511, NoOp Chain Depth 64 Size 0 Mode ref, Ref Stage 28, run, start, 9848925479570357
1787729859.641533, NoOp Chain Depth 64 Size 0 Mode ref, Ref Stage 28, run, end, 9848925479591957
1787729859.641548, NoOp Chain Depth 64 Size 0 Mode ref, Ref Stage 29, run, start, 9848925479607285
1787729859.641572, NoOp Chain Depth 64 Size 0 Mode ref, Ref Stage 29, run, end, 9848925479630853
1787729859.641587, NoOp Chain Depth 64 Size 0 Mode ref, Ref Stage 30, run, start, 9848925479645877
1787729859.641609, NoOp Chain Depth 64 Size 0 Mode ref, Ref Stage 30, run, end, 9848925479668181
1787729859.641624, NoOp Chain Depth 64 Size 0 Mode ref, Ref Stage 31, run, start, 9848925479683477
1787729859.641646, NoOp Chain Depth 64 Size 0 Mode ref, Ref Stage 31, run, end, 9848925479705045
1787729859.641661, NoOp Chain Depth 64 Size 0 Mode ref, Ref Stage 32, run, start, 9848925479720341
1787729859.641687, NoOp Chain Depth 64 Size 0 Mode ref, Ref Stage 32, run, end, 9848925479746101
1787729859.641699, NoOp Chain Depth 64 Size 0 Mode ref, Ref Stage 33, run, start, 9848925479758037
1787729859.641841, NoOp Chain Depth 64 Size 0 Mode ref, Ref Stage 33, run, end, 9848925479900069
1787729859.641856, NoOp Chain Depth 64 Size 0 Mode ref, Ref Stage 34, run, start, 9848925479915541
1787729859.641878, NoOp Chain Depth 64 Size 0 Mode ref, Ref Stage 34, run, end, 9848925479937605
1787729859.641894, NoOp Chain Depth 64 Size 0 Mode ref, Ref Stage 35, run, start, 9848925479953189
1787729859.641916, NoOp Chain Depth 64 Size 0 Mode ref, Ref Stage 35, run, end, 9848925479974837
1787729859.641931, NoOp Chain Depth 64 Size 0 Mode ref, Ref Stage 36, run, start, 9848925479990165
1787729859.641954, NoOp Chain Depth 64 Size 0 Mode ref, Ref Stage 36, run, end, 9848925480013253
1787729859.641970, NoOp Chain Depth 64 Size 0 Mode ref, Ref Stage 37, run, start, 9848925480029189
1787729859.641992, NoOp Chain Depth 64 Size 0 Mode ref, Ref Stage 37, run, end, 9848925480051109
1787729859.642113, NoOp Chain Depth 64 Size 0 Mode ref, Ref Stage 38, run, start, 9848925480173013
1787729859.642136, NoOp Chain Depth 64 Size 0 Mode ref, Ref Stage 38, run, end, 9848925480195349
1787729859.642151, NoOp Chain Depth 64 Size 0 Mode ref, Ref Stage 39, run, start, 9848925480210661
1787729859.642173, NoOp Chain Depth 64 Size 0 Mode ref, Ref Stage 39, run, end, 9848925480232501
1787729859.642188, NoOp Chain Depth 64 Size 0 Mode ref, Ref Stage 40, run, start, 9848925480247589
1787729859.642210, NoOp Chain Depth 64 Size 0 Mode ref, Ref Stage 40, run, end, 9848925480269765
1787729859.642226, NoOp Chain Depth 64 Size 0 Mode ref, Ref Stage 41, run, start, 9848925480285285
1787729859.642250, NoOp Chain Depth 64 Size 0 Mode ref, Ref Stage 41, run, end, 9848925480309061
1787729859.642262, NoOp Chain Depth 64 Size 0 Mode ref, Ref Stage 42, run, start, 9848925480321061
1787729859.642295, NoOp Chain Depth 64 Size 0 Mode ref, Ref Stage 42, run, end, 9848925480353909
1787729859.642311, NoOp Chain Depth 64 Size 0 Mode ref, Ref Stage 43, run, start, 9848925480370405
1787729859.642333, NoOp Chain Depth 64 Size 0 Mode ref, Ref Stage 43, run, end, 9848925480392533
1787729859.642349, NoOp Chain Depth 64 Size 0 Mode ref, Ref Stage 44, run, start, 9848925480407989
1787729859.642371, NoOp Chain Depth 64 Size 0 Mode ref, Ref Stage 44, run, end, 9848925480430101
1787729859.642493, NoOp Chain Depth 64 Size 0 Mode ref, Ref Stage 45, run, start, 9848925480552277
1787729859.642516, NoOp Chain Depth 64 Size 0 Mode ref, Ref Stage 45, run, end, 9848925480575397
1787729859.642531, NoOp Chain Depth 64 Size 0 Mode ref, Ref Stage 46, run, start, 9848925480590709
1787729859.642554, NoOp Chain Depth 64 Size 0 Mode ref, Ref Stage 46, run, end, 9848925480612868
1787729859.642569, NoOp Chain Depth 64 Size 0 Mode ref, Ref Stage 47, run, start, 9848925480628068
1787729859.642591, NoOp Chain Depth 64 Size 0 Mode ref, Ref Stage 47, run, end, 9848925480649988
1787729859.642606, NoOp Chain Depth 64 Size 0 Mode ref, Ref Stage 48, run, start, 9848925480665092
1787729859.642629, NoOp Chain Depth 64 Size 0 Mode ref, Ref Stage 48, run, end, 9848925480688212
1787729859.642641, NoOp Chain Depth 64 Size 0 Mode ref, Ref Stage 49, run, start, 9848925480700132
1787729859.642675, NoOp Chain Depth 64 Size 0 Mode ref, Ref Stage 49, run, end, 9848925480734532
1787729859.642796, NoOp Chain Depth 64 Size 0 Mode ref, Ref Stage 50, run, start, 9848925480855140
1787729859.642820, NoOp Chain Depth 64 Size 0 Mode ref, Ref Stage 50, run, end, 9848925480878948
1787729859.642835, NoOp Chain Depth 64 Size 0 Mode ref, Ref Stage 51, run, start, 9848925480893860
1787729859.642858, NoOp Chain Depth 64 Size 0 Mode ref, Ref Stage 51, run, end, 9848925480917028
1787729859.642870, NoOp Chain Depth 64 Size 0 Mode ref, Ref Stage 52, run, start, 9848925480929188
1787729859.642903, NoOp Chain Depth 64 Size 0 Mode ref, Ref Stage 52, run, end, 9848925480961892
1787729859.642917, NoOp Chain Depth 64 Size 0 Mode ref, Ref Stage 53, run, start, 9848925480976468
1787729859.642939, NoOp Chain Depth 64 Size 0 Mode ref, Ref Stage 53, run, end, 9848925480998308
1787729859.642957, NoOp Chain Depth 64 Size 0 Mode ref, Ref Stage 54, run, start, 9848925481016356
1787729859.642979, NoOp Chain Depth 64 Size 0 Mode ref, Ref Stage 54, run, end, 9848925481038164
1787729859.642994, NoOp Chain Depth 64 Size 0 Mode ref, Ref Stage 55, run, start, 9848925481053300
1787729859.643016, NoOp Chain Depth 64 Size 0 Mode ref, Ref Stage 55, run, end, 9848925481074996
1787729859.643031, NoOp Chain Depth 64 Size 0 Mode ref, Ref Stage 56, run, start, 9848925481089956
1787729859.643056, NoOp Chain Depth 64 Size 0 Mode ref, Ref Stage 56, run, end, 9848925481114836
1787729859.643067, NoOp Chain Depth 64 Size 0 Mode ref, Ref Stage 57, run, start, 9848925481126772
1787729859.643105, NoOp Chain Depth 64 Size 0 Mode ref, Ref Stage 57, run, end, 9848925481163732
1787729859.643120, NoOp Chain Depth 64 Size 0 Mode ref, Ref Stage 58, run, start, 9848925481179028
1787729859.643142, NoOp Chain Depth 64 Size 0 Mode ref, Ref Stage 58, run, end, 9848925481201252
1787729859.643158, NoOp Chain Depth 64 Size 0 Mode ref, Ref Stage 59, run, start, 9848925481217332
1787729859.643180, NoOp Chain Depth 64 Size 0 Mode ref, Ref Stage 59, run, end, 9848925481239012
1787729859.643301, NoOp Chain Depth 64 Size 0 Mode ref, Ref Stage 60, run, start, 9848925481360468
1787729859.643324, NoOp Chain Depth 64 Size 0 Mode ref, Ref Stage 60, run, end, 9848925481383476
1787729859.643340, NoOp Chain Depth 64 Size 0 Mode ref, Ref Stage 61, run, start, 9848925481399092
1787729859.643362, NoOp Chain Depth 64 Size 0 Mode ref, Ref Stage 61, run, end, 9848925481421076
1787729859.643377, NoOp Chain Depth 64 Size 0 Mode ref, Ref Stage 62, run, start, 9848925481436644
1787729859.643401, NoOp Chain Depth 64 Size 0 Mode ref, Ref Stage 62, run, end, 9848925481460516
1787729859.643413, NoOp Chain Depth 64 Size 0 Mode ref, Ref Stage 63, run, start, 9848925481472580
1787729859.643446, NoOp Chain Depth 64 Size 0 Mode ref, Ref Stage 63, run, end, 9848925481505076
1787729859.643461, NoOp Chain Depth 64 Size 0 Mode ref, pipeline - train, run, end, 190792833871299127012980255788425647258, 1787729859.639861, 69, 1, 9848925481520404
1787729859.643608, NoOp Chain Depth 64 Size 0 Mode ref, pipeline - train, run, start, 4524072713704195392390669722822167299, 1787729859.643489, 70, 1, 9848925481667332
1787729859.643631, NoOp Chain Depth 64 Size 0 Mode ref, Ref Stage 0, run, start, 9848925481690868
1787729859.643654, NoOp Chain Depth 64 Size 0 Mode ref, Ref Stage 0, run, end, 9848925481713636
1787729859.643670, NoOp Chain Depth 64 Size 0 Mode ref, Ref Stage 1, run, start, 9848925481729396
1787729859.643692, NoOp Chain Depth 64 Size 0 Mode ref, Ref Stage 1, run, end, 9848925481751588
1787729859.643708, NoOp Chain Depth 64 Size 0 Mode ref, Ref Stage 2, run, start, 9848925481766964
1787729859.643731, NoOp Chain Depth 64 Size 0 Mode ref, Ref Stage 2, run, end, 9848925481790516
1787729859.643743, NoOp Chain Depth 64 Size 0 Mode ref, Ref Stage 3, run, start, 9848925481802308
1787729859.643777, NoOp Chain Depth 64 Size 0 Mode ref, Ref Stage 3, run, end, 9848925481836388
1787729859.643790, NoOp Chain Depth 64 Size 0 Mode ref, Ref Stage 4, run, start, 9848925481849188
1787729859.643822, NoOp Chain Depth 64 Size 0 Mode ref, Ref Stage 4, run, end, 9848925481881524
1787729859.643838, NoOp Chain Depth 64 Size 0 Mode ref, Ref Stage 5, run, start, 9848925481897540
1787729859.643862, NoOp Chain Depth 64 Size 0 Mode ref, Ref Stage 5, run, end, 9848925481921684
1787729859.643984, NoOp Chain Depth 64 Size 0 Mode ref, Ref Stage 6, run, start, 9848925482043748
1787729859.644007, NoOp Chain Depth 64 Size 0 Mode ref, Ref Stage 6, run, end, 9848925482066740
1787729859.644023, NoOp Chain Depth 64 Size 0 Mode ref, Ref Stage 7, run, start, 9848925482081908
1787729859.644045, NoOp Chain Depth 64 Size 0 Mode ref, Ref Stage 7, run, end, 9848925482103700
1787729859.644059, NoOp Chain Depth 64 Size 0 Mode ref, Ref Stage 8, run, start, 9848925482118628
1787729859.644083, NoOp Chain Depth 64 Size 0 Mode ref, Ref Stage 8, run, end, 9848925482142100
1787729859.644095, NoOp Chain Depth 64 Size 0 Mode ref, Ref Stage 9, run, start, 9848925482154020
1787729859.644127, NoOp Chain Depth 64 Size 0 Mode ref, Ref Stage 9, run, end, 9848925482186164
1787729859.644142, NoOp Chain Depth 64 Size 0 Mode ref, Ref Stage 10, run, start, 9848925482201684
1787729859.644164, NoOp Chain Depth 64 Size 0 Mode ref, Ref Stage 10, run, end, 9848925482223668
1787729859.644285, NoOp Chain Depth 64 Size 0 Mode ref, Ref Stage 11, run, start, 9848925482345028
1787729859.644308, NoOp Chain Depth 64 Size 0 Mode ref, Ref Stage 11, run, end, 9848925482367332
1787729859.644323, NoOp Chain Depth 64 Size 0 Mode ref, Ref Stage 12, run, start, 9848925482382916
1787729859.644346, NoOp Chain Depth 64 Size 0 Mode ref, Ref Stage 12, run, end, 9848925482405028
1787729859.644361, NoOp Chain Depth 64 Size 0 Mode ref, Ref Stage 13, run, start, 9848925482420196
1787729859.644383, NoOp Chain Depth 64 Size 0 Mode ref, Ref Stage 13, run, end, 9848925482441892
1787729859.644398, NoOp Chain Depth 64 Size 0 Mode ref, Ref Stage 14, run, start, 9848925482457348
1787729859.644422, NoOp Chain Depth 64 Size 0 Mode ref, Ref Stage 14, run, end, 9848925482481300
1787729859.644434, NoOp Chain Depth 64 Size 0 Mode ref, Ref Stage 15, run, start, 9848925482493492
1787729859.644469, NoOp Chain Depth 64 Size 0 Mode ref, Ref Stage 15, run, end, 9848925482527812
1787729859.644481, NoOp Chain Depth 64 Size 0 Mode ref, Ref Stage 16, run, start, 9848925482540516
1787729859.644516, NoOp Chain Depth 64 Size 0 Mode ref, Ref Stage 16, run, end, 9848925482575236
1787729859.644532, NoOp Chain Depth 64 Size 0 Mode ref, Ref Stage 17, run, start, 9848925482591204
1787729859.644669, NoOp Chain Depth 64 Size 0 Mode ref, Ref Stage 17, run, end, 9848925482728179
1787729859.644684, NoOp Chain Depth 64 Size 0 Mode ref, Ref Stage 18, run, start, 9848925482743523
1787729859.644706, NoOp Chain Depth 64 Size 0 Mode ref, Ref Stage 18, run, end, 9848925482765603
1787729859.644722, NoOp Chain Depth 64 Size 0 Mode ref, Ref Stage 19, run, start, 9848925482780979
1787729859.644745, NoOp Chain Depth 64 Size 0 Mode ref, Ref Stage 19, run, end, 9848925482804627
1787729859.644757, NoOp Chain Depth 64 Size 0 Mode ref, Ref Stage 20, run, start, 9848925482816531
1787729859.644791, NoOp Chain Depth 64 Size 0 Mode ref, Ref Stage 20, run, end, 9848925482850051
1787729859.644806, NoOp Chain Depth 64 Size 0 Mode ref, Ref Stage 21, run, start, 9848925482864835
1787729859.644941, NoOp Chain Depth 64 Size 0 Mode ref, Ref Stage 21, run, end, 9848925483000067
1787729859.644958, NoOp Chain Depth 64 Size 0 Mode ref, Ref Stage 22, run, start, 9848925483017267
1787729859.644980, NoOp Chain Depth 64 Size 0 Mode ref, Ref Stage 22, run, end, 9848925483038947
1787729859.644995, NoOp Chain Depth 64 Size 0 Mode ref, Ref Stage 23, run, start, 9848925483054099
1787729859.645017, NoOp Chain Depth 64 Size 0 Mode ref, Ref Stage 23, run, end, 9848925483076131
1787729859.645032, NoOp Chain Depth 64 Size 0 Mode ref, Ref Stage 24, run, start, 9848925483091315
1787729859.645054, NoOp Chain Depth 64 Size 0 Mode ref, Ref Stage 24, run, end, 9848925483113251
1787729859.645069, NoOp Chain Depth 64 Size 0 Mode ref, Ref Stage 25, run, start, 9848925483128291
1787729859.645091, NoOp Chain Depth 64 Size 0 Mode ref, Ref Stage 25, run, end, 9848925483149843
1787729859.645106, NoOp Chain Depth 64 Size 0 Mode ref, Ref Stage 26, run, start, 9848925483165027
1787729859.645131, NoOp Chain Depth 64 Size 0 Mode ref, Ref Stage 26, run, end, 9848925483190627
1787729859.645143, NoOp Chain Depth 64 Size 0 Mode ref, Ref Stage 27, run, start, 9848925483202547
1787729859.645181, NoOp Chain Depth 64 Size 0 Mode ref, Ref Stage 27, run, end, 9848925483240627
1787729859.645194, NoOp Chain Depth 64 Size 0 Mode ref, Ref Stage 28, run, start, 9848925483252803
1787729859.645331, NoOp Chain Depth 64 Size 0 Mode ref, Ref Stage 28, run, end, 9848925483390195
1787729859.645346, NoOp Chain Depth 64 Size 0 Mode ref, Ref Stage 29, run, start, 9848925483405299
1787729859.645368, NoOp Chain Depth 64 Size 0 Mode ref, Ref Stage 29, run, end, 9848925483427235
1787729859.645383, NoOp Chain Depth 64 Size 0 Mode ref, Ref Stage 30, run, start, 9848925483442467
1787729859.645405, NoOp Chain Depth 64 Size 0 Mode ref, Ref Stage 30, run, end, 9848925483464355
1787729859.645420, NoOp Chain Depth 64 Size 0 Mode ref, Ref Stage 31, run, start, 9848925483479571
1787729859.645444, NoOp Chain Depth 64 Size 0 Mode ref, Ref Stage 31, run, end, 9848925483502867
1787729859.645456, NoOp Chain Depth 64 Size 0 Mode ref, Ref Stage 32, run, start, 9848925483514915
1787729859.645588, NoOp Chain Depth 64 Size 0 Mode ref, Ref Stage 32, run, end, 9848925483647699
1787729859.645604, NoOp Chain Depth 64 Size 0 Mode ref, Ref Stage 33, run, start, 9848925483663043
1787729859.645626, NoOp Chain Depth 64 Size 0 Mode ref, Ref Stage 33, run, end, 9848925483685107
1787729859.645641, NoOp Chain Depth 64 Size 0 Mode ref, Ref Stage 34, run, start, 9848925483700339
1787729859.645663, NoOp Chain Depth 64 Size 0 Mode ref, Ref Stage 34, run, end, 9848925483722259
1787729859.645678, NoOp Chain Depth 64 Size 0 Mode ref, Ref Stage 35, run, start, 9848925483737379
1787729859.645700, NoOp Chain Depth 64 Size 0 Mode ref, Ref Stage 35, run, end, 9848925483758931
1787729859.645715, NoOp Chain Depth 64 Size 0 Mode ref, Ref Stage 36, run, start, 9848925483774227
1787729859.645737, NoOp Chain Depth 64 Size 0 Mode ref, Ref Stage 36, run, end, 9848925483796003
1787729859.645752, NoOp Chain Depth 64 Size 0 Mode ref, Ref Stage 37, run, start, 9848925483811171
1787729859.645775, NoOp Chain Depth 64 Size 0 Mode ref, Ref Stage 37, run, end, 9848925483834499
1787729859.645787, NoOp Chain Depth 64 Size 0 Mode ref, Ref Stage 38, run, start, 9848925483846547
1787729859.645821, NoOp Chain Depth 64 Size 0 Mode ref, Ref Stage 38, run, end, 9848925483881523
1787729859.645838, NoOp Chain Depth 64 Size 0 Mode ref, Ref Stage 39, run, start, 9848925483896931
1787729859.645860, NoOp Chain Depth 64 Size 0 Mode ref, Ref Stage 39, run, end, 9848925483919027
1787729859.645987, NoOp Chain Depth 64 Size 0 Mode ref, Ref Stage 40, run, start, 9848925484045955
1787729859.646010, NoOp Chain Depth 64 Size 0 Mode ref, Ref Stage 40, run, end, 9848925484069251
1787729859.646025, NoOp Chain Depth 64 Size 0 Mode ref, Ref Stage 41, run, start, 9848925484084611
1787729859.646047, NoOp Chain Depth 64 Size 0 Mode ref, Ref Stage 41, run, end, 9848925484106339
1787729859.646062, NoOp Chain Depth 64 Size 0 Mode ref, Ref Stage 42, run, start, 9848925484121427
1787729859.646084, NoOp Chain Depth 64 Size 0 Mode ref, Ref Stage 42, run, end, 9848925484143187
1787729859.646099, NoOp Chain Depth 64 Size 0 Mode ref, Ref Stage 43, run, start, 9848925484158659
1787729859.646122, NoOp Chain Depth 64 Size 0 Mode ref, Ref Stage 43, run, end, 9848925484180659
1787729859.646137, NoOp Chain Depth 64 Size 0 Mode ref, Ref Stage 44, run, start, 9848925484196291
1787729859.646162, NoOp Chain Depth 64 Size 0 Mode ref, Ref Stage 44, run, end, 9848925484221123
1787729859.646174, NoOp Chain Depth 64 Size 0 Mode ref, Ref Stage 45, run, start, 9848925484233251
1787729859.646312, NoOp Chain Depth 64 Size 0 Mode ref, Ref Stage 45, run, end, 9848925484371395
1787729859.646327, NoOp Chain Depth 64 Size 0 Mode ref, Ref Stage 46, run, start, 9848925484386643
1787729859.646349, NoOp Chain Depth 64 Size 0 Mode ref, Ref Stage 46, run, end, 9848925484408755
1787729859.646365, NoOp Chain Depth 64 Size 0 Mode ref, Ref Stage 47, run, start, 9848925484423987
1787729859.646388, NoOp Chain Depth 64 Size 0 Mode ref, Ref Stage 47, run, end, 9848925484447267
1787729859.646403, NoOp Chain Depth 64 Size 0 Mode ref, Ref Stage 48, run, start, 9848925484462786
1787729859.646425, NoOp Chain Depth 64 Size 0 Mode ref, Ref Stage 48, run, end, 9848925484484786
1787729859.646441, NoOp Chain Depth 64 Size 0 Mode ref, Ref Stage 49, run, start, 9848925484500002
1787729859.646466, NoOp Chain Depth 64 Size 0 Mode ref, Ref Stage 49, run, end, 9848925484524722
1787729859.646477, NoOp Chain Depth 64 Size 0 Mode ref, Ref Stage 50, run, start, 9848925484536706
1787729859.646513, NoOp Chain Depth 64 Size 0 Mode ref, Ref Stage 50, run, end, 9848925484572290
1787729859.646528, NoOp Chain Depth 64 Size 0 Mode ref, Ref Stage 51, run, start, 9848925484587778
1787729859.646551, NoOp Chain Depth 64 Size 0 Mode ref, Ref Stage 51, run, end, 9848925484610050
1787729859.646678, NoOp Chain Depth 64 Size 0 Mode ref, Ref Stage 52, run, start, 9848925484737666
1787729859.646701, NoOp Chain Depth 64 Size 0 Mode ref, Ref Stage 52, run, end, 9848925484760242
1787729859.646716, NoOp Chain Depth 64 Size 0 Mode ref, Ref Stage 53, run, start, 9848925484775698
1787729859.646738, NoOp Chain Depth 64 Size 0 Mode ref, Ref Stage 53, run, end, 9848925484797330
1787729859.646754, NoOp Chain Depth 64 Size 0 Mode ref, Ref Stage 54, run, start, 9848925484812946
1787729859.646775, NoOp Chain Depth 64 Size 0 Mode ref, Ref Stage 54, run, end, 9848925484834706
1787729859.646791, NoOp Chain Depth 64 Size 0 Mode ref, Ref Stage 55, run, start, 9848925484849890
1787729859.646815, NoOp Chain Depth 64 Size 0 Mode ref, Ref Stage 55, run, end, 9848925484874626
1787729859.646827, NoOp Chain Depth 64 Size 0 Mode ref, Ref Stage 56, run, start, 9848925484886738
1787729859.646965, NoOp Chain Depth 64 Size 0 Mode ref, Ref Stage 56, run, end, 9848925485024642
1787729859.646981, NoOp Chain Depth 64 Size 0 Mode ref, Ref Stage 57, run, start, 9848925485040194
1787729859.647003, NoOp Chain Depth 64 Size 0 Mode ref, Ref Stage 57, run, end, 9848925485062002
1787729859.647018, NoOp Chain Depth 64 Size 0 Mode ref, Ref Stage 58, run, start, 9848925485077266
1787729859.647040, NoOp Chain Depth 64 Size 0 Mode ref, Ref Stage 58, run, end, 9848925485099282
1787729859.647055, NoOp Chain Depth 64 Size 0 Mode ref, Ref Stage 59, run, start, 9848925485114194
1787729859.647078, NoOp Chain Depth 64 Size 0 Mode ref, Ref Stage 59, run, end, 9848925485137330
1787729859.647090, NoOp Chain Depth 64 Size 0 Mode ref, Ref Stage 60, run, start, 9848925485149250
1787729859.647122, NoOp Chain Depth 64 Size 0 Mode ref, Ref Stage 60, run, end, 9848925485181842
1787729859.647138, NoOp Chain Depth 64 Size 0 Mode ref, Ref Stage 61, run, start, 9848925485196786
1787729859.647161, NoOp Chain Depth 64 Size 0 Mode ref, Ref Stage 61, run, end, 9848925485221058
1787729859.647174, NoOp Chain Depth 64 Size 0 Mode ref, Ref Stage 62, run, start, 9848925485232946
1787729859.647209, NoOp Chain Depth 64 Size 0 Mode ref, Ref Stage 62, run, end, 9848925485268130
1787729859.647225, NoOp Chain Depth 64 Size 0 Mode ref, Ref Stage 63, run, start, 9848925485284402
1787729859.647251, NoOp Chain Depth 64 Size 0 Mode ref, Ref Stage 63, run, end, 9848925485309954
1787729859.647263, NoOp Chain Depth 64 Size 0 Mode ref, pipeline - train, run, end, 4524072713704195392390669722822167299, 1787729859.643489, 70, 1, 9848925485321746
1787729859.647416, NoOp Chain Depth 64 Size 0 Mode ref, pipeline - train, run, start, 227500558574621423988314320156616917572, 1787729859.647403, 71, 1, 9848925485475762
1787729859.647440, NoOp Chain Depth 64 Size 0 Mode ref, Ref Stage 0, run, start, 9848925485499858
1787729859.647463, NoOp Chain Depth 64 Size 0 Mode ref, Ref Stage 0, run, end, 9848925485522034
1787729859.647478, NoOp Chain Depth 64 Size 0 Mode ref, Ref Stage 1, run, start, 9848925485537250
1787729859.647500, NoOp Chain Depth 64 Size 0 Mode ref, Ref Stage 1, run, end, 9848925485559186
1787729859.647621, NoOp Chain Depth 64 Size 0 Mode ref, Ref Stage 2, run, start, 9848925485680178
1787729859.647645, NoOp Chain Depth 64 Size 0 Mode ref, Ref Stage 2, run, end, 9848925485704658
1787729859.647660, NoOp Chain Depth 64 Size 0 Mode ref, Ref Stage 3, run, start, 9848925485720002
1787729859.647683, NoOp Chain Depth 64 Size 0 Mode ref, Ref Stage 3, run, end, 9848925485742226
1787729859.647698, NoOp Chain Depth 64 Size 0 Mode ref, Ref Stage 4, run, start, 9848925485757650
1787729859.647720, NoOp Chain Depth 64 Size 0 Mode ref, Ref Stage 4, run, end, 9848925485779458
1787729859.647735, NoOp Chain Depth 64 Size 0 Mode ref, Ref Stage 5, run, start, 9848925485794450
1787729859.647758, NoOp Chain Depth 64 Size 0 Mode ref, Ref Stage 5, run, end, 9848925485817762
1787729859.647771, NoOp Chain Depth 64 Size 0 Mode ref, Ref Stage 6, run, start, 9848925485829730
1787729859.647802, NoOp Chain Depth 64 Size 0 Mode ref, Ref Stage 6, run, end, 9848925485861794
1787729859.647818, NoOp Chain Depth 64 Size 0 Mode ref, Ref Stage 7, run, start, 9848925485876946
1787729859.647842, NoOp Chain Depth 64 Size 0 Mode ref, Ref Stage 7, run, end, 9848925485901154
1787729859.647856, NoOp Chain Depth 64 Size 0 Mode ref, Ref Stage 8, run, start, 9848925485915442
1787729859.647994, NoOp Chain Depth 64 Size 0 Mode ref, Ref Stage 8, run, end, 9848925486053218
1787729859.648009, NoOp Chain Depth 64 Size 0 Mode ref, Ref Stage 9, run, start, 9848925486068514
1787729859.648031, NoOp Chain Depth 64 Size 0 Mode ref, Ref Stage 9, run, end, 9848925486090610
1787729859.648046, NoOp Chain Depth 64 Size 0 Mode ref, Ref Stage 10, run, start, 9848925486105506
1787729859.648070, NoOp Chain Depth 64 Size 0 Mode ref, Ref Stage 10, run, end, 9848925486129282
1787729859.648082, NoOp Chain Depth 64 Size 0 Mode ref, Ref Stage 11, run, start, 9848925486141122
1787729859.648114, NoOp Chain Depth 64 Size 0 Mode ref, Ref Stage 11, run, end, 9848925486173762
1787729859.648130, NoOp Chain Depth 64 Size 0 Mode ref, Ref Stage 12, run, start, 9848925486189186
1787729859.648152, NoOp Chain Depth 64 Size 0 Mode ref, Ref Stage 12, run, end, 9848925486211202
1787729859.648273, NoOp Chain Depth 64 Size 0 Mode ref, Ref Stage 13, run, start, 9848925486332450
1787729859.648296, NoOp Chain Depth 64 Size 0 Mode ref, Ref Stage 13, run, end, 9848925486355314
1787729859.648311, NoOp Chain Depth 64 Size 0 Mode ref, Ref Stage 14, run, start, 9848925486370690
1787729859.648333, NoOp Chain Depth 64 Size 0 Mode ref, Ref Stage 14, run, end, 9848925486392658
1787729859.648348, NoOp Chain Depth 64 Size 0 Mode ref, Ref Stage 15, run, start, 9848925486407666
1787729859.648372, NoOp Chain Depth 64 Size 0 Mode ref, Ref Stage 15, run, end, 9848925486431266
1787729859.648384, NoOp Chain Depth 64 Size 0 Mode ref, Ref Stage 16, run, start, 9848925486443345
1787729859.648416, NoOp Chain Depth 64 Size 0 Mode ref, Ref Stage 16, run, end, 9848925486475489
1787729859.648431, NoOp Chain Depth 64 Size 0 Mode ref, Ref Stage 17, run, start, 9848925486490337
1787729859.648453, NoOp Chain Depth 64 Size 0 Mode ref, Ref Stage 17, run, end, 9848925486512257
1787729859.648468, NoOp Chain Depth 64 Size 0 Mode ref, Ref Stage 18, run, start, 9848925486527537
1787729859.648491, NoOp Chain Depth 64 Size 0 Mode ref, Ref Stage 18, run, end, 9848925486550561
1787729859.648507, NoOp Chain Depth 64 Size 0 Mode ref, Ref Stage 19, run, start, 9848925486566513
1787729859.648531, NoOp Chain Depth 64 Size 0 Mode ref, Ref Stage 19, run, end, 9848925486590721
1787729859.648546, NoOp Chain Depth 64 Size 0 Mode ref, Ref Stage 20, run, start, 9848925486604929
1787729859.648682, NoOp Chain Depth 64 Size 0 Mode ref, Ref Stage 20, run, end, 9848925486741233
1787729859.648698, NoOp Chain Depth 64 Size 0 Mode ref, Ref Stage 21, run, start, 9848925486756961
1787729859.648720, NoOp Chain Depth 64 Size 0 Mode ref, Ref Stage 21, run, end, 9848925486778817
1787729859.648734, NoOp Chain Depth 64 Size 0 Mode ref, Ref Stage 22, run, start, 9848925486793681
1787729859.648757, NoOp Chain Depth 64 Size 0 Mode ref, Ref Stage 22, run, end, 9848925486815809
1787729859.648772, NoOp Chain Depth 64 Size 0 Mode ref, Ref Stage 23, run, start, 9848925486831505
1787729859.648795, NoOp Chain Depth 64 Size 0 Mode ref, Ref Stage 23, run, end, 9848925486854673
1787729859.648810, NoOp Chain Depth 64 Size 0 Mode ref, Ref Stage 24, run, start, 9848925486869937
1787729859.648833, NoOp Chain Depth 64 Size 0 Mode ref, Ref Stage 24, run, end, 9848925486891713
1787729859.648954, NoOp Chain Depth 64 Size 0 Mode ref, Ref Stage 25, run, start, 9848925487013297
1787729859.648977, NoOp Chain Depth 64 Size 0 Mode ref, Ref Stage 25, run, end, 9848925487036497
1787729859.648993, NoOp Chain Depth 64 Size 0 Mode ref, Ref Stage 26, run, start, 9848925487051761
1787729859.649016, NoOp Chain Depth 64 Size 0 Mode ref, Ref Stage 26, run, end, 9848925487075137
1787729859.649028, NoOp Chain Depth 64 Size 0 Mode ref, Ref Stage 27, run, start, 9848925487087185
1787729859.649061, NoOp Chain Depth 64 Size 0 Mode ref, Ref Stage 27, run, end, 9848925487119985
1787729859.649076, NoOp Chain Depth 64 Size 0 Mode ref, Ref Stage 28, run, start, 9848925487135169
1787729859.649098, NoOp Chain Depth 64 Size 0 Mode ref, Ref Stage 28, run, end, 9848925487157457
1787729859.649115, NoOp Chain Depth 64 Size 0 Mode ref, Ref Stage 29, run, start, 9848925487173889
1787729859.649137, NoOp Chain Depth 64 Size 0 Mode ref, Ref Stage 29, run, end, 9848925487195985
1787729859.649152, NoOp Chain Depth 64 Size 0 Mode ref, Ref Stage 30, run, start, 9848925487211473
1787729859.649177, NoOp Chain Depth 64 Size 0 Mode ref, Ref Stage 30, run, end, 9848925487235793
1787729859.649189, NoOp Chain Depth 64 Size 0 Mode ref, Ref Stage 31, run, start, 9848925487248433
1787729859.649326, NoOp Chain Depth 64 Size 0 Mode ref, Ref Stage 31, run, end, 9848925487385281
1787729859.649341, NoOp Chain Depth 64 Size 0 Mode ref, Ref Stage 32, run, start, 9848925487400401
1787729859.649363, NoOp Chain Depth 64 Size 0 Mode ref, Ref Stage 32, run, end, 9848925487422353
1787729859.649378, NoOp Chain Depth 64 Size 0 Mode ref, Ref Stage 33, run, start, 9848925487437697
1787729859.649400, NoOp Chain Depth 64 Size 0 Mode ref, Ref Stage 33, run, end, 9848925487459265
1787729859.649415, NoOp Chain Depth 64 Size 0 Mode ref, Ref Stage 34, run, start, 9848925487474177
1787729859.649437, NoOp Chain Depth 64 Size 0 Mode ref, Ref Stage 34, run, end, 9848925487496001
1787729859.649451, NoOp Chain Depth 64 Size 0 Mode ref, Ref Stage 35, run, start, 9848925487510993
1787729859.649473, NoOp Chain Depth 64 Size 0 Mode ref, Ref Stage 35, run, end, 9848925487532497
1787729859.649488, NoOp Chain Depth 64 Size 0 Mode ref, Ref Stage 36, run, start, 9848925487547761
1787729859.649510, NoOp Chain Depth 64 Size 0 Mode ref, Ref Stage 36, run, end, 9848925487569489
1787729859.649631, NoOp Chain Depth 64 Size 0 Mode ref, Ref Stage 37, run, start, 9848925487690561
1787729859.649653, NoOp Chain Depth 64 Size 0 Mode ref, Ref Stage 37, run, end, 9848925487712865
1787729859.649669, NoOp Chain Depth 64 Size 0 Mode ref, Ref Stage 38, run, start, 9848925487728017
1787729859.649691, NoOp Chain Depth 64 Size 0 Mode ref, Ref Stage 38, run, end, 9848925487750113
1787729859.649706, NoOp Chain Depth 64 Size 0 Mode ref, Ref Stage 39, run, start, 9848925487765425
1787729859.649730, NoOp Chain Depth 64 Size 0 Mode ref, Ref Stage 39, run, end, 9848925487789265
1787729859.649742, NoOp Chain Depth 64 Size 0 Mode ref, Ref Stage 40, run, start, 9848925487801537
1787729859.649775, NoOp Chain Depth 64 Size 0 Mode ref, Ref Stage 40, run, end, 9848925487834193
1787729859.649790, NoOp Chain Depth 64 Size 0 Mode ref, Ref Stage 41, run, start, 9848925487849297
1787729859.649812, NoOp Chain Depth 64 Size 0 Mode ref, Ref Stage 41, run, end, 9848925487871201
1787729859.649828, NoOp Chain Depth 64 Size 0 Mode ref, Ref Stage 42, run, start, 9848925487887345
1787729859.649850, NoOp Chain Depth 64 Size 0 Mode ref, Ref Stage 42, run, end, 9848925487909697
1787729859.649867, NoOp Chain Depth 64 Size 0 Mode ref, Ref Stage 43, run, start, 9848925487926721
1787729859.649892, NoOp Chain Depth 64 Size 0 Mode ref, Ref Stage 43, run, end, 9848925487951777
1787729859.649904, NoOp Chain Depth 64 Size 0 Mode ref, Ref Stage 44, run, start, 9848925487963777
1787729859.650043, NoOp Chain Depth 64 Size 0 Mode ref, Ref Stage 44, run, end, 9848925488102385
1787729859.650058, NoOp Chain Depth 64 Size 0 Mode ref, Ref Stage 45, run, start, 9848925488117553
1787729859.650080, NoOp Chain Depth 64 Size 0 Mode ref, Ref Stage 45, run, end, 9848925488139713
1787729859.650095, NoOp Chain Depth 64 Size 0 Mode ref, Ref Stage 46, run, start, 9848925488154801
1787729859.650117, NoOp Chain Depth 64 Size 0 Mode ref, Ref Stage 46, run, end, 9848925488176753
1787729859.650133, NoOp Chain Depth 64 Size 0 Mode ref, Ref Stage 47, run, start, 9848925488192017
1787729859.650155, NoOp Chain Depth 64 Size 0 Mode ref, Ref Stage 47, run, end, 9848925488214177
1787729859.650284, NoOp Chain Depth 64 Size 0 Mode ref, Ref Stage 48, run, start, 9848925488343377
1787729859.650306, NoOp Chain Depth 64 Size 0 Mode ref, Ref Stage 48, run, end, 9848925488365777
1787729859.650322, NoOp Chain Depth 64 Size 0 Mode ref, Ref Stage 49, run, start, 9848925488381201
1787729859.650344, NoOp Chain Depth 64 Size 0 Mode ref, Ref Stage 49, run, end, 9848925488403216
1787729859.650359, NoOp Chain Depth 64 Size 0 Mode ref, Ref Stage 50, run, start, 9848925488418608
1787729859.650381, NoOp Chain Depth 64 Size 0 Mode ref, Ref Stage 50, run, end, 9848925488440512
1787729859.650396, NoOp Chain Depth 64 Size 0 Mode ref, Ref Stage 51, run, start, 9848925488455872
1787729859.650420, NoOp Chain Depth 64 Size 0 Mode ref, Ref Stage 51, run, end, 9848925488479648
1787729859.650432, NoOp Chain Depth 64 Size 0 Mode ref, Ref Stage 52, run, start, 9848925488491456
1787729859.650465, NoOp Chain Depth 64 Size 0 Mode ref, Ref Stage 52, run, end, 9848925488523968
1787729859.650480, NoOp Chain Depth 64 Size 0 Mode ref, Ref Stage 53, run, start, 9848925488539152
1787729859.650502, NoOp Chain Depth 64 Size 0 Mode ref, Ref Stage 53, run, end, 9848925488560848
1787729859.650518, NoOp Chain Depth 64 Size 0 Mode ref, Ref Stage 54, run, start, 9848925488577664
1787729859.650543, NoOp Chain Depth 64 Size 0 Mode ref, Ref Stage 54, run, end, 9848925488602688
1787729859.650555, NoOp Chain Depth 64 Size 0 Mode ref, Ref Stage 55, run, start, 9848925488614832
1787729859.650697, NoOp Chain Depth 64 Size 0 Mode ref, Ref Stage 55, run, end, 9848925488756560
1787729859.650712, NoOp Chain Depth 64 Size 0 Mode ref, Ref Stage 56, run, start, 9848925488771584
1787729859.650734, NoOp Chain Depth 64 Size 0 Mode ref, Ref Stage 56, run, end, 9848925488793648
1787729859.650750, NoOp Chain Depth 64 Size 0 Mode ref, Ref Stage 57, run, start, 9848925488809008
1787729859.650771, NoOp Chain Depth 64 Size 0 Mode ref, Ref Stage 57, run, end, 9848925488830704
1787729859.650787, NoOp Chain Depth 64 Size 0 Mode ref, Ref Stage 58, run, start, 9848925488845968
1787729859.650812, NoOp Chain Depth 64 Size 0 Mode ref, Ref Stage 58, run, end, 9848925488871200
1787729859.650829, NoOp Chain Depth 64 Size 0 Mode ref, Ref Stage 59, run, start, 9848925488888128
1787729859.650851, NoOp Chain Depth 64 Size 0 Mode ref, Ref Stage 59, run, end, 9848925488909888
1787729859.650975, NoOp Chain Depth 64 Size 0 Mode ref, Ref Stage 60, run, start, 9848925489034304
1787729859.650998, NoOp Chain Depth 64 Size 0 Mode ref, Ref Stage 60, run, end, 9848925489057520
1787729859.651014, NoOp Chain Depth 64 Size 0 Mode ref, Ref Stage 61, run, start, 9848925489072944
1787729859.651036, NoOp Chain Depth 64 Size 0 Mode ref, Ref Stage 61, run, end, 9848925489095088
1787729859.651051, NoOp Chain Depth 64 Size 0 Mode ref, Ref Stage 62, run, start, 9848925489110288
1787729859.651074, NoOp Chain Depth 64 Size 0 Mode ref, Ref Stage 62, run, end, 9848925489133728
1787729859.651086, NoOp Chain Depth 64 Size 0 Mode ref, Ref Stage 63, run, start, 9848925489145888
1787729859.651120, NoOp Chain Depth 64 Size 0 Mode ref, Ref Stage 63, run, end, 9848925489179584
1787729859.651133, NoOp Chain Depth 64 Size 0 Mode ref, pipeline - train, run, end, 227500558574621423988314320156616917572, 1787729859.647403, 71, 1, 9848925489192464
1787729859.651183, NoOp Chain Depth 64 Size 0 Mode ref, pipeline - train, run, start, 243699978190693405579544634636087349584, 1787729859.651169, 72, 1, 9848925489242336
1787729859.651315, NoOp Chain Depth 64 Size 0 Mode ref, Ref Stage 0, run, start, 9848925489374224
1787729859.651338, NoOp Chain Depth 64 Size 0 Mode ref, Ref Stage 0, run, end, 9848925489397072
1787729859.651354, NoOp Chain Depth 64 Size 0 Mode ref, Ref Stage 1, run, start, 9848925489413648
1787729859.651377, NoOp Chain Depth 64 Size 0 Mode ref, Ref Stage 1, run, end, 9848925489436096
1787729859.651392, NoOp Chain Depth 64 Size 0 Mode ref, Ref Stage 2, run, start, 9848925489451424
1787729859.651414, NoOp Chain Depth 64 Size 0 Mode ref, Ref Stage 2, run, end, 9848925489473600
1787729859.651430, NoOp Chain Depth 64 Size 0 Mode ref, Ref Stage 3, run, start, 9848925489489200
1787729859.651452, NoOp Chain Depth 64 Size 0 Mode ref, Ref Stage 3, run, end, 9848925489510960
1787729859.651467, NoOp Chain Depth 64 Size 0 Mode ref, Ref Stage 4, run, start, 9848925489526352
1787729859.651489, NoOp Chain Depth 64 Size 0 Mode ref, Ref Stage 4, run, end, 9848925489548384
1787729859.651505, NoOp Chain Depth 64 Size 0 Mode ref, Ref Stage 5, run, start, 9848925489564032
1787729859.651527, NoOp Chain Depth 64 Size 0 Mode ref, Ref Stage 5, run, end, 9848925489585936
1787729859.651648, NoOp Chain Depth 64 Size 0 Mode ref, Ref Stage 6, run, start, 9848925489707424
1787729859.651671, NoOp Chain Depth 64 Size 0 Mode ref, Ref Stage 6, run, end, 9848925489729968
1787729859.651686, NoOp Chain Depth 64 Size 0 Mode ref, Ref Stage 7, run, start, 9848925489745696
1787729859.651709, NoOp Chain Depth 64 Size 0 Mode ref, Ref Stage 7, run, end, 9848925489768320
1787729859.651724, NoOp Chain Depth 64 Size 0 Mode ref, Ref Stage 8, run, start, 9848925489783584
1787729859.651746, NoOp Chain Depth 64 Size 0 Mode ref, Ref Stage 8, run, end, 9848925489805232
1787729859.651761, NoOp Chain Depth 64 Size 0 Mode ref, Ref Stage 9, run, start, 9848925489820592
1787729859.651783, NoOp Chain Depth 64 Size 0 Mode ref, Ref Stage 9, run, end, 9848925489842224
1787729859.651798, NoOp Chain Depth 64 Size 0 Mode ref, Ref Stage 10, run, start, 9848925489857696
1787729859.651820, NoOp Chain Depth 64 Size 0 Mode ref, Ref Stage 10, run, end, 9848925489879232
1787729859.651835, NoOp Chain Depth 64 Size 0 Mode ref, Ref Stage 11, run, start, 9848925489894192
1787729859.651858, NoOp Chain Depth 64 Size 0 Mode ref, Ref Stage 11, run, end, 9848925489917840
1787729859.651875, NoOp Chain Depth 64 Size 0 Mode ref, Ref Stage 12, run, start, 9848925489934032
1787729859.651902, NoOp Chain Depth 64 Size 0 Mode ref, Ref Stage 12, run, end, 9848925489961216
1787729859.651915, NoOp Chain Depth 64 Size 0 Mode ref, Ref Stage 13, run, start, 9848925489973872
1787729859.652055, NoOp Chain Depth 64 Size 0 Mode ref, Ref Stage 13, run, end, 9848925490114464
1787729859.652071, NoOp Chain Depth 64 Size 0 Mode ref, Ref Stage 14, run, start, 9848925490129968
1787729859.652094, NoOp Chain Depth 64 Size 0 Mode ref, Ref Stage 14, run, end, 9848925490154000
1787729859.652107, NoOp Chain Depth 64 Size 0 Mode ref, Ref Stage 15, run, start, 9848925490165920
1787729859.652141, NoOp Chain Depth 64 Size 0 Mode ref, Ref Stage 15, run, end, 9848925490200432
1787729859.652153, NoOp Chain Depth 64 Size 0 Mode ref, Ref Stage 16, run, start, 9848925490212304
1787729859.652188, NoOp Chain Depth 64 Size 0 Mode ref, Ref Stage 16, run, end, 9848925490247055
1787729859.652309, NoOp Chain Depth 64 Size 0 Mode ref, Ref Stage 17, run, start, 9848925490368975
1787729859.652333, NoOp Chain Depth 64 Size 0 Mode ref, Ref Stage 17, run, end, 9848925490391919
1787729859.652348, NoOp Chain Depth 64 Size 0 Mode ref, Ref Stage 18, run, start, 9848925490407407
1787729859.652372, NoOp Chain Depth 64 Size 0 Mode ref, Ref Stage 18, run, end, 9848925490431023
1787729859.652384, NoOp Chain Depth 64 Size 0 Mode ref, Ref Stage 19, run, start, 9848925490443055
1787729859.652419, NoOp Chain Depth 64 Size 0 Mode ref, Ref Stage 19, run, end, 9848925490477919
1787729859.652435, NoOp Chain Depth 64 Size 0 Mode ref, Ref Stage 20, run, start, 9848925490494495
1787729859.652457, NoOp Chain Depth 64 Size 0 Mode ref, Ref Stage 20, run, end, 9848925490516335
1787729859.652473, NoOp Chain Depth 64 Size 0 Mode ref, Ref Stage 21, run, start, 9848925490532831
1787729859.652496, NoOp Chain Depth 64 Size 0 Mode ref, Ref Stage 21, run, end, 9848925490554767
1787729859.652510, NoOp Chain Depth 64 Size 0 Mode ref, Ref Stage 22, run, start, 9848925490569807
1787729859.652533, NoOp Chain Depth 64 Size 0 Mode ref, Ref Stage 22, run, end, 9848925490591775
1787729859.652548, NoOp Chain Depth 64 Size 0 Mode ref, Ref Stage 23, run, start, 9848925490607359
1787729859.652571, NoOp Chain Depth 64 Size 0 Mode ref, Ref Stage 23, run, end, 9848925490630223
1787729859.652692, NoOp Chain Depth 64 Size 0 Mode ref, Ref Stage 24, run, start, 9848925490751151
1787729859.652714, NoOp Chain Depth 64 Size 0 Mode ref, Ref Stage 24, run, end, 9848925490773871
1787729859.652730, NoOp Chain Depth 64 Size 0 Mode ref, Ref Stage 25, run, start, 9848925490789423
1787729859.652752, NoOp Chain Depth 64 Size 0 Mode ref, Ref Stage 25, run, end, 9848925490811311
1787729859.652767, NoOp Chain Depth 64 Size 0 Mode ref, Ref Stage 26, run, start, 9848925490826479
1787729859.652789, NoOp Chain Depth 64 Size 0 Mode ref, Ref Stage 26, run, end, 9848925490848575
1787729859.652804, NoOp Chain Depth 64 Size 0 Mode ref, Ref Stage 27, run, start, 9848925490863711
1787729859.652826, NoOp Chain Depth 64 Size 0 Mode ref, Ref Stage 27, run, end, 9848925490885439
1787729859.652842, NoOp Chain Depth 64 Size 0 Mode ref, Ref Stage 28, run, start, 9848925490901215
1787729859.652864, NoOp Chain Depth 64 Size 0 Mode ref, Ref Stage 28, run, end, 9848925490923471
1787729859.652987, NoOp Chain Depth 64 Size 0 Mode ref, Ref Stage 29, run, start, 9848925491046207
1787729859.653010, NoOp Chain Depth 64 Size 0 Mode ref, Ref Stage 29, run, end, 9848925491069279
1787729859.653025, NoOp Chain Depth 64 Size 0 Mode ref, Ref Stage 30, run, start, 9848925491084751
1787729859.653048, NoOp Chain Depth 64 Size 0 Mode ref, Ref Stage 30, run, end, 9848925491107087
1787729859.653063, NoOp Chain Depth 64 Size 0 Mode ref, Ref Stage 31, run, start, 9848925491122431
1787729859.653085, NoOp Chain Depth 64 Size 0 Mode ref, Ref Stage 31, run, end, 9848925491144543
1787729859.653100, NoOp Chain Depth 64 Size 0 Mode ref, Ref Stage 32, run, start, 9848925491160031
1787729859.653123, NoOp Chain Depth 64 Size 0 Mode ref, Ref Stage 32, run, end, 9848925491182271
1787729859.653138, NoOp Chain Depth 64 Size 0 Mode ref, Ref Stage 33, run, start, 9848925491197695
1787729859.653160, NoOp Chain Depth 64 Size 0 Mode ref, Ref Stage 33, run, end, 9848925491219295
1787729859.653175, NoOp Chain Depth 64 Size 0 Mode ref, Ref Stage 34, run, start, 9848925491234671
1787729859.653197, NoOp Chain Depth 64 Size 0 Mode ref, Ref Stage 34, run, end, 9848925491256815
1787729859.653213, NoOp Chain Depth 64 Size 0 Mode ref, Ref Stage 35, run, start, 9848925491272671
1787729859.653235, NoOp Chain Depth 64 Size 0 Mode ref, Ref Stage 35, run, end, 9848925491294447
1787729859.653356, NoOp Chain Depth 64 Size 0 Mode ref, Ref Stage 36, run, start, 9848925491415263
1787729859.653378, NoOp Chain Depth 64 Size 0 Mode ref, Ref Stage 36, run, end, 9848925491437727
1787729859.653394, NoOp Chain Depth 64 Size 0 Mode ref, Ref Stage 37, run, start, 9848925491452943
1787729859.653416, NoOp Chain Depth 64 Size 0 Mode ref, Ref Stage 37, run, end, 9848925491474975
1787729859.653431, NoOp Chain Depth 64 Size 0 Mode ref, Ref Stage 38, run, start, 9848925491490191
1787729859.653454, NoOp Chain Depth 64 Size 0 Mode ref, Ref Stage 38, run, end, 9848925491513551
1787729859.653466, NoOp Chain Depth 64 Size 0 Mode ref, Ref Stage 39, run, start, 9848925491525647
1787729859.653500, NoOp Chain Depth 64 Size 0 Mode ref, Ref Stage 39, run, end, 9848925491559071
1787729859.653515, NoOp Chain Depth 64 Size 0 Mode ref, Ref Stage 40, run, start, 9848925491574671
1787729859.653537, NoOp Chain Depth 64 Size 0 Mode ref, Ref Stage 40, run, end, 9848925491596527
1787729859.653659, NoOp Chain Depth 64 Size 0 Mode ref, Ref Stage 41, run, start, 9848925491718767
1787729859.653683, NoOp Chain Depth 64 Size 0 Mode ref, Ref Stage 41, run, end, 9848925491742879
1787729859.653698, NoOp Chain Depth 64 Size 0 Mode ref, Ref Stage 42, run, start, 9848925491757951
1787729859.653722, NoOp Chain Depth 64 Size 0 Mode ref, Ref Stage 42, run, end, 9848925491781327
1787729859.653734, NoOp Chain Depth 64 Size 0 Mode ref, Ref Stage 43, run, start, 9848925491793391
1787729859.653769, NoOp Chain Depth 64 Size 0 Mode ref, Ref Stage 43, run, end, 9848925491828303
1787729859.653781, NoOp Chain Depth 64 Size 0 Mode ref, Ref Stage 44, run, start, 9848925491840095
1787729859.653813, NoOp Chain Depth 64 Size 0 Mode ref, Ref Stage 44, run, end, 9848925491872367
1787729859.653829, NoOp Chain Depth 64 Size 0 Mode ref, Ref Stage 45, run, start, 9848925491888447
1787729859.653851, NoOp Chain Depth 64 Size 0 Mode ref, Ref Stage 45, run, end, 9848925491910255
1787729859.653867, NoOp Chain Depth 64 Size 0 Mode ref, Ref Stage 46, run, start, 9848925491926127
1787729859.653890, NoOp Chain Depth 64 Size 0 Mode ref, Ref Stage 46, run, end, 9848925491949631
1787729859.654015, NoOp Chain Depth 64 Size 0 Mode ref, Ref Stage 47, run, start, 9848925492074287
1787729859.654038, NoOp Chain Depth 64 Size 0 Mode ref, Ref Stage 47, run, end, 9848925492097071
1787729859.654053, NoOp Chain Depth 64 Size 0 Mode ref, Ref Stage 48, run, start, 9848925492112543
1787729859.654075, NoOp Chain Depth 64 Size 0 Mode ref, Ref Stage 48, run, end, 9848925492134543
1787729859.654090, NoOp Chain Depth 64 Size 0 Mode ref, Ref Stage 49, run, start, 9848925492149759
1787729859.654112, NoOp Chain Depth 64 Size 0 Mode ref, Ref Stage 49, run, end, 9848925492171647
1787729859.654127, NoOp Chain Depth 64 Size 0 Mode ref, Ref Stage 50, run, start, 9848925492186719
1787729859.654151, NoOp Chain Depth 64 Size 0 Mode ref, Ref Stage 50, run, end, 9848925492210399
1787729859.654165, NoOp Chain Depth 64 Size 0 Mode ref, Ref Stage 51, run, start, 9848925492224287
1787729859.654296, NoOp Chain Depth 64 Size 0 Mode ref, Ref Stage 51, run, end, 9848925492355214
1787729859.654311, NoOp Chain Depth 64 Size 0 Mode ref, Ref Stage 52, run, start, 9848925492370270
1787729859.654333, NoOp Chain Depth 64 Size 0 Mode ref, Ref Stage 52, run, end, 9848925492392126
1787729859.654348, NoOp Chain Depth 64 Size 0 Mode ref, Ref Stage 53, run, start, 9848925492407246
1787729859.654371, NoOp Chain Depth 64 Size 0 Mode ref, Ref Stage 53, run, end, 9848925492430718
1787729859.654383, NoOp Chain Depth 64 Size 0 Mode ref, Ref Stage 54, run, start, 9848925492442814
1787729859.654418, NoOp Chain Depth 64 Size 0 Mode ref, Ref Stage 54, run, end, 9848925492477486
1787729859.654430, NoOp Chain Depth 64 Size 0 Mode ref, Ref Stage 55, run, start, 9848925492489470
1787729859.654463, NoOp Chain Depth 64 Size 0 Mode ref, Ref Stage 55, run, end, 9848925492521886
1787729859.654478, NoOp Chain Depth 64 Size 0 Mode ref, Ref Stage 56, run, start, 9848925492537102
1787729859.654500, NoOp Chain Depth 64 Size 0 Mode ref, Ref Stage 56, run, end, 9848925492559054
1787729859.654516, NoOp Chain Depth 64 Size 0 Mode ref, Ref Stage 57, run, start, 9848925492575390
1787729859.654538, NoOp Chain Depth 64 Size 0 Mode ref, Ref Stage 57, run, end, 9848925492597454
1787729859.654664, NoOp Chain Depth 64 Size 0 Mode ref, Ref Stage 58, run, start, 9848925492723374
1787729859.654687, NoOp Chain Depth 64 Size 0 Mode ref, Ref Stage 58, run, end, 9848925492746126
1787729859.654702, NoOp Chain Depth 64 Size 0 Mode ref, Ref Stage 59, run, start, 9848925492761406
1787729859.654725, NoOp Chain Depth 64 Size 0 Mode ref, Ref Stage 59, run, end, 9848925492784798
1787729859.654737, NoOp Chain Depth 64 Size 0 Mode ref, Ref Stage 60, run, start, 9848925492796766
1787729859.654770, NoOp Chain Depth 64 Size 0 Mode ref, Ref Stage 60, run, end, 9848925492829726
1787729859.654786, NoOp Chain Depth 64 Size 0 Mode ref, Ref Stage 61, run, start, 9848925492844782
1787729859.654808, NoOp Chain Depth 64 Size 0 Mode ref, Ref Stage 61, run, end, 9848925492867022
1787729859.654824, NoOp Chain Depth 64 Size 0 Mode ref, Ref Stage 62, run, start, 9848925492883566
1787729859.654849, NoOp Chain Depth 64 Size 0 Mode ref, Ref Stage 62, run, end, 9848925492908526
1787729859.654976, NoOp Chain Depth 64 Size 0 Mode ref, Ref Stage 63, run, start, 9848925493035518
1787729859.654999, NoOp Chain Depth 64 Size 0 Mode ref, Ref Stage 63, run, end, 9848925493057774
1787729859.655014, NoOp Chain Depth 64 Size 0 Mode ref, pipeline - train, run, end, 243699978190693405579544634636087349584, 1787729859.651169, 72, 1, 9848925493073262
1787729859.655051, NoOp Chain Depth 64 Size 0 Mode ref, pipeline - train, run, start, 239182939170313249389732676456706000489, 1787729859.655042, 73, 1, 9848925493111006
1787729859.655075, NoOp Chain Depth 64 Size 0 Mode ref, Ref Stage 0, run, start, 9848925493134062
1787729859.655097, NoOp Chain Depth 64 Size 0 Mode ref, Ref Stage 0, run, end, 9848925493156126
1787729859.655114, NoOp Chain Depth 64 Size 0 Mode ref, Ref Stage 1, run, start, 9848925493173086
1787729859.655137, NoOp Chain Depth 64 Size 0 Mode ref, Ref Stage 1, run, end, 9848925493196734
1787729859.655149, NoOp Chain Depth 64 Size 0 Mode ref, Ref Stage 2, run, start, 9848925493208702
1787729859.655182, NoOp Chain Depth 64 Size 0 Mode ref, Ref Stage 2, run, end, 9848925493241566
1787729859.655199, NoOp Chain Depth 64 Size 0 Mode ref, Ref Stage 3, run, start, 9848925493258702
1787729859.655221, NoOp Chain Depth 64 Size 0 Mode ref, Ref Stage 3, run, end, 9848925493280942
1787729859.655349, NoOp Chain Depth 64 Size 0 Mode ref, Ref Stage 4, run, start, 9848925493408638
1787729859.655372, NoOp Chain Depth 64 Size 0 Mode ref, Ref Stage 4, run, end, 9848925493431198
1787729859.655387, NoOp Chain Depth 64 Size 0 Mode ref, Ref Stage 5, run, start, 9848925493446718
1787729859.655409, NoOp Chain Depth 64 Size 0 Mode ref, Ref Stage 5, run, end, 9848925493468558
1787729859.655424, NoOp Chain Depth 64 Size 0 Mode ref, Ref Stage 6, run, start, 9848925493483534
1787729859.655447, NoOp Chain Depth 64 Size 0 Mode ref, Ref Stage 6, run, end, 9848925493506830
1787729859.655460, NoOp Chain Depth 64 Size 0 Mode ref, Ref Stage 7, run, start, 9848925493519134
1787729859.655492, NoOp Chain Depth 64 Size 0 Mode ref, Ref Stage 7, run, end, 9848925493551806
1787729859.655509, NoOp Chain Depth 64 Size 0 Mode ref, Ref Stage 8, run, start, 9848925493567886
1787729859.655530, NoOp Chain Depth 64 Size 0 Mode ref, Ref Stage 8, run, end, 9848925493589486
1787729859.655650, NoOp Chain Depth 64 Size 0 Mode ref, Ref Stage 9, run, start, 9848925493709374
1787729859.655672, NoOp Chain Depth 64 Size 0 Mode ref, Ref Stage 9, run, end, 9848925493731726
1787729859.655687, NoOp Chain Depth 64 Size 0 Mode ref, Ref Stage 10, run, start, 9848925493746782
1787729859.655710, NoOp Chain Depth 64 Size 0 Mode ref, Ref Stage 10, run, end, 9848925493768830
1787729859.655724, NoOp Chain Depth 64 Size 0 Mode ref, Ref Stage 11, run, start, 9848925493783694
1787729859.655748, NoOp Chain Depth 64 Size 0 Mode ref, Ref Stage 11, run, end, 9848925493807262
1787729859.655760, NoOp Chain Depth 64 Size 0 Mode ref, Ref Stage 12, run, start, 9848925493819358
1787729859.655792, NoOp Chain Depth 64 Size 0 Mode ref, Ref Stage 12, run, end, 9848925493851662
1787729859.655807, NoOp Chain Depth 64 Size 0 Mode ref, Ref Stage 13, run, start, 9848925493866766
1787729859.655829, NoOp Chain Depth 64 Size 0 Mode ref, Ref Stage 13, run, end, 9848925493888718
1787729859.655845, NoOp Chain Depth 64 Size 0 Mode ref, Ref Stage 14, run, start, 9848925493904814
1787729859.655869, NoOp Chain Depth 64 Size 0 Mode ref, Ref Stage 14, run, end, 9848925493928318
1787729859.655887, NoOp Chain Depth 64 Size 0 Mode ref, Ref Stage 15, run, start, 9848925493946110
1787729859.655909, NoOp Chain Depth 64 Size 0 Mode ref, Ref Stage 15, run, end, 9848925493968414
1787729859.655925, NoOp Chain Depth 64 Size 0 Mode ref, Ref Stage 16, run, start, 9848925493983742
1787729859.655949, NoOp Chain Depth 64 Size 0 Mode ref, Ref Stage 16, run, end, 9848925494008574
1787729859.655961, NoOp Chain Depth 64 Size 0 Mode ref, Ref Stage 17, run, start, 9848925494020750
1787729859.655996, NoOp Chain Depth 64 Size 0 Mode ref, Ref Stage 17, run, end, 9848925494055070
1787729859.656013, NoOp Chain Depth 64 Size 0 Mode ref, Ref Stage 18, run, start, 9848925494072318
1787729859.656036, NoOp Chain Depth 64 Size 0 Mode ref, Ref Stage 18, run, end, 9848925494095662
1787729859.656160, NoOp Chain Depth 64 Size 0 Mode ref, Ref Stage 19, run, start, 9848925494219853
1787729859.656183, NoOp Chain Depth 64 Size 0 Mode ref, Ref Stage 19, run, end, 9848925494242365
1787729859.656199, NoOp Chain Depth 64 Size 0 Mode ref, Ref Stage 20, run, start, 9848925494257853
1787729859.656220, NoOp Chain Depth 64 Size 0 Mode ref, Ref Stage 20, run, end, 9848925494279597
1787729859.656235, NoOp Chain Depth 64 Size 0 Mode ref, Ref Stage 21, run, start, 9848925494294477
1787729859.656257, NoOp Chain Depth 64 Size 0 Mode ref, Ref Stage 21, run, end, 9848925494316253
1787729859.656272, NoOp Chain Depth 64 Size 0 Mode ref, Ref Stage 22, run, start, 9848925494331645
1787729859.656294, NoOp Chain Depth 64 Size 0 Mode ref, Ref Stage 22, run, end, 9848925494353277
1787729859.656309, NoOp Chain Depth 64 Size 0 Mode ref, Ref Stage 23, run, start, 9848925494368205
1787729859.656334, NoOp Chain Depth 64 Size 0 Mode ref, Ref Stage 23, run, end, 9848925494393149
1787729859.656346, NoOp Chain Depth 64 Size 0 Mode ref, Ref Stage 24, run, start, 9848925494404941
1787729859.656482, NoOp Chain Depth 64 Size 0 Mode ref, Ref Stage 24, run, end, 9848925494541421
1787729859.656497, NoOp Chain Depth 64 Size 0 Mode ref, Ref Stage 25, run, start, 9848925494556893
1787729859.656520, NoOp Chain Depth 64 Size 0 Mode ref, Ref Stage 25, run, end, 9848925494579069
1787729859.656535, NoOp Chain Depth 64 Size 0 Mode ref, Ref Stage 26, run, start, 9848925494594301
1787729859.656557, NoOp Chain Depth 64 Size 0 Mode ref, Ref Stage 26, run, end, 9848925494616237
1787729859.656572, NoOp Chain Depth 64 Size 0 Mode ref, Ref Stage 27, run, start, 9848925494631293
1787729859.656594, NoOp Chain Depth 64 Size 0 Mode ref, Ref Stage 27, run, end, 9848925494652909
1787729859.656609, NoOp Chain Depth 64 Size 0 Mode ref, Ref Stage 28, run, start, 9848925494667901
1787729859.656631, NoOp Chain Depth 64 Size 0 Mode ref, Ref Stage 28, run, end, 9848925494689837
1787729859.656646, NoOp Chain Depth 64 Size 0 Mode ref, Ref Stage 29, run, start, 9848925494705101
1787729859.656669, NoOp Chain Depth 64 Size 0 Mode ref, Ref Stage 29, run, end, 9848925494728685
1787729859.656682, NoOp Chain Depth 64 Size 0 Mode ref, Ref Stage 30, run, start, 9848925494741101
1787729859.656822, NoOp Chain Depth 64 Size 0 Mode ref, Ref Stage 30, run, end, 9848925494881677
1787729859.656838, NoOp Chain Depth 64 Size 0 Mode ref, Ref Stage 31, run, start, 9848925494897085
1787729859.656860, NoOp Chain Depth 64 Size 0 Mode ref, Ref Stage 31, run, end, 9848925494919117
1787729859.656875, NoOp Chain Depth 64 Size 0 Mode ref, Ref Stage 32, run, start, 9848925494934701
1787729859.656897, NoOp Chain Depth 64 Size 0 Mode ref, Ref Stage 32, run, end, 9848925494956493
1787729859.656912, NoOp Chain Depth 64 Size 0 Mode ref, Ref Stage 33, run, start, 9848925494971757
1787729859.656934, NoOp Chain Depth 64 Size 0 Mode ref, Ref Stage 33, run, end, 9848925494993581
1787729859.656951, NoOp Chain Depth 64 Size 0 Mode ref, Ref Stage 34, run, start, 9848925495010125
1787729859.656974, NoOp Chain Depth 64 Size 0 Mode ref, Ref Stage 34, run, end, 9848925495032925
1787729859.656989, NoOp Chain Depth 64 Size 0 Mode ref, Ref Stage 35, run, start, 9848925495048429
1787729859.657014, NoOp Chain Depth 64 Size 0 Mode ref, Ref Stage 35, run, end, 9848925495073373
1787729859.657026, NoOp Chain Depth 64 Size 0 Mode ref, Ref Stage 36, run, start, 9848925495085357
1787729859.657163, NoOp Chain Depth 64 Size 0 Mode ref, Ref Stage 36, run, end, 9848925495222221
1787729859.657178, NoOp Chain Depth 64 Size 0 Mode ref, Ref Stage 37, run, start, 9848925495237613
1787729859.657200, NoOp Chain Depth 64 Size 0 Mode ref, Ref Stage 37, run, end, 9848925495259581
1787729859.657216, NoOp Chain Depth 64 Size 0 Mode ref, Ref Stage 38, run, start, 9848925495274957
1787729859.657238, NoOp Chain Depth 64 Size 0 Mode ref, Ref Stage 38, run, end, 9848925495297053
1787729859.657256, NoOp Chain Depth 64 Size 0 Mode ref, Ref Stage 39, run, start, 9848925495314989
1787729859.657278, NoOp Chain Depth 64 Size 0 Mode ref, Ref Stage 39, run, end, 9848925495336973
1787729859.657293, NoOp Chain Depth 64 Size 0 Mode ref, Ref Stage 40, run, start, 9848925495352301
1787729859.657317, NoOp Chain Depth 64 Size 0 Mode ref, Ref Stage 40, run, end, 9848925495375821
1787729859.657328, NoOp Chain Depth 64 Size 0 Mode ref, Ref Stage 41, run, start, 9848925495387661
1787729859.657361, NoOp Chain Depth 64 Size 0 Mode ref, Ref Stage 41, run, end, 9848925495421389
1787729859.657484, NoOp Chain Depth 64 Size 0 Mode ref, Ref Stage 42, run, start, 9848925495543517
1787729859.657506, NoOp Chain Depth 64 Size 0 Mode ref, Ref Stage 42, run, end, 9848925495565901
1787729859.657522, NoOp Chain Depth 64 Size 0 Mode ref, Ref Stage 43, run, start, 9848925495581325
1787729859.657544, NoOp Chain Depth 64 Size 0 Mode ref, Ref Stage 43, run, end, 9848925495602989
1787729859.657559, NoOp Chain Depth 64 Size 0 Mode ref, Ref Stage 44, run, start, 9848925495618093
1787729859.657581, NoOp Chain Depth 64 Size 0 Mode ref, Ref Stage 44, run, end, 9848925495640029
1787729859.657596, NoOp Chain Depth 64 Size 0 Mode ref, Ref Stage 45, run, start, 9848925495655197
1787729859.657618, NoOp Chain Depth 64 Size 0 Mode ref, Ref Stage 45, run, end, 9848925495677021
1787729859.657633, NoOp Chain Depth 64 Size 0 Mode ref, Ref Stage 46, run, start, 9848925495692189
1787729859.657658, NoOp Chain Depth 64 Size 0 Mode ref, Ref Stage 46, run, end, 9848925495717405
1787729859.657670, NoOp Chain Depth 64 Size 0 Mode ref, Ref Stage 47, run, start, 9848925495729405
1787729859.657806, NoOp Chain Depth 64 Size 0 Mode ref, Ref Stage 47, run, end, 9848925495865261
1787729859.657821, NoOp Chain Depth 64 Size 0 Mode ref, Ref Stage 48, run, start, 9848925495880429
1787729859.657845, NoOp Chain Depth 64 Size 0 Mode ref, Ref Stage 48, run, end, 9848925495904509
1787729859.657861, NoOp Chain Depth 64 Size 0 Mode ref, Ref Stage 49, run, start, 9848925495920813
1787729859.657885, NoOp Chain Depth 64 Size 0 Mode ref, Ref Stage 49, run, end, 9848925495944285
1787729859.657897, NoOp Chain Depth 64 Size 0 Mode ref, Ref Stage 50, run, start, 9848925495956173
1787729859.657929, NoOp Chain Depth 64 Size 0 Mode ref, Ref Stage 50, run, end, 9848925495988477
1787729859.657946, NoOp Chain Depth 64 Size 0 Mode ref, Ref Stage 51, run, start, 9848925496004989
1787729859.657968, NoOp Chain Depth 64 Size 0 Mode ref, Ref Stage 51, run, end, 9848925496027501
1787729859.657984, NoOp Chain Depth 64 Size 0 Mode ref, Ref Stage 52, run, start, 9848925496043644
1787729859.658006, NoOp Chain Depth 64 Size 0 Mode ref, Ref Stage 52, run, end, 9848925496065324
1787729859.658021, NoOp Chain Depth 64 Size 0 Mode ref, Ref Stage 53, run, start, 9848925496080700
1787729859.658047, NoOp Chain Depth 64 Size 0 Mode ref, Ref Stage 53, run, end, 9848925496106332
1787729859.658059, NoOp Chain Depth 64 Size 0 Mode ref, Ref Stage 54, run, start, 9848925496118652
1787729859.658197, NoOp Chain Depth 64 Size 0 Mode ref, Ref Stage 54, run, end, 9848925496257004
1787729859.658213, NoOp Chain Depth 64 Size 0 Mode ref, Ref Stage 55, run, start, 9848925496272252
1787729859.658235, NoOp Chain Depth 64 Size 0 Mode ref, Ref Stage 55, run, end, 9848925496294108
1787729859.658250, NoOp Chain Depth 64 Size 0 Mode ref, Ref Stage 56, run, start, 9848925496309340
1787729859.658272, NoOp Chain Depth 64 Size 0 Mode ref, Ref Stage 56, run, end, 9848925496331308
1787729859.658287, NoOp Chain Depth 64 Size 0 Mode ref, Ref Stage 57, run, start, 9848925496346764
1787729859.658311, NoOp Chain Depth 64 Size 0 Mode ref, Ref Stage 57, run, end, 9848925496369948
1787729859.658324, NoOp Chain Depth 64 Size 0 Mode ref, Ref Stage 58, run, start, 9848925496383868
1787729859.658459, NoOp Chain Depth 64 Size 0 Mode ref, Ref Stage 58, run, end, 9848925496518684
1787729859.658474, NoOp Chain Depth 64 Size 0 Mode ref, Ref Stage 59, run, start, 9848925496533964
1787729859.658498, NoOp Chain Depth 64 Size 0 Mode ref, Ref Stage 59, run, end, 9848925496557180
1787729859.658513, NoOp Chain Depth 64 Size 0 Mode ref, Ref Stage 60, run, start, 9848925496572028
1787729859.658535, NoOp Chain Depth 64 Size 0 Mode ref, Ref Stage 60, run, end, 9848925496593884
1787729859.658550, NoOp Chain Depth 64 Size 0 Mode ref, Ref Stage 61, run, start, 9848925496609292
1787729859.658572, NoOp Chain Depth 64 Size 0 Mode ref, Ref Stage 61, run, end, 9848925496630956
1787729859.658587, NoOp Chain Depth 64 Size 0 Mode ref, Ref Stage 62, run, start, 9848925496646108
1787729859.658610, NoOp Chain Depth 64 Size 0 Mode ref, Ref Stage 62, run, end, 9848925496669532
1787729859.658623, NoOp Chain Depth 64 Size 0 Mode ref, Ref Stage 63, run, start, 9848925496681756
1787729859.658654, NoOp Chain Depth 64 Size 0 Mode ref, Ref Stage 63, run, end, 9848925496713788
1787729859.658670, NoOp Chain Depth 64 Size 0 Mode ref, pipeline - train, run, end, 239182939170313249389732676456706000489, 1787729859.655042, 73, 1, 9848925496729516
1787729859.658817, NoOp Chain Depth 64 Size 0 Mode ref, pipeline - train, run, start, 198779654946061106348499635050425743893, 1787729859.658704, 74, 1, 9848925496876892
1787729859.658841, NoOp Chain Depth 64 Size 0 Mode ref, Ref Stage 0, run, start, 9848925496900460
1787729859.658864, NoOp Chain Depth 64 Size 0 Mode ref, Ref Stage 0, run, end, 9848925496923180
1787729859.658879, NoOp Chain Depth 64 Size 0 Mode ref, Ref Stage 1, run, start, 9848925496938684
1787729859.658902, NoOp Chain Depth 64 Size 0 Mode ref, Ref Stage 1, run, end, 9848925496960988
1787729859.658917, NoOp Chain Depth 64 Size 0 Mode ref, Ref Stage 2, run, start, 9848925496976668
1787729859.658939, NoOp Chain Depth 64 Size 0 Mode ref, Ref Stage 2, run, end, 9848925496998748
1787729859.658957, NoOp Chain Depth 64 Size 0 Mode ref, Ref Stage 3, run, start, 9848925497016092
1787729859.658983, NoOp Chain Depth 64 Size 0 Mode ref, Ref Stage 3, run, end, 9848925497042092
1787729859.658995, NoOp Chain Depth 64 Size 0 Mode ref, Ref Stage 4, run, start, 9848925497053948
1787729859.659133, NoOp Chain Depth 64 Size 0 Mode ref, Ref Stage 4, run, end, 9848925497192268
1787729859.659149, NoOp Chain Depth 64 Size 0 Mode ref, Ref Stage 5, run, start, 9848925497208076
1787729859.659171, NoOp Chain Depth 64 Size 0 Mode ref, Ref Stage 5, run, end, 9848925497229788
1787729859.659185, NoOp Chain Depth 64 Size 0 Mode ref, Ref Stage 6, run, start, 9848925497244860
1787729859.659208, NoOp Chain Depth 64 Size 0 Mode ref, Ref Stage 6, run, end, 9848925497267148
1787729859.659223, NoOp Chain Depth 64 Size 0 Mode ref, Ref Stage 7, run, start, 9848925497282492
1787729859.659245, NoOp Chain Depth 64 Size 0 Mode ref, Ref Stage 7, run, end, 9848925497303676
1787729859.659259, NoOp Chain Depth 64 Size 0 Mode ref, Ref Stage 8, run, start, 9848925497318588
1787729859.659283, NoOp Chain Depth 64 Size 0 Mode ref, Ref Stage 8, run, end, 9848925497342044
1787729859.659295, NoOp Chain Depth 64 Size 0 Mode ref, Ref Stage 9, run, start, 9848925497354620
1787729859.659328, NoOp Chain Depth 64 Size 0 Mode ref, Ref Stage 9, run, end, 9848925497386908
1787729859.659343, NoOp Chain Depth 64 Size 0 Mode ref, Ref Stage 10, run, start, 9848925497401948
1787729859.659369, NoOp Chain Depth 64 Size 0 Mode ref, Ref Stage 10, run, end, 9848925497428636
1787729859.659494, NoOp Chain Depth 64 Size 0 Mode ref, Ref Stage 11, run, start, 9848925497553340
1787729859.659516, NoOp Chain Depth 64 Size 0 Mode ref, Ref Stage 11, run, end, 9848925497575692
1787729859.659531, NoOp Chain Depth 64 Size 0 Mode ref, Ref Stage 12, run, start, 9848925497590716
1787729859.659554, NoOp Chain Depth 64 Size 0 Mode ref, Ref Stage 12, run, end, 9848925497612972
1787729859.659569, NoOp Chain Depth 64 Size 0 Mode ref, Ref Stage 13, run, start, 9848925497628220
1787729859.659591, NoOp Chain Depth 64 Size 0 Mode ref, Ref Stage 13, run, end, 9848925497650012
1787729859.659606, NoOp Chain Depth 64 Size 0 Mode ref, Ref Stage 14, run, start, 9848925497665628
1787729859.659628, NoOp Chain Depth 64 Size 0 Mode ref, Ref Stage 14, run, end, 9848925497687516
1787729859.659645, NoOp Chain Depth 64 Size 0 Mode ref, Ref Stage 15, run, start, 9848925497704620
1787729859.659667, NoOp Chain Depth 64 Size 0 Mode ref, Ref Stage 15, run, end, 9848925497726220
1787729859.659793, NoOp Chain Depth 64 Size 0 Mode ref, Ref Stage 16, run, start, 9848925497851948
1787729859.659815, NoOp Chain Depth 64 Size 0 Mode ref, Ref Stage 16, run, end, 9848925497874380
1787729859.659830, NoOp Chain Depth 64 Size 0 Mode ref, Ref Stage 17, run, start, 9848925497889548
1787729859.659852, NoOp Chain Depth 64 Size 0 Mode ref, Ref Stage 17, run, end, 9848925497911051
1787729859.659866, NoOp Chain Depth 64 Size 0 Mode ref, Ref Stage 18, run, start, 9848925497925835
1787729859.659890, NoOp Chain Depth 64 Size 0 Mode ref, Ref Stage 18, run, end, 9848925497949323
1787729859.659902, NoOp Chain Depth 64 Size 0 Mode ref, Ref Stage 19, run, start, 9848925497961115
1787729859.659934, NoOp Chain Depth 64 Size 0 Mode ref, Ref Stage 19, run, end, 9848925497993131
1787729859.659950, NoOp Chain Depth 64 Size 0 Mode ref, Ref Stage 20, run, start, 9848925498009643
1787729859.659973, NoOp Chain Depth 64 Size 0 Mode ref, Ref Stage 20, run, end, 9848925498032139
1787729859.659988, NoOp Chain Depth 64 Size 0 Mode ref, Ref Stage 21, run, start, 9848925498047851
1787729859.660011, NoOp Chain Depth 64 Size 0 Mode ref, Ref Stage 21, run, end, 9848925498069915
1787729859.660026, NoOp Chain Depth 64 Size 0 Mode ref, Ref Stage 22, run, start, 9848925498085179
1787729859.660053, NoOp Chain Depth 64 Size 0 Mode ref, Ref Stage 22, run, end, 9848925498112843
1787729859.660066, NoOp Chain Depth 64 Size 0 Mode ref, Ref Stage 23, run, start, 9848925498124859
1787729859.660201, NoOp Chain Depth 64 Size 0 Mode ref, Ref Stage 23, run, end, 9848925498260283
1787729859.660216, NoOp Chain Depth 64 Size 0 Mode ref, Ref Stage 24, run, start, 9848925498275819
1787729859.660239, NoOp Chain Depth 64 Size 0 Mode ref, Ref Stage 24, run, end, 9848925498297771
1787729859.660254, NoOp Chain Depth 64 Size 0 Mode ref, Ref Stage 25, run, start, 9848925498313147
1787729859.660276, NoOp Chain Depth 64 Size 0 Mode ref, Ref Stage 25, run, end, 9848925498334955
1787729859.660291, NoOp Chain Depth 64 Size 0 Mode ref, Ref Stage 26, run, start, 9848925498350235
1787729859.660313, NoOp Chain Depth 64 Size 0 Mode ref, Ref Stage 26, run, end, 9848925498371979
1787729859.660328, NoOp Chain Depth 64 Size 0 Mode ref, Ref Stage 27, run, start, 9848925498387275
1787729859.660350, NoOp Chain Depth 64 Size 0 Mode ref, Ref Stage 27, run, end, 9848925498409195
1787729859.660473, NoOp Chain Depth 64 Size 0 Mode ref, Ref Stage 28, run, start, 9848925498532059
1787729859.660495, NoOp Chain Depth 64 Size 0 Mode ref, Ref Stage 28, run, end, 9848925498554475
1787729859.660510, NoOp Chain Depth 64 Size 0 Mode ref, Ref Stage 29, run, start, 9848925498569467
1787729859.660532, NoOp Chain Depth 64 Size 0 Mode ref, Ref Stage 29, run, end, 9848925498591499
1787729859.660547, NoOp Chain Depth 64 Size 0 Mode ref, Ref Stage 30, run, start, 9848925498606795
1787729859.660570, NoOp Chain Depth 64 Size 0 Mode ref, Ref Stage 30, run, end, 9848925498629051
1787729859.660585, NoOp Chain Depth 64 Size 0 Mode ref, Ref Stage 31, run, start, 9848925498644283
1787729859.660606, NoOp Chain Depth 64 Size 0 Mode ref, Ref Stage 31, run, end, 9848925498665707
1787729859.660622, NoOp Chain Depth 64 Size 0 Mode ref, Ref Stage 32, run, start, 9848925498681051
1787729859.660644, NoOp Chain Depth 64 Size 0 Mode ref, Ref Stage 32, run, end, 9848925498703547
1787729859.660660, NoOp Chain Depth 64 Size 0 Mode ref, Ref Stage 33, run, start, 9848925498719259
1787729859.660683, NoOp Chain Depth 64 Size 0 Mode ref, Ref Stage 33, run, end, 9848925498742619
1787729859.660699, NoOp Chain Depth 64 Size 0 Mode ref, Ref Stage 34, run, start, 9848925498758411
1787729859.660725, NoOp Chain Depth 64 Size 0 Mode ref, Ref Stage 34, run, end, 9848925498784683
1787729859.660737, NoOp Chain Depth 64 Size 0 Mode ref, Ref Stage 35, run, start, 9848925498796651
1787729859.660875, NoOp Chain Depth 64 Size 0 Mode ref, Ref Stage 35, run, end, 9848925498934555
1787729859.660892, NoOp Chain Depth 64 Size 0 Mode ref, Ref Stage 36, run, start, 9848925498951131
1787729859.660914, NoOp Chain Depth 64 Size 0 Mode ref, Ref Stage 36, run, end, 9848925498972971
1787729859.660929, NoOp Chain Depth 64 Size 0 Mode ref, Ref Stage 37, run, start, 9848925498988523
1787729859.660955, NoOp Chain Depth 64 Size 0 Mode ref, Ref Stage 37, run, end, 9848925499014027
1787729859.660970, NoOp Chain Depth 64 Size 0 Mode ref, Ref Stage 38, run, start, 9848925499029883
1787729859.660993, NoOp Chain Depth 64 Size 0 Mode ref, Ref Stage 38, run, end, 9848925499052267
1787729859.661115, NoOp Chain Depth 64 Size 0 Mode ref, Ref Stage 39, run, start, 9848925499174251
1787729859.661137, NoOp Chain Depth 64 Size 0 Mode ref, Ref Stage 39, run, end, 9848925499196811
1787729859.661153, NoOp Chain Depth 64 Size 0 Mode ref, Ref Stage 40, run, start, 9848925499212331
1787729859.661175, NoOp Chain Depth 64 Size 0 Mode ref, Ref Stage 40, run, end, 9848925499234635
1787729859.661191, NoOp Chain Depth 64 Size 0 Mode ref, Ref Stage 41, run, start, 9848925499250235
1787729859.661214, NoOp Chain Depth 64 Size 0 Mode ref, Ref Stage 41, run, end, 9848925499273915
1787729859.661227, NoOp Chain Depth 64 Size 0 Mode ref, Ref Stage 42, run, start, 9848925499286267
1787729859.661259, NoOp Chain Depth 64 Size 0 Mode ref, Ref Stage 42, run, end, 9848925499318715
1787729859.661274, NoOp Chain Depth 64 Size 0 Mode ref, Ref Stage 43, run, start, 9848925499333867
1787729859.661297, NoOp Chain Depth 64 Size 0 Mode ref, Ref Stage 43, run, end, 9848925499355867
1787729859.661313, NoOp Chain Depth 64 Size 0 Mode ref, Ref Stage 44, run, start, 9848925499372027
1787729859.661335, NoOp Chain Depth 64 Size 0 Mode ref, Ref Stage 44, run, end, 9848925499393899
1787729859.661350, NoOp Chain Depth 64 Size 0 Mode ref, Ref Stage 45, run, start, 9848925499409403
1787729859.661375, NoOp Chain Depth 64 Size 0 Mode ref, Ref Stage 45, run, end, 9848925499434699
1787729859.661387, NoOp Chain Depth 64 Size 0 Mode ref, Ref Stage 46, run, start, 9848925499447035
1787729859.661523, NoOp Chain Depth 64 Size 0 Mode ref, Ref Stage 46, run, end, 9848925499582267
1787729859.661538, NoOp Chain Depth 64 Size 0 Mode ref, Ref Stage 47, run, start, 9848925499597483
1787729859.661560, NoOp Chain Depth 64 Size 0 Mode ref, Ref Stage 47, run, end, 9848925499619451
1787729859.661575, NoOp Chain Depth 64 Size 0 Mode ref, Ref Stage 48, run, start, 9848925499634427
1787729859.661597, NoOp Chain Depth 64 Size 0 Mode ref, Ref Stage 48, run, end, 9848925499656171
1787729859.661612, NoOp Chain Depth 64 Size 0 Mode ref, Ref Stage 49, run, start, 9848925499671419
1787729859.661636, NoOp Chain Depth 64 Size 0 Mode ref, Ref Stage 49, run, end, 9848925499695099
1787729859.661648, NoOp Chain Depth 64 Size 0 Mode ref, Ref Stage 50, run, start, 9848925499706987
1787729859.661783, NoOp Chain Depth 64 Size 0 Mode ref, Ref Stage 50, run, end, 9848925499842459
1787729859.661799, NoOp Chain Depth 64 Size 0 Mode ref, Ref Stage 51, run, start, 9848925499858011
1787729859.661820, NoOp Chain Depth 64 Size 0 Mode ref, Ref Stage 51, run, end, 9848925499879739
1787729859.661835, NoOp Chain Depth 64 Size 0 Mode ref, Ref Stage 52, run, start, 9848925499895051
1787729859.661859, NoOp Chain Depth 64 Size 0 Mode ref, Ref Stage 52, run, end, 9848925499918475
1787729859.661871, NoOp Chain Depth 64 Size 0 Mode ref, Ref Stage 53, run, start, 9848925499930235
1787729859.661905, NoOp Chain Depth 64 Size 0 Mode ref, Ref Stage 53, run, end, 9848925499964059
1787729859.661917, NoOp Chain Depth 64 Size 0 Mode ref, Ref Stage 54, run, start, 9848925499976427
1787729859.661952, NoOp Chain Depth 64 Size 0 Mode ref, Ref Stage 54, run, end, 9848925500011194
1787729859.661968, NoOp Chain Depth 64 Size 0 Mode ref, Ref Stage 55, run, start, 9848925500027082
1787729859.661990, NoOp Chain Depth 64 Size 0 Mode ref, Ref Stage 55, run, end, 9848925500048970
1787729859.662005, NoOp Chain Depth 64 Size 0 Mode ref, Ref Stage 56, run, start, 9848925500064746
1787729859.662033, NoOp Chain Depth 64 Size 0 Mode ref, Ref Stage 56, run, end, 9848925500092394
1787729859.662045, NoOp Chain Depth 64 Size 0 Mode ref, Ref Stage 57, run, start, 9848925500104666
1787729859.662182, NoOp Chain Depth 64 Size 0 Mode ref, Ref Stage 57, run, end, 9848925500241082
1787729859.662197, NoOp Chain Depth 64 Size 0 Mode ref, Ref Stage 58, run, start, 9848925500256314
1787729859.662219, NoOp Chain Depth 64 Size 0 Mode ref, Ref Stage 58, run, end, 9848925500278314
1787729859.662234, NoOp Chain Depth 64 Size 0 Mode ref, Ref Stage 59, run, start, 9848925500293514
1787729859.662256, NoOp Chain Depth 64 Size 0 Mode ref, Ref Stage 59, run, end, 9848925500315626
1787729859.662271, NoOp Chain Depth 64 Size 0 Mode ref, Ref Stage 60, run, start, 9848925500330874
1787729859.662293, NoOp Chain Depth 64 Size 0 Mode ref, Ref Stage 60, run, end, 9848925500352762
1787729859.662309, NoOp Chain Depth 64 Size 0 Mode ref, Ref Stage 61, run, start, 9848925500368138
1787729859.662331, NoOp Chain Depth 64 Size 0 Mode ref, Ref Stage 61, run, end, 9848925500389994
1787729859.662452, NoOp Chain Depth 64 Size 0 Mode ref, Ref Stage 62, run, start, 9848925500511210
1787729859.662474, NoOp Chain Depth 64 Size 0 Mode ref, Ref Stage 62, run, end, 9848925500533562
1787729859.662490, NoOp Chain Depth 64 Size 0 Mode ref, Ref Stage 63, run, start, 9848925500549290
1787729859.662513, NoOp Chain Depth 64 Size 0 Mode ref, Ref Stage 63, run, end, 9848925500572490
1787729859.662525, NoOp Chain Depth 64 Size 0 Mode ref, pipeline - train, run, end, 198779654946061106348499635050425743893, 1787729859.658704, 74, 1, 9848925500584698
1787729859.662578, NoOp Chain Depth 64 Size 0 Mode ref, pipeline - train, run, start, 148971139128947743436748745763951799851, 1787729859.662564, 75, 1, 9848925500637066
1787729859.662601, NoOp Chain Depth 64 Size 0 Mode ref, Ref Stage 0, run, start, 9848925500660090
1787729859.662623, NoOp Chain Depth 64 Size 0 Mode ref, Ref Stage 0, run, end, 9848925500682762
1787729859.662642, NoOp Chain Depth 64 Size 0 Mode ref, Ref Stage 1, run, start, 9848925500700826
1787729859.662664, NoOp Chain Depth 64 Size 0 Mode ref, Ref Stage 1, run, end, 9848925500723162
1787729859.662679, NoOp Chain Depth 64 Size 0 Mode ref, Ref Stage 2, run, start, 9848925500738666
1787729859.662705, NoOp Chain Depth 64 Size 0 Mode ref, Ref Stage 2, run, end, 9848925500763946
1787729859.662717, NoOp Chain Depth 64 Size 0 Mode ref, Ref Stage 3, run, start, 9848925500776058
1787729859.662852, NoOp Chain Depth 64 Size 0 Mode ref, Ref Stage 3, run, end, 9848925500911722
1787729859.662868, NoOp Chain Depth 64 Size 0 Mode ref, Ref Stage 4, run, start, 9848925500927194
1787729859.662890, NoOp Chain Depth 64 Size 0 Mode ref, Ref Stage 4, run, end, 9848925500949418
1787729859.662905, NoOp Chain Depth 64 Size 0 Mode ref, Ref Stage 5, run, start, 9848925500964762
1787729859.662928, NoOp Chain Depth 64 Size 0 Mode ref, Ref Stage 5, run, end, 9848925500986906
1787729859.662943, NoOp Chain Depth 64 Size 0 Mode ref, Ref Stage 6, run, start, 9848925501003802
1787729859.662967, NoOp Chain Depth 64 Size 0 Mode ref, Ref Stage 6, run, end, 9848925501026362
1787729859.662982, NoOp Chain Depth 64 Size 0 Mode ref, Ref Stage 7, run, start, 9848925501041658
1787729859.663008, NoOp Chain Depth 64 Size 0 Mode ref, Ref Stage 7, run, end, 9848925501067498
1787729859.663020, NoOp Chain Depth 64 Size 0 Mode ref, Ref Stage 8, run, start, 9848925501079610
1787729859.663155, NoOp Chain Depth 64 Size 0 Mode ref, Ref Stage 8, run, end, 9848925501214730
1787729859.663171, NoOp Chain Depth 64 Size 0 Mode ref, Ref Stage 9, run, start, 9848925501230138
1787729859.663193, NoOp Chain Depth 64 Size 0 Mode ref, Ref Stage 9, run, end, 9848925501251962
1787729859.663208, NoOp Chain Depth 64 Size 0 Mode ref, Ref Stage 10, run, start, 9848925501267178
1787729859.663231, NoOp Chain Depth 64 Size 0 Mode ref, Ref Stage 10, run, end, 9848925501290650
1787729859.663243, NoOp Chain Depth 64 Size 0 Mode ref, Ref Stage 11, run, start, 9848925501302490
1787729859.663275, NoOp Chain Depth 64 Size 0 Mode ref, Ref Stage 11, run, end, 9848925501334938
1787729859.663292, NoOp Chain Depth 64 Size 0 Mode ref, Ref Stage 12, run, start, 9848925501351626
1787729859.663314, NoOp Chain Depth 64 Size 0 Mode ref, Ref Stage 12, run, end, 9848925501373770
1787729859.663331, NoOp Chain Depth 64 Size 0 Mode ref, Ref Stage 13, run, start, 9848925501390058
1787729859.663353, NoOp Chain Depth 64 Size 0 Mode ref, Ref Stage 13, run, end, 9848925501412154
1787729859.663370, NoOp Chain Depth 64 Size 0 Mode ref, Ref Stage 14, run, start, 9848925501429066
1787729859.663393, NoOp Chain Depth 64 Size 0 Mode ref, Ref Stage 14, run, end, 9848925501452874
1787729859.663519, NoOp Chain Depth 64 Size 0 Mode ref, Ref Stage 15, run, start, 9848925501578506
1787729859.663542, NoOp Chain Depth 64 Size 0 Mode ref, Ref Stage 15, run, end, 9848925501600890
1787729859.663557, NoOp Chain Depth 64 Size 0 Mode ref, Ref Stage 16, run, start, 9848925501616074
1787729859.663579, NoOp Chain Depth 64 Size 0 Mode ref, Ref Stage 16, run, end, 9848925501637722
1787729859.663594, NoOp Chain Depth 64 Size 0 Mode ref, Ref Stage 17, run, start, 9848925501652858
1787729859.663617, NoOp Chain Depth 64 Size 0 Mode ref, Ref Stage 17, run, end, 9848925501676282
1787729859.663629, NoOp Chain Depth 64 Size 0 Mode ref, Ref Stage 18, run, start, 9848925501688346
1787729859.663661, NoOp Chain Depth 64 Size 0 Mode ref, Ref Stage 18, run, end, 9848925501720346
1787729859.663677, NoOp Chain Depth 64 Size 0 Mode ref, Ref Stage 19, run, start, 9848925501735914
1787729859.663698, NoOp Chain Depth 64 Size 0 Mode ref, Ref Stage 19, run, end, 9848925501757706
1787729859.663825, NoOp Chain Depth 64 Size 0 Mode ref, Ref Stage 20, run, start, 9848925501884105
1787729859.663847, NoOp Chain Depth 64 Size 0 Mode ref, Ref Stage 20, run, end, 9848925501906553
1787729859.663863, NoOp Chain Depth 64 Size 0 Mode ref, Ref Stage 21, run, start, 9848925501922041
1787729859.663885, NoOp Chain Depth 64 Size 0 Mode ref, Ref Stage 21, run, end, 9848925501943753
1787729859.663900, NoOp Chain Depth 64 Size 0 Mode ref, Ref Stage 22, run, start, 9848925501958921
1787729859.663924, NoOp Chain Depth 64 Size 0 Mode ref, Ref Stage 22, run, end, 9848925501983001
1787729859.663936, NoOp Chain Depth 64 Size 0 Mode ref, Ref Stage 23, run, start, 9848925501995193
1787729859.663971, NoOp Chain Depth 64 Size 0 Mode ref, Ref Stage 23, run, end, 9848925502030041
1787729859.663987, NoOp Chain Depth 64 Size 0 Mode ref, Ref Stage 24, run, start, 9848925502046121
1787729859.664009, NoOp Chain Depth 64 Size 0 Mode ref, Ref Stage 24, run, end, 9848925502068265
1787729859.664025, NoOp Chain Depth 64 Size 0 Mode ref, Ref Stage 25, run, start, 9848925502083801
1787729859.664046, NoOp Chain Depth 64 Size 0 Mode ref, Ref Stage 25, run, end, 9848925502105593
1787729859.664169, NoOp Chain Depth 64 Size 0 Mode ref, Ref Stage 26, run, start, 9848925502228441
1787729859.664191, NoOp Chain Depth 64 Size 0 Mode ref, Ref Stage 26, run, end, 9848925502250697
1787729859.664207, NoOp Chain Depth 64 Size 0 Mode ref, Ref Stage 27, run, start, 9848925502266377
1787729859.664230, NoOp Chain Depth 64 Size 0 Mode ref, Ref Stage 27, run, end, 9848925502289737
1787729859.664243, NoOp Chain Depth 64 Size 0 Mode ref, Ref Stage 28, run, start, 9848925502302089
1787729859.664278, NoOp Chain Depth 64 Size 0 Mode ref, Ref Stage 28, run, end, 9848925502337113
1787729859.664290, NoOp Chain Depth 64 Size 0 Mode ref, Ref Stage 29, run, start, 9848925502349081
1787729859.664323, NoOp Chain Depth 64 Size 0 Mode ref, Ref Stage 29, run, end, 9848925502382041
1787729859.664338, NoOp Chain Depth 64 Size 0 Mode ref, Ref Stage 30, run, start, 9848925502397929
1787729859.664361, NoOp Chain Depth 64 Size 0 Mode ref, Ref Stage 30, run, end, 9848925502419689
1787729859.664482, NoOp Chain Depth 64 Size 0 Mode ref, Ref Stage 31, run, start, 9848925502541065
1787729859.664504, NoOp Chain Depth 64 Size 0 Mode ref, Ref Stage 31, run, end, 9848925502563545
1787729859.664520, NoOp Chain Depth 64 Size 0 Mode ref, Ref Stage 32, run, start, 9848925502578953
1787729859.664542, NoOp Chain Depth 64 Size 0 Mode ref, Ref Stage 32, run, end, 9848925502601305
1787729859.664559, NoOp Chain Depth 64 Size 0 Mode ref, Ref Stage 33, run, start, 9848925502618297
1787729859.664583, NoOp Chain Depth 64 Size 0 Mode ref, Ref Stage 33, run, end, 9848925502641881
1787729859.664594, NoOp Chain Depth 64 Size 0 Mode ref, Ref Stage 34, run, start, 9848925502653705
1787729859.664627, NoOp Chain Depth 64 Size 0 Mode ref, Ref Stage 34, run, end, 9848925502686281
1787729859.664642, NoOp Chain Depth 64 Size 0 Mode ref, Ref Stage 35, run, start, 9848925502701529
1787729859.664664, NoOp Chain Depth 64 Size 0 Mode ref, Ref Stage 35, run, end, 9848925502723737
1787729859.664680, NoOp Chain Depth 64 Size 0 Mode ref, Ref Stage 36, run, start, 9848925502739753
1787729859.664703, NoOp Chain Depth 64 Size 0 Mode ref, Ref Stage 36, run, end, 9848925502762201
1787729859.664719, NoOp Chain Depth 64 Size 0 Mode ref, Ref Stage 37, run, start, 9848925502777945
1787729859.664742, NoOp Chain Depth 64 Size 0 Mode ref, Ref Stage 37, run, end, 9848925502801289
1787729859.664865, NoOp Chain Depth 64 Size 0 Mode ref, Ref Stage 38, run, start, 9848925502924057
1787729859.664887, NoOp Chain Depth 64 Size 0 Mode ref, Ref Stage 38, run, end, 9848925502946441
1787729859.664903, NoOp Chain Depth 64 Size 0 Mode ref, Ref Stage 39, run, start, 9848925502962073
1787729859.664925, NoOp Chain Depth 64 Size 0 Mode ref, Ref Stage 39, run, end, 9848925502984425
1787729859.664941, NoOp Chain Depth 64 Size 0 Mode ref, Ref Stage 40, run, start, 9848925502999801
1787729859.664964, NoOp Chain Depth 64 Size 0 Mode ref, Ref Stage 40, run, end, 9848925503023641
1787729859.664979, NoOp Chain Depth 64 Size 0 Mode ref, Ref Stage 41, run, start, 9848925503038953
1787729859.665002, NoOp Chain Depth 64 Size 0 Mode ref, Ref Stage 41, run, end, 9848925503061225
1787729859.665017, NoOp Chain Depth 64 Size 0 Mode ref, Ref Stage 42, run, start, 9848925503076681
1787729859.665039, NoOp Chain Depth 64 Size 0 Mode ref, Ref Stage 42, run, end, 9848925503098617
1787729859.665161, NoOp Chain Depth 64 Size 0 Mode ref, Ref Stage 43, run, start, 9848925503220569
1787729859.665184, NoOp Chain Depth 64 Size 0 Mode ref, Ref Stage 43, run, end, 9848925503242921
1787729859.665199, NoOp Chain Depth 64 Size 0 Mode ref, Ref Stage 44, run, start, 9848925503258313
1787729859.665223, NoOp Chain Depth 64 Size 0 Mode ref, Ref Stage 44, run, end, 9848925503281929
1787729859.665235, NoOp Chain Depth 64 Size 0 Mode ref, Ref Stage 45, run, start, 9848925503294105
1787729859.665270, NoOp Chain Depth 64 Size 0 Mode ref, Ref Stage 45, run, end, 9848925503329017
1787729859.665282, NoOp Chain Depth 64 Size 0 Mode ref, Ref Stage 46, run, start, 9848925503340889
1787729859.665315, NoOp Chain Depth 64 Size 0 Mode ref, Ref Stage 46, run, end, 9848925503373769
1787729859.665331, NoOp Chain Depth 64 Size 0 Mode ref, Ref Stage 47, run, start, 9848925503389945
1787729859.665353, NoOp Chain Depth 64 Size 0 Mode ref, Ref Stage 47, run, end, 9848925503411961
1787729859.665368, NoOp Chain Depth 64 Size 0 Mode ref, Ref Stage 48, run, start, 9848925503427465
1787729859.665394, NoOp Chain Depth 64 Size 0 Mode ref, Ref Stage 48, run, end, 9848925503452873
1787729859.665406, NoOp Chain Depth 64 Size 0 Mode ref, Ref Stage 49, run, start, 9848925503464729
1787729859.665543, NoOp Chain Depth 64 Size 0 Mode ref, Ref Stage 49, run, end, 9848925503601977
1787729859.665558, NoOp Chain Depth 64 Size 0 Mode ref, Ref Stage 50, run, start, 9848925503617257
1787729859.665580, NoOp Chain Depth 64 Size 0 Mode ref, Ref Stage 50, run, end, 9848925503639177
1787729859.665595, NoOp Chain Depth 64 Size 0 Mode ref, Ref Stage 51, run, start, 9848925503654025
1787729859.665617, NoOp Chain Depth 64 Size 0 Mode ref, Ref Stage 51, run, end, 9848925503675897
1787729859.665632, NoOp Chain Depth 64 Size 0 Mode ref, Ref Stage 52, run, start, 9848925503690889
1787729859.665655, NoOp Chain Depth 64 Size 0 Mode ref, Ref Stage 52, run, end, 9848925503714569
1787729859.665667, NoOp Chain Depth 64 Size 0 Mode ref, Ref Stage 53, run, start, 9848925503726649
1787729859.665803, NoOp Chain Depth 64 Size 0 Mode ref, Ref Stage 53, run, end, 9848925503862232
1787729859.665820, NoOp Chain Depth 64 Size 0 Mode ref, Ref Stage 54, run, start, 9848925503879272
1787729859.665842, NoOp Chain Depth 64 Size 0 Mode ref, Ref Stage 54, run, end, 9848925503901592
1787729859.665860, NoOp Chain Depth 64 Size 0 Mode ref, Ref Stage 55, run, start, 9848925503919016
1787729859.665884, NoOp Chain Depth 64 Size 0 Mode ref, Ref Stage 55, run, end, 9848925503942856
1787729859.665896, NoOp Chain Depth 64 Size 0 Mode ref, Ref Stage 56, run, start, 9848925503955320
1787729859.665929, NoOp Chain Depth 64 Size 0 Mode ref, Ref Stage 56, run, end, 9848925503988008
1787729859.665945, NoOp Chain Depth 64 Size 0 Mode ref, Ref Stage 57, run, start, 9848925504004392
1787729859.665968, NoOp Chain Depth 64 Size 0 Mode ref, Ref Stage 57, run, end, 9848925504027096
1787729859.665984, NoOp Chain Depth 64 Size 0 Mode ref, Ref Stage 58, run, start, 9848925504043304
1787729859.666006, NoOp Chain Depth 64 Size 0 Mode ref, Ref Stage 58, run, end, 9848925504065384
1787729859.666021, NoOp Chain Depth 64 Size 0 Mode ref, Ref Stage 59, run, start, 9848925504080824
1787729859.666043, NoOp Chain Depth 64 Size 0 Mode ref, Ref Stage 59, run, end, 9848925504102584
1787729859.666060, NoOp Chain Depth 64 Size 0 Mode ref, Ref Stage 60, run, start, 9848925504119528
1787729859.666083, NoOp Chain Depth 64 Size 0 Mode ref, Ref Stage 60, run, end, 9848925504142232
1787729859.666205, NoOp Chain Depth 64 Size 0 Mode ref, Ref Stage 61, run, start, 9848925504264424
1787729859.666227, NoOp Chain Depth 64 Size 0 Mode ref, Ref Stage 61, run, end, 9848925504286872
1787729859.666243, NoOp Chain Depth 64 Size 0 Mode ref, Ref Stage 62, run, start, 9848925504302168
1787729859.666265, NoOp Chain Depth 64 Size 0 Mode ref, Ref Stage 62, run, end, 9848925504324168
1787729859.666281, NoOp Chain Depth 64 Size 0 Mode ref, Ref Stage 63, run, start, 9848925504339864
1787729859.666302, NoOp Chain Depth 64 Size 0 Mode ref, Ref Stage 63, run, end, 9848925504361112
1787729859.666317, NoOp Chain Depth 64 Size 0 Mode ref, pipeline - train, run, end, 148971139128947743436748745763951799851, 1787729859.662564, 75, 1, 9848925504376360
1787729859.666362, NoOp Chain Depth 64 Size 0 Mode ref, pipeline - train, run, start, 220335998152284266717475719475654247751, 1787729859.666348, 76, 1, 9848925504421768
1787729859.666493, NoOp Chain Depth 64 Size 0 Mode ref, Ref Stage 0, run, start, 9848925504553000
1787729859.666516, NoOp Chain Depth 64 Size 0 Mode ref, Ref Stage 0, run, end, 9848925504575624
1787729859.666532, NoOp Chain Depth 64 Size 0 Mode ref, Ref Stage 1, run, start, 9848925504591352
1787729859.666556, NoOp Chain Depth 64 Size 0 Mode ref, Ref Stage 1, run, end, 9848925504614888
1787729859.666568, NoOp Chain Depth 64 Size 0 Mode ref, Ref Stage 2, run, start, 9848925504627160
1787729859.666601, NoOp Chain Depth 64 Size 0 Mode ref, Ref Stage 2, run, end, 9848925504660232
1787729859.666616, NoOp Chain Depth 64 Size 0 Mode ref, Ref Stage 3, run, start, 9848925504675304
1787729859.666638, NoOp Chain Depth 64 Size 0 Mode ref, Ref Stage 3, run, end, 9848925504697704
1787729859.666654, NoOp Chain Depth 64 Size 0 Mode ref, Ref Stage 4, run, start, 9848925504713944
1787729859.666677, NoOp Chain Depth 64 Size 0 Mode ref, Ref Stage 4, run, end, 9848925504736072
1787729859.666692, NoOp Chain Depth 64 Size 0 Mode ref, Ref Stage 5, run, start, 9848925504751656
1787729859.666715, NoOp Chain Depth 64 Size 0 Mode ref, Ref Stage 5, run, end, 9848925504774120
1787729859.666837, NoOp Chain Depth 64 Size 0 Mode ref, Ref Stage 6, run, start, 9848925504896664
1787729859.666860, NoOp Chain Depth 64 Size 0 Mode ref, Ref Stage 6, run, end, 9848925504919192
1787729859.666875, NoOp Chain Depth 64 Size 0 Mode ref, Ref Stage 7, run, start, 9848925504934824
1787729859.666898, NoOp Chain Depth 64 Size 0 Mode ref, Ref Stage 7, run, end, 9848925504957064
1787729859.666913, NoOp Chain Depth 64 Size 0 Mode ref, Ref Stage 8, run, start, 9848925504972200
1787729859.666935, NoOp Chain Depth 64 Size 0 Mode ref, Ref Stage 8, run, end, 9848925504994440
1787729859.666953, NoOp Chain Depth 64 Size 0 Mode ref, Ref Stage 9, run, start, 9848925505012552
1787729859.666977, NoOp Chain Depth 64 Size 0 Mode ref, Ref Stage 9, run, end, 9848925505036616
1787729859.666994, NoOp Chain Depth 64 Size 0 Mode ref, Ref Stage 10, run, start, 9848925505053000
1787729859.667019, NoOp Chain Depth 64 Size 0 Mode ref, Ref Stage 10, run, end, 9848925505078392
1787729859.667031, NoOp Chain Depth 64 Size 0 Mode ref, Ref Stage 11, run, start, 9848925505090472
1787729859.667168, NoOp Chain Depth 64 Size 0 Mode ref, Ref Stage 11, run, end, 9848925505227672
1787729859.667184, NoOp Chain Depth 64 Size 0 Mode ref, Ref Stage 12, run, start, 9848925505243112
1787729859.667206, NoOp Chain Depth 64 Size 0 Mode ref, Ref Stage 12, run, end, 9848925505265208
1787729859.667221, NoOp Chain Depth 64 Size 0 Mode ref, Ref Stage 13, run, start, 9848925505280104
1787729859.667243, NoOp Chain Depth 64 Size 0 Mode ref, Ref Stage 13, run, end, 9848925505301720
1787729859.667258, NoOp Chain Depth 64 Size 0 Mode ref, Ref Stage 14, run, start, 9848925505316952
1787729859.667281, NoOp Chain Depth 64 Size 0 Mode ref, Ref Stage 14, run, end, 9848925505340360
1787729859.667293, NoOp Chain Depth 64 Size 0 Mode ref, Ref Stage 15, run, start, 9848925505352536
1787729859.667327, NoOp Chain Depth 64 Size 0 Mode ref, Ref Stage 15, run, end, 9848925505386712
1787729859.667339, NoOp Chain Depth 64 Size 0 Mode ref, Ref Stage 16, run, start, 9848925505398632
1787729859.667372, NoOp Chain Depth 64 Size 0 Mode ref, Ref Stage 16, run, end, 9848925505431176
1787729859.667387, NoOp Chain Depth 64 Size 0 Mode ref, Ref Stage 17, run, start, 9848925505446424
1787729859.667409, NoOp Chain Depth 64 Size 0 Mode ref, Ref Stage 17, run, end, 9848925505468408
1787729859.667528, NoOp Chain Depth 64 Size 0 Mode ref, Ref Stage 18, run, start, 9848925505587864
1787729859.667551, NoOp Chain Depth 64 Size 0 Mode ref, Ref Stage 18, run, end, 9848925505610072
1787729859.667566, NoOp Chain Depth 64 Size 0 Mode ref, Ref Stage 19, run, start, 9848925505625608
1787729859.667590, NoOp Chain Depth 64 Size 0 Mode ref, Ref Stage 19, run, end, 9848925505649448
1787729859.667603, NoOp Chain Depth 64 Size 0 Mode ref, Ref Stage 20, run, start, 9848925505661768
1787729859.667635, NoOp Chain Depth 64 Size 0 Mode ref, Ref Stage 20, run, end, 9848925505694808
1787729859.667651, NoOp Chain Depth 64 Size 0 Mode ref, Ref Stage 21, run, start, 9848925505710280
1787729859.667673, NoOp Chain Depth 64 Size 0 Mode ref, Ref Stage 21, run, end, 9848925505732424
1787729859.667690, NoOp Chain Depth 64 Size 0 Mode ref, Ref Stage 22, run, start, 9848925505748824
1787729859.667712, NoOp Chain Depth 64 Size 0 Mode ref, Ref Stage 22, run, end, 9848925505771079
1787729859.667835, NoOp Chain Depth 64 Size 0 Mode ref, Ref Stage 23, run, start, 9848925505894311
1787729859.667857, NoOp Chain Depth 64 Size 0 Mode ref, Ref Stage 23, run, end, 9848925505916599
1787729859.667872, NoOp Chain Depth 64 Size 0 Mode ref, Ref Stage 24, run, start, 9848925505931607
1787729859.667894, NoOp Chain Depth 64 Size 0 Mode ref, Ref Stage 24, run, end, 9848925505953159
1787729859.667909, NoOp Chain Depth 64 Size 0 Mode ref, Ref Stage 25, run, start, 9848925505967991
1787729859.667933, NoOp Chain Depth 64 Size 0 Mode ref, Ref Stage 25, run, end, 9848925505991639
1787729859.667945, NoOp Chain Depth 64 Size 0 Mode ref, Ref Stage 26, run, start, 9848925506004935
1787729859.667979, NoOp Chain Depth 64 Size 0 Mode ref, Ref Stage 26, run, end, 9848925506038279
1787729859.667994, NoOp Chain Depth 64 Size 0 Mode ref, Ref Stage 27, run, start, 9848925506053575
1787729859.668016, NoOp Chain Depth 64 Size 0 Mode ref, Ref Stage 27, run, end, 9848925506075687
1787729859.668032, NoOp Chain Depth 64 Size 0 Mode ref, Ref Stage 28, run, start, 9848925506091879
1787729859.668055, NoOp Chain Depth 64 Size 0 Mode ref, Ref Stage 28, run, end, 9848925506113831
1787729859.668070, NoOp Chain Depth 64 Size 0 Mode ref, Ref Stage 29, run, start, 9848925506129143
1787729859.668092, NoOp Chain Depth 64 Size 0 Mode ref, Ref Stage 29, run, end, 9848925506151335
1787729859.668110, NoOp Chain Depth 64 Size 0 Mode ref, Ref Stage 30, run, start, 9848925506169719
1787729859.668134, NoOp Chain Depth 64 Size 0 Mode ref, Ref Stage 30, run, end, 9848925506193287
1787729859.668146, NoOp Chain Depth 64 Size 0 Mode ref, Ref Stage 31, run, start, 9848925506205463
1787729859.668179, NoOp Chain Depth 64 Size 0 Mode ref, Ref Stage 31, run, end, 9848925506237959
1787729859.668305, NoOp Chain Depth 64 Size 0 Mode ref, Ref Stage 32, run, start, 9848925506364423
1787729859.668328, NoOp Chain Depth 64 Size 0 Mode ref, Ref Stage 32, run, end, 9848925506387271
1787729859.668343, NoOp Chain Depth 64 Size 0 Mode ref, Ref Stage 33, run, start, 9848925506402647
1787729859.668365, NoOp Chain Depth 64 Size 0 Mode ref, Ref Stage 33, run, end, 9848925506424599
1787729859.668380, NoOp Chain Depth 64 Size 0 Mode ref, Ref Stage 34, run, start, 9848925506439863
1787729859.668402, NoOp Chain Depth 64 Size 0 Mode ref, Ref Stage 34, run, end, 9848925506461815
1787729859.668418, NoOp Chain Depth 64 Size 0 Mode ref, Ref Stage 35, run, start, 9848925506477239
1787729859.668440, NoOp Chain Depth 64 Size 0 Mode ref, Ref Stage 35, run, end, 9848925506499015
1787729859.668455, NoOp Chain Depth 64 Size 0 Mode ref, Ref Stage 36, run, start, 9848925506514743
1787729859.668478, NoOp Chain Depth 64 Size 0 Mode ref, Ref Stage 36, run, end, 9848925506536775
1787729859.668603, NoOp Chain Depth 64 Size 0 Mode ref, Ref Stage 37, run, start, 9848925506662167
1787729859.668625, NoOp Chain Depth 64 Size 0 Mode ref, Ref Stage 37, run, end, 9848925506684455
1787729859.668641, NoOp Chain Depth 64 Size 0 Mode ref, Ref Stage 38, run, start, 9848925506699783
1787729859.668663, NoOp Chain Depth 64 Size 0 Mode ref, Ref Stage 38, run, end, 9848925506722039
1787729859.668678, NoOp Chain Depth 64 Size 0 Mode ref, Ref Stage 39, run, start, 9848925506737239
1787729859.668700, NoOp Chain Depth 64 Size 0 Mode ref, Ref Stage 39, run, end, 9848925506759079
1787729859.668715, NoOp Chain Depth 64 Size 0 Mode ref, Ref Stage 40, run, start, 9848925506774455
1787729859.668737, NoOp Chain Depth 64 Size 0 Mode ref, Ref Stage 40, run, end, 9848925506796327
1787729859.668752, NoOp Chain Depth 64 Size 0 Mode ref, Ref Stage 41, run, start, 9848925506811447
1787729859.668774, NoOp Chain Depth 64 Size 0 Mode ref, Ref Stage 41, run, end, 9848925506833479
1787729859.668789, NoOp Chain Depth 64 Size 0 Mode ref, Ref Stage 42, run, start, 9848925506848935
1787729859.668813, NoOp Chain Depth 64 Size 0 Mode ref, Ref Stage 42, run, end, 9848925506872999
1787729859.668826, NoOp Chain Depth 64 Size 0 Mode ref, Ref Stage 43, run, start, 9848925506885175
1787729859.668860, NoOp Chain Depth 64 Size 0 Mode ref, Ref Stage 43, run, end, 9848925506919207
1787729859.668984, NoOp Chain Depth 64 Size 0 Mode ref, Ref Stage 44, run, start, 9848925507043847
1787729859.669008, NoOp Chain Depth 64 Size 0 Mode ref, Ref Stage 44, run, end, 9848925507067335
1787729859.669024, NoOp Chain Depth 64 Size 0 Mode ref, Ref Stage 45, run, start, 9848925507083207
1787729859.669046, NoOp Chain Depth 64 Size 0 Mode ref, Ref Stage 45, run, end, 9848925507105319
1787729859.669061, NoOp Chain Depth 64 Size 0 Mode ref, Ref Stage 46, run, start, 9848925507120599
1787729859.669083, NoOp Chain Depth 64 Size 0 Mode ref, Ref Stage 46, run, end, 9848925507142727
1787729859.669098, NoOp Chain Depth 64 Size 0 Mode ref, Ref Stage 47, run, start, 9848925507157847
1787729859.669122, NoOp Chain Depth 64 Size 0 Mode ref, Ref Stage 47, run, end, 9848925507180999
1787729859.669133, NoOp Chain Depth 64 Size 0 Mode ref, Ref Stage 48, run, start, 9848925507192839
1787729859.669169, NoOp Chain Depth 64 Size 0 Mode ref, Ref Stage 48, run, end, 9848925507228823
1787729859.669183, NoOp Chain Depth 64 Size 0 Mode ref, Ref Stage 49, run, start, 9848925507241895
1787729859.669320, NoOp Chain Depth 64 Size 0 Mode ref, Ref Stage 49, run, end, 9848925507379815
1787729859.669336, NoOp Chain Depth 64 Size 0 Mode ref, Ref Stage 50, run, start, 9848925507395063
1787729859.669358, NoOp Chain Depth 64 Size 0 Mode ref, Ref Stage 50, run, end, 9848925507417031
1787729859.669375, NoOp Chain Depth 64 Size 0 Mode ref, Ref Stage 51, run, start, 9848925507434183
1787729859.669398, NoOp Chain Depth 64 Size 0 Mode ref, Ref Stage 51, run, end, 9848925507457639
1787729859.669410, NoOp Chain Depth 64 Size 0 Mode ref, Ref Stage 52, run, start, 9848925507469559
1787729859.669443, NoOp Chain Depth 64 Size 0 Mode ref, Ref Stage 52, run, end, 9848925507501959
1787729859.669458, NoOp Chain Depth 64 Size 0 Mode ref, Ref Stage 53, run, start, 9848925507517223
1787729859.669480, NoOp Chain Depth 64 Size 0 Mode ref, Ref Stage 53, run, end, 9848925507539319
1787729859.669495, NoOp Chain Depth 64 Size 0 Mode ref, Ref Stage 54, run, start, 9848925507554631
1787729859.669518, NoOp Chain Depth 64 Size 0 Mode ref, Ref Stage 54, run, end, 9848925507577703
1787729859.669535, NoOp Chain Depth 64 Size 0 Mode ref, Ref Stage 55, run, start, 9848925507594135
1787729859.669782, NoOp Chain Depth 64 Size 0 Mode ref, Ref Stage 55, run, end, 9848925507843350
1787729859.670022, NoOp Chain Depth 64 Size 0 Mode ref, Ref Stage 56, run, start, 9848925508081942
1787729859.670050, NoOp Chain Depth 64 Size 0 Mode ref, Ref Stage 56, run, end, 9848925508109686
1787729859.670067, NoOp Chain Depth 64 Size 0 Mode ref, Ref Stage 57, run, start, 9848925508126406
1787729859.670090, NoOp Chain Depth 64 Size 0 Mode ref, Ref Stage 57, run, end, 9848925508148934
1787729859.670105, NoOp Chain Depth 64 Size 0 Mode ref, Ref Stage 58, run, start, 9848925508164198
1787729859.670127, NoOp Chain Depth 64 Size 0 Mode ref, Ref Stage 58, run, end, 9848925508186502
1787729859.670143, NoOp Chain Depth 64 Size 0 Mode ref, Ref Stage 59, run, start, 9848925508202006
1787729859.670165, NoOp Chain Depth 64 Size 0 Mode ref, Ref Stage 59, run, end, 9848925508223910
1787729859.670180, NoOp Chain Depth 64 Size 0 Mode ref, Ref Stage 60, run, start, 9848925508239030
1787729859.670205, NoOp Chain Depth 64 Size 0 Mode ref, Ref Stage 60, run, end, 9848925508264454
1787729859.670218, NoOp Chain Depth 64 Size 0 Mode ref, Ref Stage 61, run, start, 9848925508276966
1787729859.670357, NoOp Chain Depth 64 Size 0 Mode ref, Ref Stage 61, run, end, 9848925508416934
1787729859.670373, NoOp Chain Depth 64 Size 0 Mode ref, Ref Stage 62, run, start, 9848925508432246
1787729859.670395, NoOp Chain Depth 64 Size 0 Mode ref, Ref Stage 62, run, end, 9848925508453926
1787729859.670410, NoOp Chain Depth 64 Size 0 Mode ref, Ref Stage 63, run, start, 9848925508469558
1787729859.670434, NoOp Chain Depth 64 Size 0 Mode ref, Ref Stage 63, run, end, 9848925508493542
1787729859.670446, NoOp Chain Depth 64 Size 0 Mode ref, pipeline - train, run, end, 220335998152284266717475719475654247751, 1787729859.666348, 76, 1, 9848925508505398
1787729859.670497, NoOp Chain Depth 64 Size 0 Mode ref, pipeline - train, run, start, 49850726868930123467626735861675299365, 1787729859.670485, 77, 1, 9848925508556262
1787729859.670525, NoOp Chain Depth 64 Size 0 Mode ref, Ref Stage 0, run, start, 9848925508584646
1787729859.670548, NoOp Chain Depth 64 Size 0 Mode ref, Ref Stage 0, run, end, 9848925508607878
1787729859.670672, NoOp Chain Depth 64 Size 0 Mode ref, Ref Stage 1, run, start, 9848925508731702
1787729859.670695, NoOp Chain Depth 64 Size 0 Mode ref, Ref Stage 1, run, end, 9848925508754422
1787729859.670711, NoOp Chain Depth 64 Size 0 Mode ref, Ref Stage 2, run, start, 9848925508769846
1787729859.670733, NoOp Chain Depth 64 Size 0 Mode ref, Ref Stage 2, run, end, 9848925508792134
1787729859.670748, NoOp Chain Depth 64 Size 0 Mode ref, Ref Stage 3, run, start, 9848925508807638
1787729859.670771, NoOp Chain Depth 64 Size 0 Mode ref, Ref Stage 3, run, end, 9848925508830086
1787729859.670786, NoOp Chain Depth 64 Size 0 Mode ref, Ref Stage 4, run, start, 9848925508845446
1787729859.670809, NoOp Chain Depth 64 Size 0 Mode ref, Ref Stage 4, run, end, 9848925508867814
1787729859.670824, NoOp Chain Depth 64 Size 0 Mode ref, Ref Stage 5, run, start, 9848925508883078
1787729859.670847, NoOp Chain Depth 64 Size 0 Mode ref, Ref Stage 5, run, end, 9848925508906518
1787729859.670861, NoOp Chain Depth 64 Size 0 Mode ref, Ref Stage 6, run, start, 9848925508920454
1787729859.671002, NoOp Chain Depth 64 Size 0 Mode ref, Ref Stage 6, run, end, 9848925509061718
1787729859.671018, NoOp Chain Depth 64 Size 0 Mode ref, Ref Stage 7, run, start, 9848925509076966
1787729859.671041, NoOp Chain Depth 64 Size 0 Mode ref, Ref Stage 7, run, end, 9848925509100870
1787729859.671054, NoOp Chain Depth 64 Size 0 Mode ref, Ref Stage 8, run, start, 9848925509113286
1787729859.671086, NoOp Chain Depth 64 Size 0 Mode ref, Ref Stage 8, run, end, 9848925509145446
1787729859.671102, NoOp Chain Depth 64 Size 0 Mode ref, Ref Stage 9, run, start, 9848925509161414
1787729859.671125, NoOp Chain Depth 64 Size 0 Mode ref, Ref Stage 9, run, end, 9848925509184438
1787729859.671137, NoOp Chain Depth 64 Size 0 Mode ref, Ref Stage 10, run, start, 9848925509196454
1787729859.671172, NoOp Chain Depth 64 Size 0 Mode ref, Ref Stage 10, run, end, 9848925509231286
1787729859.671187, NoOp Chain Depth 64 Size 0 Mode ref, Ref Stage 11, run, start, 9848925509246374
1787729859.671209, NoOp Chain Depth 64 Size 0 Mode ref, Ref Stage 11, run, end, 9848925509268598
1787729859.671329, NoOp Chain Depth 64 Size 0 Mode ref, Ref Stage 12, run, start, 9848925509388870
1787729859.671352, NoOp Chain Depth 64 Size 0 Mode ref, Ref Stage 12, run, end, 9848925509411542
1787729859.671367, NoOp Chain Depth 64 Size 0 Mode ref, Ref Stage 13, run, start, 9848925509426774
1787729859.671389, NoOp Chain Depth 64 Size 0 Mode ref, Ref Stage 13, run, end, 9848925509448550
1787729859.671407, NoOp Chain Depth 64 Size 0 Mode ref, Ref Stage 14, run, start, 9848925509466278
1787729859.671429, NoOp Chain Depth 64 Size 0 Mode ref, Ref Stage 14, run, end, 9848925509488582
1787729859.671444, NoOp Chain Depth 64 Size 0 Mode ref, Ref Stage 15, run, start, 9848925509503926
1787729859.671467, NoOp Chain Depth 64 Size 0 Mode ref, Ref Stage 15, run, end, 9848925509525670
1787729859.671482, NoOp Chain Depth 64 Size 0 Mode ref, Ref Stage 16, run, start, 9848925509540822
1787729859.671503, NoOp Chain Depth 64 Size 0 Mode ref, Ref Stage 16, run, end, 9848925509562614
1787729859.671519, NoOp Chain Depth 64 Size 0 Mode ref, Ref Stage 17, run, start, 9848925509578645
1787729859.671545, NoOp Chain Depth 64 Size 0 Mode ref, Ref Stage 17, run, end, 9848925509604133
1787729859.671557, NoOp Chain Depth 64 Size 0 Mode ref, Ref Stage 18, run, start, 9848925509616181
1787729859.671695, NoOp Chain Depth 64 Size 0 Mode ref, Ref Stage 18, run, end, 9848925509754069
1787729859.671710, NoOp Chain Depth 64 Size 0 Mode ref, Ref Stage 19, run, start, 9848925509769525
1787729859.671732, NoOp Chain Depth 64 Size 0 Mode ref, Ref Stage 19, run, end, 9848925509791573
1787729859.671748, NoOp Chain Depth 64 Size 0 Mode ref, Ref Stage 20, run, start, 9848925509806965
1787729859.671770, NoOp Chain Depth 64 Size 0 Mode ref, Ref Stage 20, run, end, 9848925509828821
1787729859.671785, NoOp Chain Depth 64 Size 0 Mode ref, Ref Stage 21, run, start, 9848925509844341
1787729859.671807, NoOp Chain Depth 64 Size 0 Mode ref, Ref Stage 21, run, end, 9848925509866325
1787729859.671823, NoOp Chain Depth 64 Size 0 Mode ref, Ref Stage 22, run, start, 9848925509882213
1787729859.671848, NoOp Chain Depth 64 Size 0 Mode ref, Ref Stage 22, run, end, 9848925509907269
1787729859.671860, NoOp Chain Depth 64 Size 0 Mode ref, Ref Stage 23, run, start, 9848925509919173
1787729859.671997, NoOp Chain Depth 64 Size 0 Mode ref, Ref Stage 23, run, end, 9848925510056485
1787729859.672013, NoOp Chain Depth 64 Size 0 Mode ref, Ref Stage 24, run, start, 9848925510071797
1787729859.672035, NoOp Chain Depth 64 Size 0 Mode ref, Ref Stage 24, run, end, 9848925510094085
1787729859.672050, NoOp Chain Depth 64 Size 0 Mode ref, Ref Stage 25, run, start, 9848925510109509
1787729859.672072, NoOp Chain Depth 64 Size 0 Mode ref, Ref Stage 25, run, end, 9848925510131477
1787729859.672087, NoOp Chain Depth 64 Size 0 Mode ref, Ref Stage 26, run, start, 9848925510146533
1787729859.672109, NoOp Chain Depth 64 Size 0 Mode ref, Ref Stage 26, run, end, 9848925510168357
1787729859.672126, NoOp Chain Depth 64 Size 0 Mode ref, Ref Stage 27, run, start, 9848925510185557
1787729859.672148, NoOp Chain Depth 64 Size 0 Mode ref, Ref Stage 27, run, end, 9848925510207669
1787729859.672163, NoOp Chain Depth 64 Size 0 Mode ref, Ref Stage 28, run, start, 9848925510222885
1787729859.672186, NoOp Chain Depth 64 Size 0 Mode ref, Ref Stage 28, run, end, 9848925510245477
1787729859.672311, NoOp Chain Depth 64 Size 0 Mode ref, Ref Stage 29, run, start, 9848925510370709
1787729859.672334, NoOp Chain Depth 64 Size 0 Mode ref, Ref Stage 29, run, end, 9848925510393381
1787729859.672349, NoOp Chain Depth 64 Size 0 Mode ref, Ref Stage 30, run, start, 9848925510408853
1787729859.672372, NoOp Chain Depth 64 Size 0 Mode ref, Ref Stage 30, run, end, 9848925510430965
1787729859.672387, NoOp Chain Depth 64 Size 0 Mode ref, Ref Stage 31, run, start, 9848925510446421
1787729859.672411, NoOp Chain Depth 64 Size 0 Mode ref, Ref Stage 31, run, end, 9848925510470277
1787729859.672423, NoOp Chain Depth 64 Size 0 Mode ref, Ref Stage 32, run, start, 9848925510482517
1787729859.672456, NoOp Chain Depth 64 Size 0 Mode ref, Ref Stage 32, run, end, 9848925510515061
1787729859.672471, NoOp Chain Depth 64 Size 0 Mode ref, Ref Stage 33, run, start, 9848925510530389
1787729859.672493, NoOp Chain Depth 64 Size 0 Mode ref, Ref Stage 33, run, end, 9848925510552277
1787729859.672617, NoOp Chain Depth 64 Size 0 Mode ref, Ref Stage 34, run, start, 9848925510676565
1787729859.672640, NoOp Chain Depth 64 Size 0 Mode ref, Ref Stage 34, run, end, 9848925510699205
1787729859.672655, NoOp Chain Depth 64 Size 0 Mode ref, Ref Stage 35, run, start, 9848925510714645
1787729859.672677, NoOp Chain Depth 64 Size 0 Mode ref, Ref Stage 35, run, end, 9848925510736309
1787729859.672692, NoOp Chain Depth 64 Size 0 Mode ref, Ref Stage 36, run, start, 9848925510751445
1787729859.672716, NoOp Chain Depth 64 Size 0 Mode ref, Ref Stage 36, run, end, 9848925510775621
1787729859.672728, NoOp Chain Depth 64 Size 0 Mode ref, Ref Stage 37, run, start, 9848925510787237
1787729859.672760, NoOp Chain Depth 64 Size 0 Mode ref, Ref Stage 37, run, end, 9848925510819717
1787729859.672776, NoOp Chain Depth 64 Size 0 Mode ref, Ref Stage 38, run, start, 9848925510834917
1787729859.672798, NoOp Chain Depth 64 Size 0 Mode ref, Ref Stage 38, run, end, 9848925510856901
1787729859.672814, NoOp Chain Depth 64 Size 0 Mode ref, Ref Stage 39, run, start, 9848925510872821
1787729859.672836, NoOp Chain Depth 64 Size 0 Mode ref, Ref Stage 39, run, end, 9848925510894853
1787729859.672964, NoOp Chain Depth 64 Size 0 Mode ref, Ref Stage 40, run, start, 9848925511023269
1787729859.672987, NoOp Chain Depth 64 Size 0 Mode ref, Ref Stage 40, run, end, 9848925511046405
1787729859.673003, NoOp Chain Depth 64 Size 0 Mode ref, Ref Stage 41, run, start, 9848925511062005
1787729859.673026, NoOp Chain Depth 64 Size 0 Mode ref, Ref Stage 41, run, end, 9848925511085669
1787729859.673038, NoOp Chain Depth 64 Size 0 Mode ref, Ref Stage 42, run, start, 9848925511097637
1787729859.673071, NoOp Chain Depth 64 Size 0 Mode ref, Ref Stage 42, run, end, 9848925511130421
1787729859.673087, NoOp Chain Depth 64 Size 0 Mode ref, Ref Stage 43, run, start, 9848925511146533
1787729859.673111, NoOp Chain Depth 64 Size 0 Mode ref, Ref Stage 43, run, end, 9848925511170101
1787729859.673123, NoOp Chain Depth 64 Size 0 Mode ref, Ref Stage 44, run, start, 9848925511182069
1787729859.673158, NoOp Chain Depth 64 Size 0 Mode ref, Ref Stage 44, run, end, 9848925511217413
1787729859.673280, NoOp Chain Depth 64 Size 0 Mode ref, Ref Stage 45, run, start, 9848925511338789
1787729859.673302, NoOp Chain Depth 64 Size 0 Mode ref, Ref Stage 45, run, end, 9848925511361045
1787729859.673317, NoOp Chain Depth 64 Size 0 Mode ref, Ref Stage 46, run, start, 9848925511376181
1787729859.673339, NoOp Chain Depth 64 Size 0 Mode ref, Ref Stage 46, run, end, 9848925511398293
1787729859.673354, NoOp Chain Depth 64 Size 0 Mode ref, Ref Stage 47, run, start, 9848925511413125
1787729859.673378, NoOp Chain Depth 64 Size 0 Mode ref, Ref Stage 47, run, end, 9848925511436885
1787729859.673390, NoOp Chain Depth 64 Size 0 Mode ref, Ref Stage 48, run, start, 9848925511448837
1787729859.673424, NoOp Chain Depth 64 Size 0 Mode ref, Ref Stage 48, run, end, 9848925511483029
1787729859.673439, NoOp Chain Depth 64 Size 0 Mode ref, Ref Stage 49, run, start, 9848925511498053
1787729859.673461, NoOp Chain Depth 64 Size 0 Mode ref, Ref Stage 49, run, end, 9848925511520117
1787729859.673476, NoOp Chain Depth 64 Size 0 Mode ref, Ref Stage 50, run, start, 9848925511534901
1787729859.673497, NoOp Chain Depth 64 Size 0 Mode ref, Ref Stage 50, run, end, 9848925511556693
1787729859.673514, NoOp Chain Depth 64 Size 0 Mode ref, Ref Stage 51, run, start, 9848925511573220
1787729859.673540, NoOp Chain Depth 64 Size 0 Mode ref, Ref Stage 51, run, end, 9848925511599076
1787729859.673554, NoOp Chain Depth 64 Size 0 Mode ref, Ref Stage 52, run, start, 9848925511613124
1787729859.673690, NoOp Chain Depth 64 Size 0 Mode ref, Ref Stage 52, run, end, 9848925511749140
1787729859.673705, NoOp Chain Depth 64 Size 0 Mode ref, Ref Stage 53, run, start, 9848925511764612
1787729859.673727, NoOp Chain Depth 64 Size 0 Mode ref, Ref Stage 53, run, end, 9848925511786628
1787729859.673743, NoOp Chain Depth 64 Size 0 Mode ref, Ref Stage 54, run, start, 9848925511802052
1787729859.673765, NoOp Chain Depth 64 Size 0 Mode ref, Ref Stage 54, run, end, 9848925511823924
1787729859.673780, NoOp Chain Depth 64 Size 0 Mode ref, Ref Stage 55, run, start, 9848925511839268
1787729859.673804, NoOp Chain Depth 64 Size 0 Mode ref, Ref Stage 55, run, end, 9848925511862756
1787729859.673815, NoOp Chain Depth 64 Size 0 Mode ref, Ref Stage 56, run, start, 9848925511874612
1787729859.673956, NoOp Chain Depth 64 Size 0 Mode ref, Ref Stage 56, run, end, 9848925512015268
1787729859.673972, NoOp Chain Depth 64 Size 0 Mode ref, Ref Stage 57, run, start, 9848925512031044
1787729859.673994, NoOp Chain Depth 64 Size 0 Mode ref, Ref Stage 57, run, end, 9848925512052724
1787729859.674009, NoOp Chain Depth 64 Size 0 Mode ref, Ref Stage 58, run, start, 9848925512068740
1787729859.674031, NoOp Chain Depth 64 Size 0 Mode ref, Ref Stage 58, run, end, 9848925512090516
1787729859.674046, NoOp Chain Depth 64 Size 0 Mode ref, Ref Stage 59, run, start, 9848925512105300
1787729859.674069, NoOp Chain Depth 64 Size 0 Mode ref, Ref Stage 59, run, end, 9848925512128772
1787729859.674082, NoOp Chain Depth 64 Size 0 Mode ref, Ref Stage 60, run, start, 9848925512140852
1787729859.674114, NoOp Chain Depth 64 Size 0 Mode ref, Ref Stage 60, run, end, 9848925512172772
1787729859.674129, NoOp Chain Depth 64 Size 0 Mode ref, Ref Stage 61, run, start, 9848925512187972
1787729859.674151, NoOp Chain Depth 64 Size 0 Mode ref, Ref Stage 61, run, end, 9848925512209876
1787729859.674166, NoOp Chain Depth 64 Size 0 Mode ref, Ref Stage 62, run, start, 9848925512225620
1787729859.674188, NoOp Chain Depth 64 Size 0 Mode ref, Ref Stage 62, run, end, 9848925512247284
1787729859.674204, NoOp Chain Depth 64 Size 0 Mode ref, Ref Stage 63, run, start, 9848925512263380
1787729859.674226, NoOp Chain Depth 64 Size 0 Mode ref, Ref Stage 63, run, end, 9848925512284836
1787729859.674349, NoOp Chain Depth 64 Size 0 Mode ref, pipeline - train, run, end, 49850726868930123467626735861675299365, 1787729859.670485, 77, 1, 9848925512408340
1787729859.674384, NoOp Chain Depth 64 Size 0 Mode ref, pipeline - train, run, start, 176892984198066002285813818725133796906, 1787729859.674374, 78, 1, 9848925512444036
1787729859.674408, NoOp Chain Depth 64 Size 0 Mode ref, Ref Stage 0, run, start, 9848925512467364
1787729859.674432, NoOp Chain Depth 64 Size 0 Mode ref, Ref Stage 0, run, end, 9848925512491460
1787729859.674444, NoOp Chain Depth 64 Size 0 Mode ref, Ref Stage 1, run, start, 9848925512503588
1787729859.674478, NoOp Chain Depth 64 Size 0 Mode ref, Ref Stage 1, run, end, 9848925512536804
1787729859.674493, NoOp Chain Depth 64 Size 0 Mode ref, Ref Stage 2, run, start, 9848925512552580
1787729859.674515, NoOp Chain Depth 64 Size 0 Mode ref, Ref Stage 2, run, end, 9848925512574724
1787729859.674641, NoOp Chain Depth 64 Size 0 Mode ref, Ref Stage 3, run, start, 9848925512700868
1787729859.674664, NoOp Chain Depth 64 Size 0 Mode ref, Ref Stage 3, run, end, 9848925512723892
1787729859.674680, NoOp Chain Depth 64 Size 0 Mode ref, Ref Stage 4, run, start, 9848925512739556
1787729859.674704, NoOp Chain Depth 64 Size 0 Mode ref, Ref Stage 4, run, end, 9848925512763300
1787729859.674716, NoOp Chain Depth 64 Size 0 Mode ref, Ref Stage 5, run, start, 9848925512775396
1787729859.674749, NoOp Chain Depth 64 Size 0 Mode ref, Ref Stage 5, run, end, 9848925512808628
1787729859.674765, NoOp Chain Depth 64 Size 0 Mode ref, Ref Stage 6, run, start, 9848925512824004
1787729859.674787, NoOp Chain Depth 64 Size 0 Mode ref, Ref Stage 6, run, end, 9848925512846164
1787729859.674802, NoOp Chain Depth 64 Size 0 Mode ref, Ref Stage 7, run, start, 9848925512861540
1787729859.674824, NoOp Chain Depth 64 Size 0 Mode ref, Ref Stage 7, run, end, 9848925512883700
1787729859.674841, NoOp Chain Depth 64 Size 0 Mode ref, Ref Stage 8, run, start, 9848925512899924
1787729859.674866, NoOp Chain Depth 64 Size 0 Mode ref, Ref Stage 8, run, end, 9848925512925572
1787729859.674878, NoOp Chain Depth 64 Size 0 Mode ref, Ref Stage 9, run, start, 9848925512937476
1787729859.675019, NoOp Chain Depth 64 Size 0 Mode ref, Ref Stage 9, run, end, 9848925513078724
1787729859.675035, NoOp Chain Depth 64 Size 0 Mode ref, Ref Stage 10, run, start, 9848925513094308
1787729859.675058, NoOp Chain Depth 64 Size 0 Mode ref, Ref Stage 10, run, end, 9848925513117780
1787729859.675075, NoOp Chain Depth 64 Size 0 Mode ref, Ref Stage 11, run, start, 9848925513134020
1787729859.675098, NoOp Chain Depth 64 Size 0 Mode ref, Ref Stage 11, run, end, 9848925513157556
1787729859.675110, NoOp Chain Depth 64 Size 0 Mode ref, Ref Stage 12, run, start, 9848925513169396
1787729859.675142, NoOp Chain Depth 64 Size 0 Mode ref, Ref Stage 12, run, end, 9848925513201812
1787729859.675158, NoOp Chain Depth 64 Size 0 Mode ref, Ref Stage 13, run, start, 9848925513217236
1787729859.675180, NoOp Chain Depth 64 Size 0 Mode ref, Ref Stage 13, run, end, 9848925513239348
1787729859.675301, NoOp Chain Depth 64 Size 0 Mode ref, Ref Stage 14, run, start, 9848925513360580
1787729859.675324, NoOp Chain Depth 64 Size 0 Mode ref, Ref Stage 14, run, end, 9848925513383300
1787729859.675339, NoOp Chain Depth 64 Size 0 Mode ref, Ref Stage 15, run, start, 9848925513398580
1787729859.675361, NoOp Chain Depth 64 Size 0 Mode ref, Ref Stage 15, run, end, 9848925513420579
1787729859.675376, NoOp Chain Depth 64 Size 0 Mode ref, Ref Stage 16, run, start, 9848925513435491
1787729859.675400, NoOp Chain Depth 64 Size 0 Mode ref, Ref Stage 16, run, end, 9848925513459427
1787729859.675412, NoOp Chain Depth 64 Size 0 Mode ref, Ref Stage 17, run, start, 9848925513471363
1787729859.675445, NoOp Chain Depth 64 Size 0 Mode ref, Ref Stage 17, run, end, 9848925513504035
1787729859.675460, NoOp Chain Depth 64 Size 0 Mode ref, Ref Stage 18, run, start, 9848925513519379
1787729859.675482, NoOp Chain Depth 64 Size 0 Mode ref, Ref Stage 18, run, end, 9848925513541347
1787729859.675498, NoOp Chain Depth 64 Size 0 Mode ref, Ref Stage 19, run, start, 9848925513557715
1787729859.675521, NoOp Chain Depth 64 Size 0 Mode ref, Ref Stage 19, run, end, 9848925513580211
1787729859.675643, NoOp Chain Depth 64 Size 0 Mode ref, Ref Stage 20, run, start, 9848925513702755
1787729859.675666, NoOp Chain Depth 64 Size 0 Mode ref, Ref Stage 20, run, end, 9848925513725475
1787729859.675682, NoOp Chain Depth 64 Size 0 Mode ref, Ref Stage 21, run, start, 9848925513740995
1787729859.675705, NoOp Chain Depth 64 Size 0 Mode ref, Ref Stage 21, run, end, 9848925513764611
1787729859.675717, NoOp Chain Depth 64 Size 0 Mode ref, Ref Stage 22, run, start, 9848925513776691
1787729859.675751, NoOp Chain Depth 64 Size 0 Mode ref, Ref Stage 22, run, end, 9848925513810035
1787729859.675766, NoOp Chain Depth 64 Size 0 Mode ref, Ref Stage 23, run, start, 9848925513825587
1787729859.675788, NoOp Chain Depth 64 Size 0 Mode ref, Ref Stage 23, run, end, 9848925513847683
1787729859.675806, NoOp Chain Depth 64 Size 0 Mode ref, Ref Stage 24, run, start, 9848925513865539
1787729859.675828, NoOp Chain Depth 64 Size 0 Mode ref, Ref Stage 24, run, end, 9848925513887811
1787729859.675952, NoOp Chain Depth 64 Size 0 Mode ref, Ref Stage 25, run, start, 9848925514011379
1787729859.675975, NoOp Chain Depth 64 Size 0 Mode ref, Ref Stage 25, run, end, 9848925514034547
1787729859.675991, NoOp Chain Depth 64 Size 0 Mode ref, Ref Stage 26, run, start, 9848925514049827
1787729859.676012, NoOp Chain Depth 64 Size 0 Mode ref, Ref Stage 26, run, end, 9848925514071555
1787729859.676028, NoOp Chain Depth 64 Size 0 Mode ref, Ref Stage 27, run, start, 9848925514086867
1787729859.676050, NoOp Chain Depth 64 Size 0 Mode ref, Ref Stage 27, run, end, 9848925514109203
1787729859.676065, NoOp Chain Depth 64 Size 0 Mode ref, Ref Stage 28, run, start, 9848925514124691
1787729859.676089, NoOp Chain Depth 64 Size 0 Mode ref, Ref Stage 28, run, end, 9848925514148499
1787729859.676101, NoOp Chain Depth 64 Size 0 Mode ref, Ref Stage 29, run, start, 9848925514160675
1787729859.676136, NoOp Chain Depth 64 Size 0 Mode ref, Ref Stage 29, run, end, 9848925514195139
1787729859.676148, NoOp Chain Depth 64 Size 0 Mode ref, Ref Stage 30, run, start, 9848925514207555
1787729859.676184, NoOp Chain Depth 64 Size 0 Mode ref, Ref Stage 30, run, end, 9848925514243139
1787729859.676200, NoOp Chain Depth 64 Size 0 Mode ref, Ref Stage 31, run, start, 9848925514259667
1787729859.676223, NoOp Chain Depth 64 Size 0 Mode ref, Ref Stage 31, run, end, 9848925514281795
1787729859.676342, NoOp Chain Depth 64 Size 0 Mode ref, Ref Stage 32, run, start, 9848925514401571
1787729859.676365, NoOp Chain Depth 64 Size 0 Mode ref, Ref Stage 32, run, end, 9848925514424083
1787729859.676380, NoOp Chain Depth 64 Size 0 Mode ref, Ref Stage 33, run, start, 9848925514439523
1787729859.676404, NoOp Chain Depth 64 Size 0 Mode ref, Ref Stage 33, run, end, 9848925514463363
1787729859.676416, NoOp Chain Depth 64 Size 0 Mode ref, Ref Stage 34, run, start, 9848925514475667
1787729859.676449, NoOp Chain Depth 64 Size 0 Mode ref, Ref Stage 34, run, end, 9848925514508483
1787729859.676464, NoOp Chain Depth 64 Size 0 Mode ref, Ref Stage 35, run, start, 9848925514523635
1787729859.676486, NoOp Chain Depth 64 Size 0 Mode ref, Ref Stage 35, run, end, 9848925514545619
1787729859.676502, NoOp Chain Depth 64 Size 0 Mode ref, Ref Stage 36, run, start, 9848925514561827
1787729859.676525, NoOp Chain Depth 64 Size 0 Mode ref, Ref Stage 36, run, end, 9848925514584083
1787729859.676650, NoOp Chain Depth 64 Size 0 Mode ref, Ref Stage 37, run, start, 9848925514709875
1787729859.676673, NoOp Chain Depth 64 Size 0 Mode ref, Ref Stage 37, run, end, 9848925514732595
1787729859.676689, NoOp Chain Depth 64 Size 0 Mode ref, Ref Stage 38, run, start, 9848925514747891
1787729859.676710, NoOp Chain Depth 64 Size 0 Mode ref, Ref Stage 38, run, end, 9848925514769667
1787729859.676725, NoOp Chain Depth 64 Size 0 Mode ref, Ref Stage 39, run, start, 9848925514784947
1787729859.676749, NoOp Chain Depth 64 Size 0 Mode ref, Ref Stage 39, run, end, 9848925514808915
1787729859.676762, NoOp Chain Depth 64 Size 0 Mode ref, Ref Stage 40, run, start, 9848925514820931
1787729859.676795, NoOp Chain Depth 64 Size 0 Mode ref, Ref Stage 40, run, end, 9848925514853859
1787729859.676810, NoOp Chain Depth 64 Size 0 Mode ref, Ref Stage 41, run, start, 9848925514869571
1787729859.676832, NoOp Chain Depth 64 Size 0 Mode ref, Ref Stage 41, run, end, 9848925514891715
1787729859.676849, NoOp Chain Depth 64 Size 0 Mode ref, Ref Stage 42, run, start, 9848925514908163
1787729859.676874, NoOp Chain Depth 64 Size 0 Mode ref, Ref Stage 42, run, end, 9848925514933459
1787729859.676886, NoOp Chain Depth 64 Size 0 Mode ref, Ref Stage 43, run, start, 9848925514945427
1787729859.677028, NoOp Chain Depth 64 Size 0 Mode ref, Ref Stage 43, run, end, 9848925515087059
1787729859.677043, NoOp Chain Depth 64 Size 0 Mode ref, Ref Stage 44, run, start, 9848925515102787
1787729859.677067, NoOp Chain Depth 64 Size 0 Mode ref, Ref Stage 44, run, end, 9848925515126563
1787729859.677079, NoOp Chain Depth 64 Size 0 Mode ref, Ref Stage 45, run, start, 9848925515138803
1787729859.677114, NoOp Chain Depth 64 Size 0 Mode ref, Ref Stage 45, run, end, 9848925515173427
1787729859.677129, NoOp Chain Depth 64 Size 0 Mode ref, Ref Stage 46, run, start, 9848925515188659
1787729859.677155, NoOp Chain Depth 64 Size 0 Mode ref, Ref Stage 46, run, end, 9848925515214723
1787729859.677167, NoOp Chain Depth 64 Size 0 Mode ref, Ref Stage 47, run, start, 9848925515226515
1787729859.677310, NoOp Chain Depth 64 Size 0 Mode ref, Ref Stage 47, run, end, 9848925515369555
1787729859.677326, NoOp Chain Depth 64 Size 0 Mode ref, Ref Stage 48, run, start, 9848925515385123
1787729859.677348, NoOp Chain Depth 64 Size 0 Mode ref, Ref Stage 48, run, end, 9848925515407442
1787729859.677363, NoOp Chain Depth 64 Size 0 Mode ref, Ref Stage 49, run, start, 9848925515422850
1787729859.677386, NoOp Chain Depth 64 Size 0 Mode ref, Ref Stage 49, run, end, 9848925515445074
1787729859.677401, NoOp Chain Depth 64 Size 0 Mode ref, Ref Stage 50, run, start, 9848925515460290
1787729859.677425, NoOp Chain Depth 64 Size 0 Mode ref, Ref Stage 50, run, end, 9848925515484018
1787729859.677437, NoOp Chain Depth 64 Size 0 Mode ref, Ref Stage 51, run, start, 9848925515496194
1787729859.677469, NoOp Chain Depth 64 Size 0 Mode ref, Ref Stage 51, run, end, 9848925515528434
1787729859.677485, NoOp Chain Depth 64 Size 0 Mode ref, Ref Stage 52, run, start, 9848925515543922
1787729859.677507, NoOp Chain Depth 64 Size 0 Mode ref, Ref Stage 52, run, end, 9848925515566082
1787729859.677522, NoOp Chain Depth 64 Size 0 Mode ref, Ref Stage 53, run, start, 9848925515581762
1787729859.677545, NoOp Chain Depth 64 Size 0 Mode ref, Ref Stage 53, run, end, 9848925515603858
1787729859.677667, NoOp Chain Depth 64 Size 0 Mode ref, Ref Stage 54, run, start, 9848925515726530
1787729859.677690, NoOp Chain Depth 64 Size 0 Mode ref, Ref Stage 54, run, end, 9848925515749010
1787729859.677705, NoOp Chain Depth 64 Size 0 Mode ref, Ref Stage 55, run, start, 9848925515764514
1787729859.677729, NoOp Chain Depth 64 Size 0 Mode ref, Ref Stage 55, run, end, 9848925515788130
1787729859.677741, NoOp Chain Depth 64 Size 0 Mode ref, Ref Stage 56, run, start, 9848925515800146
1787729859.677774, NoOp Chain Depth 64 Size 0 Mode ref, Ref Stage 56, run, end, 9848925515833074
1787729859.677790, NoOp Chain Depth 64 Size 0 Mode ref, Ref Stage 57, run, start, 9848925515849138
1787729859.677811, NoOp Chain Depth 64 Size 0 Mode ref, Ref Stage 57, run, end, 9848925515870850
1787729859.677933, NoOp Chain Depth 64 Size 0 Mode ref, Ref Stage 58, run, start, 9848925515993074
1787729859.677958, NoOp Chain Depth 64 Size 0 Mode ref, Ref Stage 58, run, end, 9848925516016866
1787729859.677974, NoOp Chain Depth 64 Size 0 Mode ref, Ref Stage 59, run, start, 9848925516032898
1787729859.677996, NoOp Chain Depth 64 Size 0 Mode ref, Ref Stage 59, run, end, 9848925516055138
1787729859.678011, NoOp Chain Depth 64 Size 0 Mode ref, Ref Stage 60, run, start, 9848925516070306
1787729859.678033, NoOp Chain Depth 64 Size 0 Mode ref, Ref Stage 60, run, end, 9848925516092386
1787729859.678048, NoOp Chain Depth 64 Size 0 Mode ref, Ref Stage 61, run, start, 9848925516107666
1787729859.678070, NoOp Chain Depth 64 Size 0 Mode ref, Ref Stage 61, run, end, 9848925516129602
1787729859.678086, NoOp Chain Depth 64 Size 0 Mode ref, Ref Stage 62, run, start, 9848925516144930
1787729859.678108, NoOp Chain Depth 64 Size 0 Mode ref, Ref Stage 62, run, end, 9848925516166626
1787729859.678123, NoOp Chain Depth 64 Size 0 Mode ref, Ref Stage 63, run, start, 9848925516182082
1787729859.678146, NoOp Chain Depth 64 Size 0 Mode ref, Ref Stage 63, run, end, 9848925516205298
1787729859.678158, NoOp Chain Depth 64 Size 0 Mode ref, pipeline - train, run, end, 176892984198066002285813818725133796906, 1787729859.674374, 78, 1, 9848925516217090
1787729859.678203, NoOp Chain Depth 64 Size 0 Mode ref, pipeline - train, run, start, 179384926937416475173862963954636916310, 1787729859.678193, 79, 1, 9848925516262530
1787729859.678335, NoOp Chain Depth 64 Size 0 Mode ref, Ref Stage 0, run, start, 9848925516394450
1787729859.678358, NoOp Chain Depth 64 Size 0 Mode ref, Ref Stage 0, run, end, 9848925516417410
1787729859.678374, NoOp Chain Depth 64 Size 0 Mode ref, Ref Stage 1, run, start, 9848925516433010
1787729859.678396, NoOp Chain Depth 64 Size 0 Mode ref, Ref Stage 1, run, end, 9848925516455570
1787729859.678411, NoOp Chain Depth 64 Size 0 Mode ref, Ref Stage 2, run, start, 9848925516470898
1787729859.678435, NoOp Chain Depth 64 Size 0 Mode ref, Ref Stage 2, run, end, 9848925516494594
1787729859.678447, NoOp Chain Depth 64 Size 0 Mode ref, Ref Stage 3, run, start, 9848925516506514
1787729859.678480, NoOp Chain Depth 64 Size 0 Mode ref, Ref Stage 3, run, end, 9848925516538818
1787729859.678495, NoOp Chain Depth 64 Size 0 Mode ref, Ref Stage 4, run, start, 9848925516554082
1787729859.678517, NoOp Chain Depth 64 Size 0 Mode ref, Ref Stage 4, run, end, 9848925516576546
1787729859.678533, NoOp Chain Depth 64 Size 0 Mode ref, Ref Stage 5, run, start, 9848925516591842
1787729859.678556, NoOp Chain Depth 64 Size 0 Mode ref, Ref Stage 5, run, end, 9848925516615266
1787729859.678679, NoOp Chain Depth 64 Size 0 Mode ref, Ref Stage 6, run, start, 9848925516738546
1787729859.678702, NoOp Chain Depth 64 Size 0 Mode ref, Ref Stage 6, run, end, 9848925516761218
1787729859.678717, NoOp Chain Depth 64 Size 0 Mode ref, Ref Stage 7, run, start, 9848925516776594
1787729859.678741, NoOp Chain Depth 64 Size 0 Mode ref, Ref Stage 7, run, end, 9848925516800610
1787729859.678753, NoOp Chain Depth 64 Size 0 Mode ref, Ref Stage 8, run, start, 9848925516812738
1787729859.678787, NoOp Chain Depth 64 Size 0 Mode ref, Ref Stage 8, run, end, 9848925516845874
1787729859.678802, NoOp Chain Depth 64 Size 0 Mode ref, Ref Stage 9, run, start, 9848925516861442
1787729859.678824, NoOp Chain Depth 64 Size 0 Mode ref, Ref Stage 9, run, end, 9848925516883458
1787729859.678839, NoOp Chain Depth 64 Size 0 Mode ref, Ref Stage 10, run, start, 9848925516898578
1787729859.678861, NoOp Chain Depth 64 Size 0 Mode ref, Ref Stage 10, run, end, 9848925516920514
1787729859.678877, NoOp Chain Depth 64 Size 0 Mode ref, Ref Stage 11, run, start, 9848925516936626
1787729859.678899, NoOp Chain Depth 64 Size 0 Mode ref, Ref Stage 11, run, end, 9848925516958482
1787729859.679024, NoOp Chain Depth 64 Size 0 Mode ref, Ref Stage 12, run, start, 9848925517083042
1787729859.679047, NoOp Chain Depth 64 Size 0 Mode ref, Ref Stage 12, run, end, 9848925517106162
1787729859.679062, NoOp Chain Depth 64 Size 0 Mode ref, Ref Stage 13, run, start, 9848925517121666
1787729859.679086, NoOp Chain Depth 64 Size 0 Mode ref, Ref Stage 13, run, end, 9848925517145362
1787729859.679098, NoOp Chain Depth 64 Size 0 Mode ref, Ref Stage 14, run, start, 9848925517157426
1787729859.679131, NoOp Chain Depth 64 Size 0 Mode ref, Ref Stage 14, run, end, 9848925517190306
1787729859.679147, NoOp Chain Depth 64 Size 0 Mode ref, Ref Stage 15, run, start, 9848925517206514
1787729859.679170, NoOp Chain Depth 64 Size 0 Mode ref, Ref Stage 15, run, end, 9848925517228722
1787729859.679185, NoOp Chain Depth 64 Size 0 Mode ref, Ref Stage 16, run, start, 9848925517244402
1787729859.679207, NoOp Chain Depth 64 Size 0 Mode ref, Ref Stage 16, run, end, 9848925517266306
1787729859.679328, NoOp Chain Depth 64 Size 0 Mode ref, Ref Stage 17, run, start, 9848925517387345
1787729859.679351, NoOp Chain Depth 64 Size 0 Mode ref, Ref Stage 17, run, end, 9848925517410161
1787729859.679367, NoOp Chain Depth 64 Size 0 Mode ref, Ref Stage 18, run, start, 9848925517425985
1787729859.679389, NoOp Chain Depth 64 Size 0 Mode ref, Ref Stage 18, run, end, 9848925517448513
1787729859.679404, NoOp Chain Depth 64 Size 0 Mode ref, Ref Stage 19, run, start, 9848925517463729
1787729859.679429, NoOp Chain Depth 64 Size 0 Mode ref, Ref Stage 19, run, end, 9848925517488033
1787729859.679441, NoOp Chain Depth 64 Size 0 Mode ref, Ref Stage 20, run, start, 9848925517499921
1787729859.679473, NoOp Chain Depth 64 Size 0 Mode ref, Ref Stage 20, run, end, 9848925517531889
1787729859.679490, NoOp Chain Depth 64 Size 0 Mode ref, Ref Stage 21, run, start, 9848925517548753
1787729859.679512, NoOp Chain Depth 64 Size 0 Mode ref, Ref Stage 21, run, end, 9848925517570833
1787729859.679528, NoOp Chain Depth 64 Size 0 Mode ref, Ref Stage 22, run, start, 9848925517586801
1787729859.679552, NoOp Chain Depth 64 Size 0 Mode ref, Ref Stage 22, run, end, 9848925517611233
1787729859.679675, NoOp Chain Depth 64 Size 0 Mode ref, Ref Stage 23, run, start, 9848925517734833
1787729859.679698, NoOp Chain Depth 64 Size 0 Mode ref, Ref Stage 23, run, end, 9848925517757313
1787729859.679713, NoOp Chain Depth 64 Size 0 Mode ref, Ref Stage 24, run, start, 9848925517772673
1787729859.679737, NoOp Chain Depth 64 Size 0 Mode ref, Ref Stage 24, run, end, 9848925517796641
1787729859.679750, NoOp Chain Depth 64 Size 0 Mode ref, Ref Stage 25, run, start, 9848925517809025
1787729859.679783, NoOp Chain Depth 64 Size 0 Mode ref, Ref Stage 25, run, end, 9848925517842305
1787729859.679798, NoOp Chain Depth 64 Size 0 Mode ref, Ref Stage 26, run, start, 9848925517857617
1787729859.679821, NoOp Chain Depth 64 Size 0 Mode ref, Ref Stage 26, run, end, 9848925517879761
1787729859.679837, NoOp Chain Depth 64 Size 0 Mode ref, Ref Stage 27, run, start, 9848925517896689
1787729859.679859, NoOp Chain Depth 64 Size 0 Mode ref, Ref Stage 27, run, end, 9848925517918577
1787729859.679982, NoOp Chain Depth 64 Size 0 Mode ref, Ref Stage 28, run, start, 9848925518041825
1787729859.680006, NoOp Chain Depth 64 Size 0 Mode ref, Ref Stage 28, run, end, 9848925518065153
1787729859.680021, NoOp Chain Depth 64 Size 0 Mode ref, Ref Stage 29, run, start, 9848925518080273
1787729859.680043, NoOp Chain Depth 64 Size 0 Mode ref, Ref Stage 29, run, end, 9848925518102369
1787729859.680058, NoOp Chain Depth 64 Size 0 Mode ref, Ref Stage 30, run, start, 9848925518117809
1787729859.680080, NoOp Chain Depth 64 Size 0 Mode ref, Ref Stage 30, run, end, 9848925518139713
1787729859.680096, NoOp Chain Depth 64 Size 0 Mode ref, Ref Stage 31, run, start, 9848925518155089
1787729859.680119, NoOp Chain Depth 64 Size 0 Mode ref, Ref Stage 31, run, end, 9848925518178337
1787729859.680131, NoOp Chain Depth 64 Size 0 Mode ref, Ref Stage 32, run, start, 9848925518190017
1787729859.680163, NoOp Chain Depth 64 Size 0 Mode ref, Ref Stage 32, run, end, 9848925518222385
1787729859.680178, NoOp Chain Depth 64 Size 0 Mode ref, Ref Stage 33, run, start, 9848925518237857
1787729859.680201, NoOp Chain Depth 64 Size 0 Mode ref, Ref Stage 33, run, end, 9848925518260369
1787729859.680218, NoOp Chain Depth 64 Size 0 Mode ref, Ref Stage 34, run, start, 9848925518277713
1787729859.680240, NoOp Chain Depth 64 Size 0 Mode ref, Ref Stage 34, run, end, 9848925518299441
1787729859.680255, NoOp Chain Depth 64 Size 0 Mode ref, Ref Stage 35, run, start, 9848925518314721
1787729859.680278, NoOp Chain Depth 64 Size 0 Mode ref, Ref Stage 35, run, end, 9848925518336769
1787729859.680293, NoOp Chain Depth 64 Size 0 Mode ref, Ref Stage 36, run, start, 9848925518351953
1787729859.680317, NoOp Chain Depth 64 Size 0 Mode ref, Ref Stage 36, run, end, 9848925518376577
1787729859.680329, NoOp Chain Depth 64 Size 0 Mode ref, Ref Stage 37, run, start, 9848925518388305
1787729859.680365, NoOp Chain Depth 64 Size 0 Mode ref, Ref Stage 37, run, end, 9848925518424465
1787729859.680487, NoOp Chain Depth 64 Size 0 Mode ref, Ref Stage 38, run, start, 9848925518546161
1787729859.680509, NoOp Chain Depth 64 Size 0 Mode ref, Ref Stage 38, run, end, 9848925518568689
1787729859.680525, NoOp Chain Depth 64 Size 0 Mode ref, Ref Stage 39, run, start, 9848925518584337
1787729859.680547, NoOp Chain Depth 64 Size 0 Mode ref, Ref Stage 39, run, end, 9848925518606273
1787729859.680562, NoOp Chain Depth 64 Size 0 Mode ref, Ref Stage 40, run, start, 9848925518621281
1787729859.680584, NoOp Chain Depth 64 Size 0 Mode ref, Ref Stage 40, run, end, 9848925518643345
1787729859.680599, NoOp Chain Depth 64 Size 0 Mode ref, Ref Stage 41, run, start, 9848925518658705
1787729859.680623, NoOp Chain Depth 64 Size 0 Mode ref, Ref Stage 41, run, end, 9848925518681953
1787729859.680637, NoOp Chain Depth 64 Size 0 Mode ref, Ref Stage 42, run, start, 9848925518696257
1787729859.680674, NoOp Chain Depth 64 Size 0 Mode ref, Ref Stage 42, run, end, 9848925518733201
1787729859.680689, NoOp Chain Depth 64 Size 0 Mode ref, Ref Stage 43, run, start, 9848925518748593
1787729859.680711, NoOp Chain Depth 64 Size 0 Mode ref, Ref Stage 43, run, end, 9848925518770321
1787729859.680829, NoOp Chain Depth 64 Size 0 Mode ref, Ref Stage 44, run, start, 9848925518888497
1787729859.680851, NoOp Chain Depth 64 Size 0 Mode ref, Ref Stage 44, run, end, 9848925518910705
1787729859.680867, NoOp Chain Depth 64 Size 0 Mode ref, Ref Stage 45, run, start, 9848925518926097
1787729859.680891, NoOp Chain Depth 64 Size 0 Mode ref, Ref Stage 45, run, end, 9848925518949793
1787729859.680903, NoOp Chain Depth 64 Size 0 Mode ref, Ref Stage 46, run, start, 9848925518962161
1787729859.680936, NoOp Chain Depth 64 Size 0 Mode ref, Ref Stage 46, run, end, 9848925518994897
1787729859.680952, NoOp Chain Depth 64 Size 0 Mode ref, Ref Stage 47, run, start, 9848925519011281
1787729859.680975, NoOp Chain Depth 64 Size 0 Mode ref, Ref Stage 47, run, end, 9848925519034241
1787729859.680990, NoOp Chain Depth 64 Size 0 Mode ref, Ref Stage 48, run, start, 9848925519049505
1787729859.681012, NoOp Chain Depth 64 Size 0 Mode ref, Ref Stage 48, run, end, 9848925519071889
1787729859.681143, NoOp Chain Depth 64 Size 0 Mode ref, Ref Stage 49, run, start, 9848925519202800
1787729859.681166, NoOp Chain Depth 64 Size 0 Mode ref, Ref Stage 49, run, end, 9848925519225584
1787729859.681181, NoOp Chain Depth 64 Size 0 Mode ref, Ref Stage 50, run, start, 9848925519240912
1787729859.681204, NoOp Chain Depth 64 Size 0 Mode ref, Ref Stage 50, run, end, 9848925519262944
1787729859.681219, NoOp Chain Depth 64 Size 0 Mode ref, Ref Stage 51, run, start, 9848925519278112
1787729859.681240, NoOp Chain Depth 64 Size 0 Mode ref, Ref Stage 51, run, end, 9848925519299632
1787729859.681256, NoOp Chain Depth 64 Size 0 Mode ref, Ref Stage 52, run, start, 9848925519315024
1787729859.681278, NoOp Chain Depth 64 Size 0 Mode ref, Ref Stage 52, run, end, 9848925519337024
1787729859.681293, NoOp Chain Depth 64 Size 0 Mode ref, Ref Stage 53, run, start, 9848925519352352
1787729859.681319, NoOp Chain Depth 64 Size 0 Mode ref, Ref Stage 53, run, end, 9848925519378144
1787729859.681331, NoOp Chain Depth 64 Size 0 Mode ref, Ref Stage 54, run, start, 9848925519390208
1787729859.681471, NoOp Chain Depth 64 Size 0 Mode ref, Ref Stage 54, run, end, 9848925519530640
1787729859.681487, NoOp Chain Depth 64 Size 0 Mode ref, Ref Stage 55, run, start, 9848925519546080
1787729859.681510, NoOp Chain Depth 64 Size 0 Mode ref, Ref Stage 55, run, end, 9848925519569552
1787729859.681526, NoOp Chain Depth 64 Size 0 Mode ref, Ref Stage 56, run, start, 9848925519585568
1787729859.681548, NoOp Chain Depth 64 Size 0 Mode ref, Ref Stage 56, run, end, 9848925519607168
1787729859.681563, NoOp Chain Depth 64 Size 0 Mode ref, Ref Stage 57, run, start, 9848925519622480
1787729859.681587, NoOp Chain Depth 64 Size 0 Mode ref, Ref Stage 57, run, end, 9848925519645712
1787729859.681598, NoOp Chain Depth 64 Size 0 Mode ref, Ref Stage 58, run, start, 9848925519657488
1787729859.681631, NoOp Chain Depth 64 Size 0 Mode ref, Ref Stage 58, run, end, 9848925519690400
1787729859.681646, NoOp Chain Depth 64 Size 0 Mode ref, Ref Stage 59, run, start, 9848925519705456
1787729859.681669, NoOp Chain Depth 64 Size 0 Mode ref, Ref Stage 59, run, end, 9848925519727984
1787729859.681792, NoOp Chain Depth 64 Size 0 Mode ref, Ref Stage 60, run, start, 9848925519850976
1787729859.681814, NoOp Chain Depth 64 Size 0 Mode ref, Ref Stage 60, run, end, 9848925519873840
1787729859.681830, NoOp Chain Depth 64 Size 0 Mode ref, Ref Stage 61, run, start, 9848925519889280
1787729859.681852, NoOp Chain Depth 64 Size 0 Mode ref, Ref Stage 61, run, end, 9848925519910928
1787729859.681867, NoOp Chain Depth 64 Size 0 Mode ref, Ref Stage 62, run, start, 9848925519926128
1787729859.681890, NoOp Chain Depth 64 Size 0 Mode ref, Ref Stage 62, run, end, 9848925519949456
1787729859.681902, NoOp Chain Depth 64 Size 0 Mode ref, Ref Stage 63, run, start, 9848925519961536
1787729859.681936, NoOp Chain Depth 64 Size 0 Mode ref, Ref Stage 63, run, end, 9848925519994928
1787729859.681952, NoOp Chain Depth 64 Size 0 Mode ref, pipeline - train, run, end, 179384926937416475173862963954636916310, 1787729859.678193, 79, 1, 9848925520011488
1787729859.682096, NoOp Chain Depth 64 Size 0 Mode ref, pipeline - train, run, start, 132390669082724532055851109198231192082, 1787729859.681979, 80, 1, 9848925520155216
1787729859.682119, NoOp Chain Depth 64 Size 0 Mode ref, Ref Stage 0, run, start, 9848925520178768
1787729859.682142, NoOp Chain Depth 64 Size 0 Mode ref, Ref Stage 0, run, end, 9848925520201376
1787729859.682158, NoOp Chain Depth 64 Size 0 Mode ref, Ref Stage 1, run, start, 9848925520217184
1787729859.682180, NoOp Chain Depth 64 Size 0 Mode ref, Ref Stage 1, run, end, 9848925520239392
1787729859.682195, NoOp Chain Depth 64 Size 0 Mode ref, Ref Stage 2, run, start, 9848925520254576
1787729859.682217, NoOp Chain Depth 64 Size 0 Mode ref, Ref Stage 2, run, end, 9848925520276560
1787729859.682233, NoOp Chain Depth 64 Size 0 Mode ref, Ref Stage 3, run, start, 9848925520291824
1787729859.682254, NoOp Chain Depth 64 Size 0 Mode ref, Ref Stage 3, run, end, 9848925520313712
1787729859.682270, NoOp Chain Depth 64 Size 0 Mode ref, Ref Stage 4, run, start, 9848925520329136
1787729859.682292, NoOp Chain Depth 64 Size 0 Mode ref, Ref Stage 4, run, end, 9848925520350960
1787729859.682307, NoOp Chain Depth 64 Size 0 Mode ref, Ref Stage 5, run, start, 9848925520366496
1787729859.682331, NoOp Chain Depth 64 Size 0 Mode ref, Ref Stage 5, run, end, 9848925520390336
1787729859.682343, NoOp Chain Depth 64 Size 0 Mode ref, Ref Stage 6, run, start, 9848925520402384
1787729859.682380, NoOp Chain Depth 64 Size 0 Mode ref, Ref Stage 6, run, end, 9848925520439520
1787729859.682395, NoOp Chain Depth 64 Size 0 Mode ref, Ref Stage 7, run, start, 9848925520454672
1787729859.682418, NoOp Chain Depth 64 Size 0 Mode ref, Ref Stage 7, run, end, 9848925520477136
1787729859.682541, NoOp Chain Depth 64 Size 0 Mode ref, Ref Stage 8, run, start, 9848925520600464
1787729859.682564, NoOp Chain Depth 64 Size 0 Mode ref, Ref Stage 8, run, end, 9848925520623136
1787729859.682579, NoOp Chain Depth 64 Size 0 Mode ref, Ref Stage 9, run, start, 9848925520638544
1787729859.682601, NoOp Chain Depth 64 Size 0 Mode ref, Ref Stage 9, run, end, 9848925520660752
1787729859.682616, NoOp Chain Depth 64 Size 0 Mode ref, Ref Stage 10, run, start, 9848925520675488
1787729859.682637, NoOp Chain Depth 64 Size 0 Mode ref, Ref Stage 10, run, end, 9848925520696944
1787729859.682653, NoOp Chain Depth 64 Size 0 Mode ref, Ref Stage 11, run, start, 9848925520712144
1787729859.682677, NoOp Chain Depth 64 Size 0 Mode ref, Ref Stage 11, run, end, 9848925520736160
1787729859.682689, NoOp Chain Depth 64 Size 0 Mode ref, Ref Stage 12, run, start, 9848925520748288
1787729859.682823, NoOp Chain Depth 64 Size 0 Mode ref, Ref Stage 12, run, end, 9848925520882352
1787729859.682838, NoOp Chain Depth 64 Size 0 Mode ref, Ref Stage 13, run, start, 9848925520897616
1787729859.682860, NoOp Chain Depth 64 Size 0 Mode ref, Ref Stage 13, run, end, 9848925520919392
1787729859.682875, NoOp Chain Depth 64 Size 0 Mode ref, Ref Stage 14, run, start, 9848925520934784
1787729859.682897, NoOp Chain Depth 64 Size 0 Mode ref, Ref Stage 14, run, end, 9848925520956416
1787729859.682912, NoOp Chain Depth 64 Size 0 Mode ref, Ref Stage 15, run, start, 9848925520971472
1787729859.682934, NoOp Chain Depth 64 Size 0 Mode ref, Ref Stage 15, run, end, 9848925520993168
1787729859.682951, NoOp Chain Depth 64 Size 0 Mode ref, Ref Stage 16, run, start, 9848925521009952
1787729859.682975, NoOp Chain Depth 64 Size 0 Mode ref, Ref Stage 16, run, end, 9848925521034000
1787729859.682986, NoOp Chain Depth 64 Size 0 Mode ref, Ref Stage 17, run, start, 9848925521045856
1787729859.683019, NoOp Chain Depth 64 Size 0 Mode ref, Ref Stage 17, run, end, 9848925521078528
1787729859.683034, NoOp Chain Depth 64 Size 0 Mode ref, Ref Stage 18, run, start, 9848925521093696
1787729859.683059, NoOp Chain Depth 64 Size 0 Mode ref, Ref Stage 18, run, end, 9848925521117728
1787729859.683182, NoOp Chain Depth 64 Size 0 Mode ref, Ref Stage 19, run, start, 9848925521241615
1787729859.683205, NoOp Chain Depth 64 Size 0 Mode ref, Ref Stage 19, run, end, 9848925521264399
1787729859.683221, NoOp Chain Depth 64 Size 0 Mode ref, Ref Stage 20, run, start, 9848925521280319
1787729859.683243, NoOp Chain Depth 64 Size 0 Mode ref, Ref Stage 20, run, end, 9848925521302335
1787729859.683258, NoOp Chain Depth 64 Size 0 Mode ref, Ref Stage 21, run, start, 9848925521317407
1787729859.683280, NoOp Chain Depth 64 Size 0 Mode ref, Ref Stage 21, run, end, 9848925521339407
1787729859.683295, NoOp Chain Depth 64 Size 0 Mode ref, Ref Stage 22, run, start, 9848925521354703
1787729859.683319, NoOp Chain Depth 64 Size 0 Mode ref, Ref Stage 22, run, end, 9848925521378047
1787729859.683333, NoOp Chain Depth 64 Size 0 Mode ref, Ref Stage 23, run, start, 9848925521392079
1787729859.683467, NoOp Chain Depth 64 Size 0 Mode ref, Ref Stage 23, run, end, 9848925521526127
1787729859.683482, NoOp Chain Depth 64 Size 0 Mode ref, Ref Stage 24, run, start, 9848925521541343
1787729859.683504, NoOp Chain Depth 64 Size 0 Mode ref, Ref Stage 24, run, end, 9848925521562911
1787729859.683518, NoOp Chain Depth 64 Size 0 Mode ref, Ref Stage 25, run, start, 9848925521577647
1787729859.683540, NoOp Chain Depth 64 Size 0 Mode ref, Ref Stage 25, run, end, 9848925521599231
1787729859.683556, NoOp Chain Depth 64 Size 0 Mode ref, Ref Stage 26, run, start, 9848925521614847
1787729859.683577, NoOp Chain Depth 64 Size 0 Mode ref, Ref Stage 26, run, end, 9848925521636383
1787729859.683592, NoOp Chain Depth 64 Size 0 Mode ref, Ref Stage 27, run, start, 9848925521651279
1787729859.683615, NoOp Chain Depth 64 Size 0 Mode ref, Ref Stage 27, run, end, 9848925521674575
1787729859.683628, NoOp Chain Depth 64 Size 0 Mode ref, Ref Stage 28, run, start, 9848925521686735
1787729859.683660, NoOp Chain Depth 64 Size 0 Mode ref, Ref Stage 28, run, end, 9848925521719183
1787729859.683675, NoOp Chain Depth 64 Size 0 Mode ref, Ref Stage 29, run, start, 9848925521734495
1787729859.683697, NoOp Chain Depth 64 Size 0 Mode ref, Ref Stage 29, run, end, 9848925521756527
1787729859.683821, NoOp Chain Depth 64 Size 0 Mode ref, Ref Stage 30, run, start, 9848925521880223
1787729859.683843, NoOp Chain Depth 64 Size 0 Mode ref, Ref Stage 30, run, end, 9848925521902799
1787729859.683859, NoOp Chain Depth 64 Size 0 Mode ref, Ref Stage 31, run, start, 9848925521918127
1787729859.683881, NoOp Chain Depth 64 Size 0 Mode ref, Ref Stage 31, run, end, 9848925521940047
1787729859.683896, NoOp Chain Depth 64 Size 0 Mode ref, Ref Stage 32, run, start, 9848925521955455
1787729859.683918, NoOp Chain Depth 64 Size 0 Mode ref, Ref Stage 32, run, end, 9848925521977247
1787729859.683933, NoOp Chain Depth 64 Size 0 Mode ref, Ref Stage 33, run, start, 9848925521992223
1787729859.683956, NoOp Chain Depth 64 Size 0 Mode ref, Ref Stage 33, run, end, 9848925522015247
1787729859.683972, NoOp Chain Depth 64 Size 0 Mode ref, Ref Stage 34, run, start, 9848925522030911
1787729859.683994, NoOp Chain Depth 64 Size 0 Mode ref, Ref Stage 34, run, end, 9848925522052991
1787729859.684116, NoOp Chain Depth 64 Size 0 Mode ref, Ref Stage 35, run, start, 9848925522175599
1787729859.684139, NoOp Chain Depth 64 Size 0 Mode ref, Ref Stage 35, run, end, 9848925522198399
1787729859.684155, NoOp Chain Depth 64 Size 0 Mode ref, Ref Stage 36, run, start, 9848925522213935
1787729859.684177, NoOp Chain Depth 64 Size 0 Mode ref, Ref Stage 36, run, end, 9848925522236111
1787729859.684192, NoOp Chain Depth 64 Size 0 Mode ref, Ref Stage 37, run, start, 9848925522251471
1787729859.684216, NoOp Chain Depth 64 Size 0 Mode ref, Ref Stage 37, run, end, 9848925522275007
1787729859.684227, NoOp Chain Depth 64 Size 0 Mode ref, Ref Stage 38, run, start, 9848925522286991
1787729859.684260, NoOp Chain Depth 64 Size 0 Mode ref, Ref Stage 38, run, end, 9848925522318847
1787729859.684277, NoOp Chain Depth 64 Size 0 Mode ref, Ref Stage 39, run, start, 9848925522335807
1787729859.684299, NoOp Chain Depth 64 Size 0 Mode ref, Ref Stage 39, run, end, 9848925522357775
1787729859.684315, NoOp Chain Depth 64 Size 0 Mode ref, Ref Stage 40, run, start, 9848925522373919
1787729859.684340, NoOp Chain Depth 64 Size 0 Mode ref, Ref Stage 40, run, end, 9848925522398975
1787729859.684354, NoOp Chain Depth 64 Size 0 Mode ref, Ref Stage 41, run, start, 9848925522413503
1787729859.684491, NoOp Chain Depth 64 Size 0 Mode ref, Ref Stage 41, run, end, 9848925522550511
1787729859.684506, NoOp Chain Depth 64 Size 0 Mode ref, Ref Stage 42, run, start, 9848925522565919
1787729859.684529, NoOp Chain Depth 64 Size 0 Mode ref, Ref Stage 42, run, end, 9848925522588191
1787729859.684544, NoOp Chain Depth 64 Size 0 Mode ref, Ref Stage 43, run, start, 9848925522603663
1787729859.684568, NoOp Chain Depth 64 Size 0 Mode ref, Ref Stage 43, run, end, 9848925522627119
1787729859.684580, NoOp Chain Depth 64 Size 0 Mode ref, Ref Stage 44, run, start, 9848925522639263
1787729859.684614, NoOp Chain Depth 64 Size 0 Mode ref, Ref Stage 44, run, end, 9848925522673487
1787729859.684626, NoOp Chain Depth 64 Size 0 Mode ref, Ref Stage 45, run, start, 9848925522685519
1787729859.684662, NoOp Chain Depth 64 Size 0 Mode ref, Ref Stage 45, run, end, 9848925522721567
1787729859.684783, NoOp Chain Depth 64 Size 0 Mode ref, Ref Stage 46, run, start, 9848925522842703
1787729859.684806, NoOp Chain Depth 64 Size 0 Mode ref, Ref Stage 46, run, end, 9848925522864991
1787729859.684821, NoOp Chain Depth 64 Size 0 Mode ref, Ref Stage 47, run, start, 9848925522880399
1787729859.684843, NoOp Chain Depth 64 Size 0 Mode ref, Ref Stage 47, run, end, 9848925522902303
1787729859.684858, NoOp Chain Depth 64 Size 0 Mode ref, Ref Stage 48, run, start, 9848925522917583
1787729859.684883, NoOp Chain Depth 64 Size 0 Mode ref, Ref Stage 48, run, end, 9848925522941951
1787729859.684895, NoOp Chain Depth 64 Size 0 Mode ref, Ref Stage 49, run, start, 9848925522953983
1787729859.684928, NoOp Chain Depth 64 Size 0 Mode ref, Ref Stage 49, run, end, 9848925522986927
1787729859.684943, NoOp Chain Depth 64 Size 0 Mode ref, Ref Stage 50, run, start, 9848925523003615
1787729859.684967, NoOp Chain Depth 64 Size 0 Mode ref, Ref Stage 50, run, end, 9848925523026015
1787729859.684983, NoOp Chain Depth 64 Size 0 Mode ref, Ref Stage 51, run, start, 9848925523042015
1787729859.685007, NoOp Chain Depth 64 Size 0 Mode ref, Ref Stage 51, run, end, 9848925523065839
1787729859.685022, NoOp Chain Depth 64 Size 0 Mode ref, Ref Stage 52, run, start, 9848925523081455
1787729859.685048, NoOp Chain Depth 64 Size 0 Mode ref, Ref Stage 52, run, end, 9848925523107215
1787729859.685060, NoOp Chain Depth 64 Size 0 Mode ref, Ref Stage 53, run, start, 9848925523120351
1787729859.685195, NoOp Chain Depth 64 Size 0 Mode ref, Ref Stage 53, run, end, 9848925523254318
1787729859.685210, NoOp Chain Depth 64 Size 0 Mode ref, Ref Stage 54, run, start, 9848925523269758
1787729859.685233, NoOp Chain Depth 64 Size 0 Mode ref, Ref Stage 54, run, end, 9848925523291854
1787729859.685248, NoOp Chain Depth 64 Size 0 Mode ref, Ref Stage 55, run, start, 9848925523307294
1787729859.685270, NoOp Chain Depth 64 Size 0 Mode ref, Ref Stage 55, run, end, 9848925523328766
1787729859.685285, NoOp Chain Depth 64 Size 0 Mode ref, Ref Stage 56, run, start, 9848925523344158
1787729859.685309, NoOp Chain Depth 64 Size 0 Mode ref, Ref Stage 56, run, end, 9848925523368158
1787729859.685325, NoOp Chain Depth 64 Size 0 Mode ref, Ref Stage 57, run, start, 9848925523384430
1787729859.685347, NoOp Chain Depth 64 Size 0 Mode ref, Ref Stage 57, run, end, 9848925523405918
1787729859.685475, NoOp Chain Depth 64 Size 0 Mode ref, Ref Stage 58, run, start, 9848925523534382
1787729859.685497, NoOp Chain Depth 64 Size 0 Mode ref, Ref Stage 58, run, end, 9848925523556894
1787729859.685513, NoOp Chain Depth 64 Size 0 Mode ref, Ref Stage 59, run, start, 9848925523572510
1787729859.685537, NoOp Chain Depth 64 Size 0 Mode ref, Ref Stage 59, run, end, 9848925523596222
1787729859.685549, NoOp Chain Depth 64 Size 0 Mode ref, Ref Stage 60, run, start, 9848925523608302
1787729859.685584, NoOp Chain Depth 64 Size 0 Mode ref, Ref Stage 60, run, end, 9848925523643054
1787729859.685599, NoOp Chain Depth 64 Size 0 Mode ref, Ref Stage 61, run, start, 9848925523658158
1787729859.685621, NoOp Chain Depth 64 Size 0 Mode ref, Ref Stage 61, run, end, 9848925523680062
1787729859.685637, NoOp Chain Depth 64 Size 0 Mode ref, Ref Stage 62, run, start, 9848925523696798
1787729859.685659, NoOp Chain Depth 64 Size 0 Mode ref, Ref Stage 62, run, end, 9848925523718670
1787729859.685675, NoOp Chain Depth 64 Size 0 Mode ref, Ref Stage 63, run, start, 9848925523734542
1787729859.685697, NoOp Chain Depth 64 Size 0 Mode ref, Ref Stage 63, run, end, 9848925523756366
1787729859.685824, NoOp Chain Depth 64 Size 0 Mode ref, pipeline - train, run, end, 132390669082724532055851109198231192082, 1787729859.681979, 80, 1, 9848925523883454
1787729859.685859, NoOp Chain Depth 64 Size 0 Mode ref, pipeline - train, run, start, 146105155879092410029371867042703106284, 1787729859.685849, 81, 1, 9848925523918526
1787729859.685883, NoOp Chain Depth 64 Size 0 Mode ref, Ref Stage 0, run, start, 9848925523942142
1787729859.685905, NoOp Chain Depth 64 Size 0 Mode ref, Ref Stage 0, run, end, 9848925523964606
1787729859.685920, NoOp Chain Depth 64 Size 0 Mode ref, Ref Stage 1, run, start, 9848925523979710
1787729859.685942, NoOp Chain Depth 64 Size 0 Mode ref, Ref Stage 1, run, end, 9848925524003182
1787729859.685960, NoOp Chain Depth 64 Size 0 Mode ref, Ref Stage 2, run, start, 9848925524019278
1787729859.685982, NoOp Chain Depth 64 Size 0 Mode ref, Ref Stage 2, run, end, 9848925524041614
1787729859.686105, NoOp Chain Depth 64 Size 0 Mode ref, Ref Stage 3, run, start, 9848925524164878
1787729859.686128, NoOp Chain Depth 64 Size 0 Mode ref, Ref Stage 3, run, end, 9848925524187678
1787729859.686144, NoOp Chain Depth 64 Size 0 Mode ref, Ref Stage 4, run, start, 9848925524203022
1787729859.686167, NoOp Chain Depth 64 Size 0 Mode ref, Ref Stage 4, run, end, 9848925524226814
1787729859.686180, NoOp Chain Depth 64 Size 0 Mode ref, Ref Stage 5, run, start, 9848925524239118
1787729859.686213, NoOp Chain Depth 64 Size 0 Mode ref, Ref Stage 5, run, end, 9848925524272414
1787729859.686229, NoOp Chain Depth 64 Size 0 Mode ref, Ref Stage 6, run, start, 9848925524287726
1787729859.686250, NoOp Chain Depth 64 Size 0 Mode ref, Ref Stage 6, run, end, 9848925524309710
1787729859.686267, NoOp Chain Depth 64 Size 0 Mode ref, Ref Stage 7, run, start, 9848925524325854
1787729859.686290, NoOp Chain Depth 64 Size 0 Mode ref, Ref Stage 7, run, end, 9848925524349662
1787729859.686303, NoOp Chain Depth 64 Size 0 Mode ref, Ref Stage 8, run, start, 9848925524362030
1787729859.686335, NoOp Chain Depth 64 Size 0 Mode ref, Ref Stage 8, run, end, 9848925524394446
1787729859.686350, NoOp Chain Depth 64 Size 0 Mode ref, Ref Stage 9, run, start, 9848925524409742
1787729859.686373, NoOp Chain Depth 64 Size 0 Mode ref, Ref Stage 9, run, end, 9848925524431822
1787729859.686494, NoOp Chain Depth 64 Size 0 Mode ref, Ref Stage 10, run, start, 9848925524554030
1787729859.686517, NoOp Chain Depth 64 Size 0 Mode ref, Ref Stage 10, run, end, 9848925524576654
1787729859.686532, NoOp Chain Depth 64 Size 0 Mode ref, Ref Stage 11, run, start, 9848925524592062
1787729859.686555, NoOp Chain Depth 64 Size 0 Mode ref, Ref Stage 11, run, end, 9848925524614238
1787729859.686570, NoOp Chain Depth 64 Size 0 Mode ref, Ref Stage 12, run, start, 9848925524629182
1787729859.686592, NoOp Chain Depth 64 Size 0 Mode ref, Ref Stage 12, run, end, 9848925524651102
1787729859.686607, NoOp Chain Depth 64 Size 0 Mode ref, Ref Stage 13, run, start, 9848925524666398
1787729859.686629, NoOp Chain Depth 64 Size 0 Mode ref, Ref Stage 13, run, end, 9848925524688526
1787729859.686645, NoOp Chain Depth 64 Size 0 Mode ref, Ref Stage 14, run, start, 9848925524703950
1787729859.686667, NoOp Chain Depth 64 Size 0 Mode ref, Ref Stage 14, run, end, 9848925524726142
1787729859.686789, NoOp Chain Depth 64 Size 0 Mode ref, Ref Stage 15, run, start, 9848925524848078
1787729859.686817, NoOp Chain Depth 64 Size 0 Mode ref, Ref Stage 15, run, end, 9848925524876462
1787729859.686832, NoOp Chain Depth 64 Size 0 Mode ref, Ref Stage 16, run, start, 9848925524891790
1787729859.686854, NoOp Chain Depth 64 Size 0 Mode ref, Ref Stage 16, run, end, 9848925524913870
1787729859.686870, NoOp Chain Depth 64 Size 0 Mode ref, Ref Stage 17, run, start, 9848925524928926
1787729859.686891, NoOp Chain Depth 64 Size 0 Mode ref, Ref Stage 17, run, end, 9848925524950462
1787729859.686906, NoOp Chain Depth 64 Size 0 Mode ref, Ref Stage 18, run, start, 9848925524965886
1787729859.686930, NoOp Chain Depth 64 Size 0 Mode ref, Ref Stage 18, run, end, 9848925524989358
1787729859.686942, NoOp Chain Depth 64 Size 0 Mode ref, Ref Stage 19, run, start, 9848925525002925
1787729859.686976, NoOp Chain Depth 64 Size 0 Mode ref, Ref Stage 19, run, end, 9848925525035821
1787729859.686992, NoOp Chain Depth 64 Size 0 Mode ref, Ref Stage 20, run, start, 9848925525051229
1787729859.687014, NoOp Chain Depth 64 Size 0 Mode ref, Ref Stage 20, run, end, 9848925525073373
1787729859.687030, NoOp Chain Depth 64 Size 0 Mode ref, Ref Stage 21, run, start, 9848925525089277
1787729859.687055, NoOp Chain Depth 64 Size 0 Mode ref, Ref Stage 21, run, end, 9848925525114493
1787729859.687067, NoOp Chain Depth 64 Size 0 Mode ref, Ref Stage 22, run, start, 9848925525126493
1787729859.687206, NoOp Chain Depth 64 Size 0 Mode ref, Ref Stage 22, run, end, 9848925525265597
1787729859.687222, NoOp Chain Depth 64 Size 0 Mode ref, Ref Stage 23, run, start, 9848925525281245
1787729859.687244, NoOp Chain Depth 64 Size 0 Mode ref, Ref Stage 23, run, end, 9848925525303485
1787729859.687259, NoOp Chain Depth 64 Size 0 Mode ref, Ref Stage 24, run, start, 9848925525318765
1787729859.687281, NoOp Chain Depth 64 Size 0 Mode ref, Ref Stage 24, run, end, 9848925525341021
1787729859.687297, NoOp Chain Depth 64 Size 0 Mode ref, Ref Stage 25, run, start, 9848925525356493
1787729859.687319, NoOp Chain Depth 64 Size 0 Mode ref, Ref Stage 25, run, end, 9848925525378429
1787729859.687334, NoOp Chain Depth 64 Size 0 Mode ref, Ref Stage 26, run, start, 9848925525393805
1787729859.687356, NoOp Chain Depth 64 Size 0 Mode ref, Ref Stage 26, run, end, 9848925525415261
1787729859.687476, NoOp Chain Depth 64 Size 0 Mode ref, Ref Stage 27, run, start, 9848925525535677
1787729859.687499, NoOp Chain Depth 64 Size 0 Mode ref, Ref Stage 27, run, end, 9848925525558269
1787729859.687514, NoOp Chain Depth 64 Size 0 Mode ref, Ref Stage 28, run, start, 9848925525573325
1787729859.687536, NoOp Chain Depth 64 Size 0 Mode ref, Ref Stage 28, run, end, 9848925525595373
1787729859.687551, NoOp Chain Depth 64 Size 0 Mode ref, Ref Stage 29, run, start, 9848925525610157
1787729859.687574, NoOp Chain Depth 64 Size 0 Mode ref, Ref Stage 29, run, end, 9848925525633677
1787729859.687587, NoOp Chain Depth 64 Size 0 Mode ref, Ref Stage 30, run, start, 9848925525645837
1787729859.687618, NoOp Chain Depth 64 Size 0 Mode ref, Ref Stage 30, run, end, 9848925525677949
1787729859.687634, NoOp Chain Depth 64 Size 0 Mode ref, Ref Stage 31, run, start, 9848925525693069
1787729859.687656, NoOp Chain Depth 64 Size 0 Mode ref, Ref Stage 31, run, end, 9848925525715069
1787729859.687673, NoOp Chain Depth 64 Size 0 Mode ref, Ref Stage 32, run, start, 9848925525732605
1787729859.687696, NoOp Chain Depth 64 Size 0 Mode ref, Ref Stage 32, run, end, 9848925525755165
1787729859.687819, NoOp Chain Depth 64 Size 0 Mode ref, Ref Stage 33, run, start, 9848925525877981
1787729859.687841, NoOp Chain Depth 64 Size 0 Mode ref, Ref Stage 33, run, end, 9848925525900765
1787729859.687857, NoOp Chain Depth 64 Size 0 Mode ref, Ref Stage 34, run, start, 9848925525915933
1787729859.687880, NoOp Chain Depth 64 Size 0 Mode ref, Ref Stage 34, run, end, 9848925525939597
1787729859.687893, NoOp Chain Depth 64 Size 0 Mode ref, Ref Stage 35, run, start, 9848925525952061
1787729859.687927, NoOp Chain Depth 64 Size 0 Mode ref, Ref Stage 35, run, end, 9848925525986413
1787729859.687940, NoOp Chain Depth 64 Size 0 Mode ref, Ref Stage 36, run, start, 9848925525999405
1787729859.687976, NoOp Chain Depth 64 Size 0 Mode ref, Ref Stage 36, run, end, 9848925526035581
1787729859.687992, NoOp Chain Depth 64 Size 0 Mode ref, Ref Stage 37, run, start, 9848925526051725
1787729859.688015, NoOp Chain Depth 64 Size 0 Mode ref, Ref Stage 37, run, end, 9848925526074013
1787729859.688137, NoOp Chain Depth 64 Size 0 Mode ref, Ref Stage 38, run, start, 9848925526196637
1787729859.688160, NoOp Chain Depth 64 Size 0 Mode ref, Ref Stage 38, run, end, 9848925526219101
1787729859.688175, NoOp Chain Depth 64 Size 0 Mode ref, Ref Stage 39, run, start, 9848925526234269
1787729859.688198, NoOp Chain Depth 64 Size 0 Mode ref, Ref Stage 39, run, end, 9848925526257645
1787729859.688210, NoOp Chain Depth 64 Size 0 Mode ref, Ref Stage 40, run, start, 9848925526269693
1787729859.688243, NoOp Chain Depth 64 Size 0 Mode ref, Ref Stage 40, run, end, 9848925526302749
1787729859.688259, NoOp Chain Depth 64 Size 0 Mode ref, Ref Stage 41, run, start, 9848925526318045
1787729859.688281, NoOp Chain Depth 64 Size 0 Mode ref, Ref Stage 41, run, end, 9848925526340013
1787729859.688296, NoOp Chain Depth 64 Size 0 Mode ref, Ref Stage 42, run, start, 9848925526355133
1787729859.688318, NoOp Chain Depth 64 Size 0 Mode ref, Ref Stage 42, run, end, 9848925526377357
1787729859.688334, NoOp Chain Depth 64 Size 0 Mode ref, Ref Stage 43, run, start, 9848925526393309
1787729859.688358, NoOp Chain Depth 64 Size 0 Mode ref, Ref Stage 43, run, end, 9848925526416925
1787729859.688371, NoOp Chain Depth 64 Size 0 Mode ref, Ref Stage 44, run, start, 9848925526430877
1787729859.688507, NoOp Chain Depth 64 Size 0 Mode ref, Ref Stage 44, run, end, 9848925526566029
1787729859.688522, NoOp Chain Depth 64 Size 0 Mode ref, Ref Stage 45, run, start, 9848925526581293
1787729859.688545, NoOp Chain Depth 64 Size 0 Mode ref, Ref Stage 45, run, end, 9848925526604845
1787729859.688558, NoOp Chain Depth 64 Size 0 Mode ref, Ref Stage 46, run, start, 9848925526616861
1787729859.688590, NoOp Chain Depth 64 Size 0 Mode ref, Ref Stage 46, run, end, 9848925526649613
1787729859.688606, NoOp Chain Depth 64 Size 0 Mode ref, Ref Stage 47, run, start, 9848925526665005
1787729859.688627, NoOp Chain Depth 64 Size 0 Mode ref, Ref Stage 47, run, end, 9848925526686733
1787729859.688644, NoOp Chain Depth 64 Size 0 Mode ref, Ref Stage 48, run, start, 9848925526702893
1787729859.688667, NoOp Chain Depth 64 Size 0 Mode ref, Ref Stage 48, run, end, 9848925526726813
1787729859.688681, NoOp Chain Depth 64 Size 0 Mode ref, Ref Stage 49, run, start, 9848925526740733
1787729859.688818, NoOp Chain Depth 64 Size 0 Mode ref, Ref Stage 49, run, end, 9848925526877373
1787729859.688833, NoOp Chain Depth 64 Size 0 Mode ref, Ref Stage 50, run, start, 9848925526892765
1787729859.688855, NoOp Chain Depth 64 Size 0 Mode ref, Ref Stage 50, run, end, 9848925526914285
1787729859.688870, NoOp Chain Depth 64 Size 0 Mode ref, Ref Stage 51, run, start, 9848925526929501
1787729859.688894, NoOp Chain Depth 64 Size 0 Mode ref, Ref Stage 51, run, end, 9848925526953037
1787729859.688905, NoOp Chain Depth 64 Size 0 Mode ref, Ref Stage 52, run, start, 9848925526964909
1787729859.688938, NoOp Chain Depth 64 Size 0 Mode ref, Ref Stage 52, run, end, 9848925526997805
1787729859.688955, NoOp Chain Depth 64 Size 0 Mode ref, Ref Stage 53, run, start, 9848925527014541
1787729859.688977, NoOp Chain Depth 64 Size 0 Mode ref, Ref Stage 53, run, end, 9848925527036669
1787729859.688993, NoOp Chain Depth 64 Size 0 Mode ref, Ref Stage 54, run, start, 9848925527052749
1787729859.689016, NoOp Chain Depth 64 Size 0 Mode ref, Ref Stage 54, run, end, 9848925527074860
1787729859.689031, NoOp Chain Depth 64 Size 0 Mode ref, Ref Stage 55, run, start, 9848925527090476
1787729859.689053, NoOp Chain Depth 64 Size 0 Mode ref, Ref Stage 55, run, end, 9848925527112348
1787729859.689177, NoOp Chain Depth 64 Size 0 Mode ref, Ref Stage 56, run, start, 9848925527236732
1787729859.689200, NoOp Chain Depth 64 Size 0 Mode ref, Ref Stage 56, run, end, 9848925527259436
1787729859.689217, NoOp Chain Depth 64 Size 0 Mode ref, Ref Stage 57, run, start, 9848925527276716
1787729859.689241, NoOp Chain Depth 64 Size 0 Mode ref, Ref Stage 57, run, end, 9848925527300396
1787729859.689253, NoOp Chain Depth 64 Size 0 Mode ref, Ref Stage 58, run, start, 9848925527312556
1787729859.689286, NoOp Chain Depth 64 Size 0 Mode ref, Ref Stage 58, run, end, 9848925527345356
1787729859.689301, NoOp Chain Depth 64 Size 0 Mode ref, Ref Stage 59, run, start, 9848925527360668
1787729859.689323, NoOp Chain Depth 64 Size 0 Mode ref, Ref Stage 59, run, end, 9848925527382684
1787729859.689443, NoOp Chain Depth 64 Size 0 Mode ref, Ref Stage 60, run, start, 9848925527502076
1787729859.689466, NoOp Chain Depth 64 Size 0 Mode ref, Ref Stage 60, run, end, 9848925527524908
1787729859.689481, NoOp Chain Depth 64 Size 0 Mode ref, Ref Stage 61, run, start, 9848925527540268
1787729859.689503, NoOp Chain Depth 64 Size 0 Mode ref, Ref Stage 61, run, end, 9848925527562252
1787729859.689518, NoOp Chain Depth 64 Size 0 Mode ref, Ref Stage 62, run, start, 9848925527577340
1787729859.689540, NoOp Chain Depth 64 Size 0 Mode ref, Ref Stage 62, run, end, 9848925527599340
1787729859.689556, NoOp Chain Depth 64 Size 0 Mode ref, Ref Stage 63, run, start, 9848925527615036
1787729859.689579, NoOp Chain Depth 64 Size 0 Mode ref, Ref Stage 63, run, end, 9848925527638204
1787729859.689591, NoOp Chain Depth 64 Size 0 Mode ref, pipeline - train, run, end, 146105155879092410029371867042703106284, 1787729859.685849, 81, 1, 9848925527650396
1787729859.689636, NoOp Chain Depth 64 Size 0 Mode ref, pipeline - train, run, start, 254970451849422143659654095977751704532, 1787729859.689626, 82, 1, 9848925527695660
1787729859.689662, NoOp Chain Depth 64 Size 0 Mode ref, Ref Stage 0, run, start, 9848925527721708
1787729859.689685, NoOp Chain Depth 64 Size 0 Mode ref, Ref Stage 0, run, end, 9848925527744188
1787729859.689701, NoOp Chain Depth 64 Size 0 Mode ref, Ref Stage 1, run, start, 9848925527760204
1787729859.689725, NoOp Chain Depth 64 Size 0 Mode ref, Ref Stage 1, run, end, 9848925527784172
1787729859.689850, NoOp Chain Depth 64 Size 0 Mode ref, Ref Stage 2, run, start, 9848925527909852
1787729859.689873, NoOp Chain Depth 64 Size 0 Mode ref, Ref Stage 2, run, end, 9848925527932716
1787729859.689889, NoOp Chain Depth 64 Size 0 Mode ref, Ref Stage 3, run, start, 9848925527948076
1787729859.689911, NoOp Chain Depth 64 Size 0 Mode ref, Ref Stage 3, run, end, 9848925527970300
1787729859.689927, NoOp Chain Depth 64 Size 0 Mode ref, Ref Stage 4, run, start, 9848925527985932
1787729859.689950, NoOp Chain Depth 64 Size 0 Mode ref, Ref Stage 4, run, end, 9848925528009084
1787729859.689965, NoOp Chain Depth 64 Size 0 Mode ref, Ref Stage 5, run, start, 9848925528025036
1787729859.689988, NoOp Chain Depth 64 Size 0 Mode ref, Ref Stage 5, run, end, 9848925528047052
1787729859.690003, NoOp Chain Depth 64 Size 0 Mode ref, Ref Stage 6, run, start, 9848925528062572
1787729859.690025, NoOp Chain Depth 64 Size 0 Mode ref, Ref Stage 6, run, end, 9848925528084572
1787729859.690152, NoOp Chain Depth 64 Size 0 Mode ref, Ref Stage 7, run, start, 9848925528211276
1787729859.690175, NoOp Chain Depth 64 Size 0 Mode ref, Ref Stage 7, run, end, 9848925528234332
1787729859.690190, NoOp Chain Depth 64 Size 0 Mode ref, Ref Stage 8, run, start, 9848925528249740
1787729859.690212, NoOp Chain Depth 64 Size 0 Mode ref, Ref Stage 8, run, end, 9848925528271756
1787729859.690228, NoOp Chain Depth 64 Size 0 Mode ref, Ref Stage 9, run, start, 9848925528287020
1787729859.690251, NoOp Chain Depth 64 Size 0 Mode ref, Ref Stage 9, run, end, 9848925528310092
1787729859.690263, NoOp Chain Depth 64 Size 0 Mode ref, Ref Stage 10, run, start, 9848925528322044
1787729859.690295, NoOp Chain Depth 64 Size 0 Mode ref, Ref Stage 10, run, end, 9848925528354396
1787729859.690310, NoOp Chain Depth 64 Size 0 Mode ref, Ref Stage 11, run, start, 9848925528369580
1787729859.690332, NoOp Chain Depth 64 Size 0 Mode ref, Ref Stage 11, run, end, 9848925528391804
1787729859.690350, NoOp Chain Depth 64 Size 0 Mode ref, Ref Stage 12, run, start, 9848925528408876
1787729859.690376, NoOp Chain Depth 64 Size 0 Mode ref, Ref Stage 12, run, end, 9848925528434988
1787729859.690505, NoOp Chain Depth 64 Size 0 Mode ref, Ref Stage 13, run, start, 9848925528564124
1787729859.690527, NoOp Chain Depth 64 Size 0 Mode ref, Ref Stage 13, run, end, 9848925528586860
1787729859.690543, NoOp Chain Depth 64 Size 0 Mode ref, Ref Stage 14, run, start, 9848925528602668
1787729859.690567, NoOp Chain Depth 64 Size 0 Mode ref, Ref Stage 14, run, end, 9848925528626268
1787729859.690579, NoOp Chain Depth 64 Size 0 Mode ref, Ref Stage 15, run, start, 9848925528638316
1787729859.690612, NoOp Chain Depth 64 Size 0 Mode ref, Ref Stage 15, run, end, 9848925528671276
1787729859.690627, NoOp Chain Depth 64 Size 0 Mode ref, Ref Stage 16, run, start, 9848925528686444
1787729859.690649, NoOp Chain Depth 64 Size 0 Mode ref, Ref Stage 16, run, end, 9848925528708428
1787729859.690665, NoOp Chain Depth 64 Size 0 Mode ref, Ref Stage 17, run, start, 9848925528724876
1787729859.690687, NoOp Chain Depth 64 Size 0 Mode ref, Ref Stage 17, run, end, 9848925528746316
1787729859.690808, NoOp Chain Depth 64 Size 0 Mode ref, Ref Stage 18, run, start, 9848925528867852
1787729859.690831, NoOp Chain Depth 64 Size 0 Mode ref, Ref Stage 18, run, end, 9848925528890684
1787729859.690847, NoOp Chain Depth 64 Size 0 Mode ref, Ref Stage 19, run, start, 9848925528906140
1787729859.690869, NoOp Chain Depth 64 Size 0 Mode ref, Ref Stage 19, run, end, 9848925528928348
1787729859.690884, NoOp Chain Depth 64 Size 0 Mode ref, Ref Stage 20, run, start, 9848925528943403
1787729859.690908, NoOp Chain Depth 64 Size 0 Mode ref, Ref Stage 20, run, end, 9848925528967243
1787729859.690920, NoOp Chain Depth 64 Size 0 Mode ref, Ref Stage 21, run, start, 9848925528979387
1787729859.690954, NoOp Chain Depth 64 Size 0 Mode ref, Ref Stage 21, run, end, 9848925529013195
1787729859.690970, NoOp Chain Depth 64 Size 0 Mode ref, Ref Stage 22, run, start, 9848925529029163
1787729859.690992, NoOp Chain Depth 64 Size 0 Mode ref, Ref Stage 22, run, end, 9848925529051275
1787729859.691008, NoOp Chain Depth 64 Size 0 Mode ref, Ref Stage 23, run, start, 9848925529067339
1787729859.691030, NoOp Chain Depth 64 Size 0 Mode ref, Ref Stage 23, run, end, 9848925529089323
1787729859.691045, NoOp Chain Depth 64 Size 0 Mode ref, Ref Stage 24, run, start, 9848925529104763
1787729859.691068, NoOp Chain Depth 64 Size 0 Mode ref, Ref Stage 24, run, end, 9848925529127227
1787729859.691188, NoOp Chain Depth 64 Size 0 Mode ref, Ref Stage 25, run, start, 9848925529247659
1787729859.691211, NoOp Chain Depth 64 Size 0 Mode ref, Ref Stage 25, run, end, 9848925529270059
1787729859.691226, NoOp Chain Depth 64 Size 0 Mode ref, Ref Stage 26, run, start, 9848925529285355
1787729859.691249, NoOp Chain Depth 64 Size 0 Mode ref, Ref Stage 26, run, end, 9848925529308795
1787729859.691262, NoOp Chain Depth 64 Size 0 Mode ref, Ref Stage 27, run, start, 9848925529321275
1787729859.691295, NoOp Chain Depth 64 Size 0 Mode ref, Ref Stage 27, run, end, 9848925529354475
1787729859.691310, NoOp Chain Depth 64 Size 0 Mode ref, Ref Stage 28, run, start, 9848925529369675
1787729859.691333, NoOp Chain Depth 64 Size 0 Mode ref, Ref Stage 28, run, end, 9848925529392811
1787729859.691350, NoOp Chain Depth 64 Size 0 Mode ref, Ref Stage 29, run, start, 9848925529409387
1787729859.691373, NoOp Chain Depth 64 Size 0 Mode ref, Ref Stage 29, run, end, 9848925529432267
1787729859.691494, NoOp Chain Depth 64 Size 0 Mode ref, Ref Stage 30, run, start, 9848925529553355
1787729859.691516, NoOp Chain Depth 64 Size 0 Mode ref, Ref Stage 30, run, end, 9848925529575531
1787729859.691531, NoOp Chain Depth 64 Size 0 Mode ref, Ref Stage 31, run, start, 9848925529590763
1787729859.691554, NoOp Chain Depth 64 Size 0 Mode ref, Ref Stage 31, run, end, 9848925529612859
1787729859.691569, NoOp Chain Depth 64 Size 0 Mode ref, Ref Stage 32, run, start, 9848925529628075
1787729859.691592, NoOp Chain Depth 64 Size 0 Mode ref, Ref Stage 32, run, end, 9848925529651467
1787729859.691604, NoOp Chain Depth 64 Size 0 Mode ref, Ref Stage 33, run, start, 9848925529663659
1787729859.691639, NoOp Chain Depth 64 Size 0 Mode ref, Ref Stage 33, run, end, 9848925529698299
1787729859.691654, NoOp Chain Depth 64 Size 0 Mode ref, Ref Stage 34, run, start, 9848925529713691
1787729859.691679, NoOp Chain Depth 64 Size 0 Mode ref, Ref Stage 34, run, end, 9848925529738027
1787729859.691691, NoOp Chain Depth 64 Size 0 Mode ref, Ref Stage 35, run, start, 9848925529750203
1787729859.691721, NoOp Chain Depth 64 Size 0 Mode ref, Ref Stage 35, run, end, 9848925529780315
1787729859.691844, NoOp Chain Depth 64 Size 0 Mode ref, Ref Stage 36, run, start, 9848925529903931
1787729859.691867, NoOp Chain Depth 64 Size 0 Mode ref, Ref Stage 36, run, end, 9848925529926587
1787729859.691883, NoOp Chain Depth 64 Size 0 Mode ref, Ref Stage 37, run, start, 9848925529942043
1787729859.691906, NoOp Chain Depth 64 Size 0 Mode ref, Ref Stage 37, run, end, 9848925529965883
1787729859.691919, NoOp Chain Depth 64 Size 0 Mode ref, Ref Stage 38, run, start, 9848925529977995
1787729859.691953, NoOp Chain Depth 64 Size 0 Mode ref, Ref Stage 38, run, end, 9848925530012555
1787729859.691969, NoOp Chain Depth 64 Size 0 Mode ref, Ref Stage 39, run, start, 9848925530028603
1787729859.691991, NoOp Chain Depth 64 Size 0 Mode ref, Ref Stage 39, run, end, 9848925530050603
1787729859.692008, NoOp Chain Depth 64 Size 0 Mode ref, Ref Stage 40, run, start, 9848925530067147
1787729859.692031, NoOp Chain Depth 64 Size 0 Mode ref, Ref Stage 40, run, end, 9848925530090859
1787729859.692156, NoOp Chain Depth 64 Size 0 Mode ref, Ref Stage 41, run, start, 9848925530215259
1787729859.692178, NoOp Chain Depth 64 Size 0 Mode ref, Ref Stage 41, run, end, 9848925530237835
1787729859.692194, NoOp Chain Depth 64 Size 0 Mode ref, Ref Stage 42, run, start, 9848925530253707
1787729859.692218, NoOp Chain Depth 64 Size 0 Mode ref, Ref Stage 42, run, end, 9848925530277467
1787729859.692230, NoOp Chain Depth 64 Size 0 Mode ref, Ref Stage 43, run, start, 9848925530289595
1787729859.692264, NoOp Chain Depth 64 Size 0 Mode ref, Ref Stage 43, run, end, 9848925530322843
1787729859.692279, NoOp Chain Depth 64 Size 0 Mode ref, Ref Stage 44, run, start, 9848925530338379
1787729859.692301, NoOp Chain Depth 64 Size 0 Mode ref, Ref Stage 44, run, end, 9848925530360299
1787729859.692317, NoOp Chain Depth 64 Size 0 Mode ref, Ref Stage 45, run, start, 9848925530375643
1787729859.692338, NoOp Chain Depth 64 Size 0 Mode ref, Ref Stage 45, run, end, 9848925530397739
1787729859.692355, NoOp Chain Depth 64 Size 0 Mode ref, Ref Stage 46, run, start, 9848925530414091
1787729859.692377, NoOp Chain Depth 64 Size 0 Mode ref, Ref Stage 46, run, end, 9848925530436299
1787729859.692392, NoOp Chain Depth 64 Size 0 Mode ref, Ref Stage 47, run, start, 9848925530451899
1787729859.692420, NoOp Chain Depth 64 Size 0 Mode ref, Ref Stage 47, run, end, 9848925530479291
1787729859.692432, NoOp Chain Depth 64 Size 0 Mode ref, Ref Stage 48, run, start, 9848925530491339
1787729859.692567, NoOp Chain Depth 64 Size 0 Mode ref, Ref Stage 48, run, end, 9848925530626011
1787729859.692582, NoOp Chain Depth 64 Size 0 Mode ref, Ref Stage 49, run, start, 9848925530641323
1787729859.692604, NoOp Chain Depth 64 Size 0 Mode ref, Ref Stage 49, run, end, 9848925530663483
1787729859.692619, NoOp Chain Depth 64 Size 0 Mode ref, Ref Stage 50, run, start, 9848925530678379
1787729859.692641, NoOp Chain Depth 64 Size 0 Mode ref, Ref Stage 50, run, end, 9848925530700187
1787729859.692656, NoOp Chain Depth 64 Size 0 Mode ref, Ref Stage 51, run, start, 9848925530715851
1787729859.692678, NoOp Chain Depth 64 Size 0 Mode ref, Ref Stage 51, run, end, 9848925530737835
1787729859.692800, NoOp Chain Depth 64 Size 0 Mode ref, Ref Stage 52, run, start, 9848925530859226
1787729859.692822, NoOp Chain Depth 64 Size 0 Mode ref, Ref Stage 52, run, end, 9848925530881530
1787729859.692838, NoOp Chain Depth 64 Size 0 Mode ref, Ref Stage 53, run, start, 9848925530897226
1787729859.692860, NoOp Chain Depth 64 Size 0 Mode ref, Ref Stage 53, run, end, 9848925530919226
1787729859.692877, NoOp Chain Depth 64 Size 0 Mode ref, Ref Stage 54, run, start, 9848925530935898
1787729859.692899, NoOp Chain Depth 64 Size 0 Mode ref, Ref Stage 54, run, end, 9848925530957754
1787729859.692914, NoOp Chain Depth 64 Size 0 Mode ref, Ref Stage 55, run, start, 9848925530973242
1787729859.692937, NoOp Chain Depth 64 Size 0 Mode ref, Ref Stage 55, run, end, 9848925530996586
1787729859.692950, NoOp Chain Depth 64 Size 0 Mode ref, Ref Stage 56, run, start, 9848925531009946
1787729859.692984, NoOp Chain Depth 64 Size 0 Mode ref, Ref Stage 56, run, end, 9848925531043322
1787729859.692999, NoOp Chain Depth 64 Size 0 Mode ref, Ref Stage 57, run, start, 9848925531058890
1787729859.693022, NoOp Chain Depth 64 Size 0 Mode ref, Ref Stage 57, run, end, 9848925531080906
1787729859.693037, NoOp Chain Depth 64 Size 0 Mode ref, Ref Stage 58, run, start, 9848925531096890
1787729859.693060, NoOp Chain Depth 64 Size 0 Mode ref, Ref Stage 58, run, end, 9848925531119002
1787729859.693075, NoOp Chain Depth 64 Size 0 Mode ref, Ref Stage 59, run, start, 9848925531134362
1787729859.693099, NoOp Chain Depth 64 Size 0 Mode ref, Ref Stage 59, run, end, 9848925531157722
1787729859.693110, NoOp Chain Depth 64 Size 0 Mode ref, Ref Stage 60, run, start, 9848925531169818
1787729859.693143, NoOp Chain Depth 64 Size 0 Mode ref, Ref Stage 60, run, end, 9848925531202490
1787729859.693158, NoOp Chain Depth 64 Size 0 Mode ref, Ref Stage 61, run, start, 9848925531217706
1787729859.693181, NoOp Chain Depth 64 Size 0 Mode ref, Ref Stage 61, run, end, 9848925531239834
1787729859.693305, NoOp Chain Depth 64 Size 0 Mode ref, Ref Stage 62, run, start, 9848925531364474
1787729859.693327, NoOp Chain Depth 64 Size 0 Mode ref, Ref Stage 62, run, end, 9848925531386794
1787729859.693343, NoOp Chain Depth 64 Size 0 Mode ref, Ref Stage 63, run, start, 9848925531402778
1787729859.693367, NoOp Chain Depth 64 Size 0 Mode ref, Ref Stage 63, run, end, 9848925531426234
1787729859.693379, NoOp Chain Depth 64 Size 0 Mode ref, pipeline - train, run, end, 254970451849422143659654095977751704532, 1787729859.689626, 82, 1, 9848925531438378
1787729859.693425, NoOp Chain Depth 64 Size 0 Mode ref, pipeline - train, run, start, 218010633545382703037075805050101095589, 1787729859.693415, 83, 1, 9848925531484890
1787729859.693449, NoOp Chain Depth 64 Size 0 Mode ref, Ref Stage 0, run, start, 9848925531508154
1787729859.693472, NoOp Chain Depth 64 Size 0 Mode ref, Ref Stage 0, run, end, 9848925531530922
1787729859.693593, NoOp Chain Depth 64 Size 0 Mode ref, Ref Stage 1, run, start, 9848925531652826
1787729859.693616, NoOp Chain Depth 64 Size 0 Mode ref, Ref Stage 1, run, end, 9848925531675674
1787729859.693632, NoOp Chain Depth 64 Size 0 Mode ref, Ref Stage 2, run, start, 9848925531691306
1787729859.693654, NoOp Chain Depth 64 Size 0 Mode ref, Ref Stage 2, run, end, 9848925531713722
1787729859.693670, NoOp Chain Depth 64 Size 0 Mode ref, Ref Stage 3, run, start, 9848925531729050
1787729859.693692, NoOp Chain Depth 64 Size 0 Mode ref, Ref Stage 3, run, end, 9848925531751242
1787729859.693707, NoOp Chain Depth 64 Size 0 Mode ref, Ref Stage 4, run, start, 9848925531766442
1787729859.693729, NoOp Chain Depth 64 Size 0 Mode ref, Ref Stage 4, run, end, 9848925531788234
1787729859.693745, NoOp Chain Depth 64 Size 0 Mode ref, Ref Stage 5, run, start, 9848925531803994
1787729859.693767, NoOp Chain Depth 64 Size 0 Mode ref, Ref Stage 5, run, end, 9848925531825818
1787729859.693782, NoOp Chain Depth 64 Size 0 Mode ref, Ref Stage 6, run, start, 9848925531841194
1787729859.693805, NoOp Chain Depth 64 Size 0 Mode ref, Ref Stage 6, run, end, 9848925531864922
1787729859.693818, NoOp Chain Depth 64 Size 0 Mode ref, Ref Stage 7, run, start, 9848925531877178
1787729859.693854, NoOp Chain Depth 64 Size 0 Mode ref, Ref Stage 7, run, end, 9848925531913386
1787729859.693974, NoOp Chain Depth 64 Size 0 Mode ref, Ref Stage 8, run, start, 9848925532033706
1787729859.693998, NoOp Chain Depth 64 Size 0 Mode ref, Ref Stage 8, run, end, 9848925532057114
1787729859.694013, NoOp Chain Depth 64 Size 0 Mode ref, Ref Stage 9, run, start, 9848925532072346
1787729859.694037, NoOp Chain Depth 64 Size 0 Mode ref, Ref Stage 9, run, end, 9848925532095962
1787729859.694052, NoOp Chain Depth 64 Size 0 Mode ref, Ref Stage 10, run, start, 9848925532110954
1787729859.694074, NoOp Chain Depth 64 Size 0 Mode ref, Ref Stage 10, run, end, 9848925532132778
1787729859.694089, NoOp Chain Depth 64 Size 0 Mode ref, Ref Stage 11, run, start, 9848925532148394
1787729859.694111, NoOp Chain Depth 64 Size 0 Mode ref, Ref Stage 11, run, end, 9848925532170218
1787729859.694126, NoOp Chain Depth 64 Size 0 Mode ref, Ref Stage 12, run, start, 9848925532185226
1787729859.694151, NoOp Chain Depth 64 Size 0 Mode ref, Ref Stage 12, run, end, 9848925532210394
1787729859.694163, NoOp Chain Depth 64 Size 0 Mode ref, Ref Stage 13, run, start, 9848925532222378
1787729859.694304, NoOp Chain Depth 64 Size 0 Mode ref, Ref Stage 13, run, end, 9848925532363146
1787729859.694319, NoOp Chain Depth 64 Size 0 Mode ref, Ref Stage 14, run, start, 9848925532378506
1787729859.694341, NoOp Chain Depth 64 Size 0 Mode ref, Ref Stage 14, run, end, 9848925532400362
1787729859.694356, NoOp Chain Depth 64 Size 0 Mode ref, Ref Stage 15, run, start, 9848925532415514
1787729859.694378, NoOp Chain Depth 64 Size 0 Mode ref, Ref Stage 15, run, end, 9848925532437466
1787729859.694394, NoOp Chain Depth 64 Size 0 Mode ref, Ref Stage 16, run, start, 9848925532452874
1787729859.694416, NoOp Chain Depth 64 Size 0 Mode ref, Ref Stage 16, run, end, 9848925532475162
1787729859.694431, NoOp Chain Depth 64 Size 0 Mode ref, Ref Stage 17, run, start, 9848925532490426
1787729859.694454, NoOp Chain Depth 64 Size 0 Mode ref, Ref Stage 17, run, end, 9848925532513850
1787729859.694466, NoOp Chain Depth 64 Size 0 Mode ref, Ref Stage 18, run, start, 9848925532525626
1787729859.694499, NoOp Chain Depth 64 Size 0 Mode ref, Ref Stage 18, run, end, 9848925532557834
1787729859.694513, NoOp Chain Depth 64 Size 0 Mode ref, Ref Stage 19, run, start, 9848925532572922
1787729859.694536, NoOp Chain Depth 64 Size 0 Mode ref, Ref Stage 19, run, end, 9848925532594890
1787729859.694662, NoOp Chain Depth 64 Size 0 Mode ref, Ref Stage 20, run, start, 9848925532721226
1787729859.694685, NoOp Chain Depth 64 Size 0 Mode ref, Ref Stage 20, run, end, 9848925532743594
1787729859.694700, NoOp Chain Depth 64 Size 0 Mode ref, Ref Stage 21, run, start, 9848925532758922
1787729859.694722, NoOp Chain Depth 64 Size 0 Mode ref, Ref Stage 21, run, end, 9848925532781450
1787729859.694737, NoOp Chain Depth 64 Size 0 Mode ref, Ref Stage 22, run, start, 9848925532796666
1787729859.694759, NoOp Chain Depth 64 Size 0 Mode ref, Ref Stage 22, run, end, 9848925532818474
1787729859.694775, NoOp Chain Depth 64 Size 0 Mode ref, Ref Stage 23, run, start, 9848925532833802
1787729859.694797, NoOp Chain Depth 64 Size 0 Mode ref, Ref Stage 23, run, end, 9848925532855866
1787729859.694917, NoOp Chain Depth 64 Size 0 Mode ref, Ref Stage 24, run, start, 9848925532976649
1787729859.694940, NoOp Chain Depth 64 Size 0 Mode ref, Ref Stage 24, run, end, 9848925532999033
1787729859.694957, NoOp Chain Depth 64 Size 0 Mode ref, Ref Stage 25, run, start, 9848925533016105
1787729859.694979, NoOp Chain Depth 64 Size 0 Mode ref, Ref Stage 25, run, end, 9848925533038041
1787729859.694994, NoOp Chain Depth 64 Size 0 Mode ref, Ref Stage 26, run, start, 9848925533053129
1787729859.695016, NoOp Chain Depth 64 Size 0 Mode ref, Ref Stage 26, run, end, 9848925533075161
1787729859.695031, NoOp Chain Depth 64 Size 0 Mode ref, Ref Stage 27, run, start, 9848925533090233
1787729859.695053, NoOp Chain Depth 64 Size 0 Mode ref, Ref Stage 27, run, end, 9848925533112201
1787729859.695068, NoOp Chain Depth 64 Size 0 Mode ref, Ref Stage 28, run, start, 9848925533127177
1787729859.695090, NoOp Chain Depth 64 Size 0 Mode ref, Ref Stage 28, run, end, 9848925533148953
1787729859.695105, NoOp Chain Depth 64 Size 0 Mode ref, Ref Stage 29, run, start, 9848925533164233
1787729859.695128, NoOp Chain Depth 64 Size 0 Mode ref, Ref Stage 29, run, end, 9848925533187721
1787729859.695140, NoOp Chain Depth 64 Size 0 Mode ref, Ref Stage 30, run, start, 9848925533199721
1787729859.695175, NoOp Chain Depth 64 Size 0 Mode ref, Ref Stage 30, run, end, 9848925533234297
1787729859.695190, NoOp Chain Depth 64 Size 0 Mode ref, Ref Stage 31, run, start, 9848925533250009
1787729859.695214, NoOp Chain Depth 64 Size 0 Mode ref, Ref Stage 31, run, end, 9848925533273545
1787729859.695336, NoOp Chain Depth 64 Size 0 Mode ref, Ref Stage 32, run, start, 9848925533395801
1787729859.695359, NoOp Chain Depth 64 Size 0 Mode ref, Ref Stage 32, run, end, 9848925533417929
1787729859.695374, NoOp Chain Depth 64 Size 0 Mode ref, Ref Stage 33, run, start, 9848925533433225
1787729859.695396, NoOp Chain Depth 64 Size 0 Mode ref, Ref Stage 33, run, end, 9848925533455177
1787729859.695411, NoOp Chain Depth 64 Size 0 Mode ref, Ref Stage 34, run, start, 9848925533470745
1787729859.695433, NoOp Chain Depth 64 Size 0 Mode ref, Ref Stage 34, run, end, 9848925533492633
1787729859.695449, NoOp Chain Depth 64 Size 0 Mode ref, Ref Stage 35, run, start, 9848925533507961
1787729859.695472, NoOp Chain Depth 64 Size 0 Mode ref, Ref Stage 35, run, end, 9848925533531529
1787729859.695487, NoOp Chain Depth 64 Size 0 Mode ref, Ref Stage 36, run, start, 9848925533545865
1787729859.695626, NoOp Chain Depth 64 Size 0 Mode ref, Ref Stage 36, run, end, 9848925533685417
1787729859.695641, NoOp Chain Depth 64 Size 0 Mode ref, Ref Stage 37, run, start, 9848925533700617
1787729859.695663, NoOp Chain Depth 64 Size 0 Mode ref, Ref Stage 37, run, end, 9848925533722489
1787729859.695678, NoOp Chain Depth 64 Size 0 Mode ref, Ref Stage 38, run, start, 9848925533737673
1787729859.695700, NoOp Chain Depth 64 Size 0 Mode ref, Ref Stage 38, run, end, 9848925533759737
1787729859.695716, NoOp Chain Depth 64 Size 0 Mode ref, Ref Stage 39, run, start, 9848925533775209
1787729859.695738, NoOp Chain Depth 64 Size 0 Mode ref, Ref Stage 39, run, end, 9848925533796873
1787729859.695752, NoOp Chain Depth 64 Size 0 Mode ref, Ref Stage 40, run, start, 9848925533811817
1787729859.695776, NoOp Chain Depth 64 Size 0 Mode ref, Ref Stage 40, run, end, 9848925533834729
1787729859.695787, NoOp Chain Depth 64 Size 0 Mode ref, Ref Stage 41, run, start, 9848925533846649
1787729859.695820, NoOp Chain Depth 64 Size 0 Mode ref, Ref Stage 41, run, end, 9848925533879161
1787729859.695835, NoOp Chain Depth 64 Size 0 Mode ref, Ref Stage 42, run, start, 9848925533894393
1787729859.695858, NoOp Chain Depth 64 Size 0 Mode ref, Ref Stage 42, run, end, 9848925533916953
1787729859.695984, NoOp Chain Depth 64 Size 0 Mode ref, Ref Stage 43, run, start, 9848925534043657
1787729859.696007, NoOp Chain Depth 64 Size 0 Mode ref, Ref Stage 43, run, end, 9848925534066697
1787729859.696023, NoOp Chain Depth 64 Size 0 Mode ref, Ref Stage 44, run, start, 9848925534082153
1787729859.696045, NoOp Chain Depth 64 Size 0 Mode ref, Ref Stage 44, run, end, 9848925534104137
1787729859.696060, NoOp Chain Depth 64 Size 0 Mode ref, Ref Stage 45, run, start, 9848925534119081
1787729859.696082, NoOp Chain Depth 64 Size 0 Mode ref, Ref Stage 45, run, end, 9848925534141321
1787729859.696097, NoOp Chain Depth 64 Size 0 Mode ref, Ref Stage 46, run, start, 9848925534156569
1787729859.696121, NoOp Chain Depth 64 Size 0 Mode ref, Ref Stage 46, run, end, 9848925534180329
1787729859.696133, NoOp Chain Depth 64 Size 0 Mode ref, Ref Stage 47, run, start, 9848925534192265
1787729859.696168, NoOp Chain Depth 64 Size 0 Mode ref, Ref Stage 47, run, end, 9848925534227657
1787729859.696184, NoOp Chain Depth 64 Size 0 Mode ref, Ref Stage 48, run, start, 9848925534243289
1787729859.696207, NoOp Chain Depth 64 Size 0 Mode ref, Ref Stage 48, run, end, 9848925534266745
1787729859.696328, NoOp Chain Depth 64 Size 0 Mode ref, Ref Stage 49, run, start, 9848925534387785
1787729859.696351, NoOp Chain Depth 64 Size 0 Mode ref, Ref Stage 49, run, end, 9848925534410617
1787729859.696367, NoOp Chain Depth 64 Size 0 Mode ref, Ref Stage 50, run, start, 9848925534426105
1787729859.696389, NoOp Chain Depth 64 Size 0 Mode ref, Ref Stage 50, run, end, 9848925534448185
1787729859.696404, NoOp Chain Depth 64 Size 0 Mode ref, Ref Stage 51, run, start, 9848925534463289
1787729859.696429, NoOp Chain Depth 64 Size 0 Mode ref, Ref Stage 51, run, end, 9848925534488457
1787729859.696441, NoOp Chain Depth 64 Size 0 Mode ref, Ref Stage 52, run, start, 9848925534500249
1787729859.696473, NoOp Chain Depth 64 Size 0 Mode ref, Ref Stage 52, run, end, 9848925534532601
1787729859.696488, NoOp Chain Depth 64 Size 0 Mode ref, Ref Stage 53, run, start, 9848925534547785
1787729859.696511, NoOp Chain Depth 64 Size 0 Mode ref, Ref Stage 53, run, end, 9848925534569673
1787729859.696527, NoOp Chain Depth 64 Size 0 Mode ref, Ref Stage 54, run, start, 9848925534586009
1787729859.696548, NoOp Chain Depth 64 Size 0 Mode ref, Ref Stage 54, run, end, 9848925534607657
1787729859.696671, NoOp Chain Depth 64 Size 0 Mode ref, Ref Stage 55, run, start, 9848925534730792
1787729859.696694, NoOp Chain Depth 64 Size 0 Mode ref, Ref Stage 55, run, end, 9848925534753368
1787729859.696709, NoOp Chain Depth 64 Size 0 Mode ref, Ref Stage 56, run, start, 9848925534768440
1787729859.696731, NoOp Chain Depth 64 Size 0 Mode ref, Ref Stage 56, run, end, 9848925534790200
1787729859.696746, NoOp Chain Depth 64 Size 0 Mode ref, Ref Stage 57, run, start, 9848925534805240
1787729859.696768, NoOp Chain Depth 64 Size 0 Mode ref, Ref Stage 57, run, end, 9848925534826712
1787729859.696783, NoOp Chain Depth 64 Size 0 Mode ref, Ref Stage 58, run, start, 9848925534842248
1787729859.696807, NoOp Chain Depth 64 Size 0 Mode ref, Ref Stage 58, run, end, 9848925534866152
1787729859.696823, NoOp Chain Depth 64 Size 0 Mode ref, Ref Stage 59, run, start, 9848925534882360
1787729859.696845, NoOp Chain Depth 64 Size 0 Mode ref, Ref Stage 59, run, end, 9848925534904344
1787729859.696964, NoOp Chain Depth 64 Size 0 Mode ref, Ref Stage 60, run, start, 9848925535023992
1787729859.696988, NoOp Chain Depth 64 Size 0 Mode ref, Ref Stage 60, run, end, 9848925535047528
1787729859.697004, NoOp Chain Depth 64 Size 0 Mode ref, Ref Stage 61, run, start, 9848925535062840
1787729859.697027, NoOp Chain Depth 64 Size 0 Mode ref, Ref Stage 61, run, end, 9848925535086696
1787729859.697042, NoOp Chain Depth 64 Size 0 Mode ref, Ref Stage 62, run, start, 9848925535101000
1787729859.697089, NoOp Chain Depth 64 Size 0 Mode ref, Ref Stage 62, run, end, 9848925535148808
1787729859.697105, NoOp Chain Depth 64 Size 0 Mode ref, Ref Stage 63, run, start, 9848925535164456
1787729859.697127, NoOp Chain Depth 64 Size 0 Mode ref, Ref Stage 63, run, end, 9848925535186408
1787729859.697143, NoOp Chain Depth 64 Size 0 Mode ref, pipeline - train, run, end, 218010633545382703037075805050101095589, 1787729859.693415, 83, 1, 9848925535202680
1787729859.697283, NoOp Chain Depth 64 Size 0 Mode ref, pipeline - train, run, start, 10971573623481772744920381425917037530, 1787729859.697168, 84, 1, 9848925535342968
1787729859.697307, NoOp Chain Depth 64 Size 0 Mode ref, Ref Stage 0, run, start, 9848925535366760
1787729859.697332, NoOp Chain Depth 64 Size 0 Mode ref, Ref Stage 0, run, end, 9848925535391096
1787729859.697344, NoOp Chain Depth 64 Size 0 Mode ref, Ref Stage 1, run, start, 9848925535403560
1787729859.697377, NoOp Chain Depth 64 Size 0 Mode ref, Ref Stage 1, run, end, 9848925535436712
1787729859.697392, NoOp Chain Depth 64 Size 0 Mode ref, Ref Stage 2, run, start, 9848925535451832
1787729859.697415, NoOp Chain Depth 64 Size 0 Mode ref, Ref Stage 2, run, end, 9848925535474184
1787729859.697431, NoOp Chain Depth 64 Size 0 Mode ref, Ref Stage 3, run, start, 9848925535490328
1787729859.697453, NoOp Chain Depth 64 Size 0 Mode ref, Ref Stage 3, run, end, 9848925535512104
1787729859.697468, NoOp Chain Depth 64 Size 0 Mode ref, Ref Stage 4, run, start, 9848925535527000
1787729859.697490, NoOp Chain Depth 64 Size 0 Mode ref, Ref Stage 4, run, end, 9848925535548696
1787729859.697608, NoOp Chain Depth 64 Size 0 Mode ref, Ref Stage 5, run, start, 9848925535668024
1787729859.697631, NoOp Chain Depth 64 Size 0 Mode ref, Ref Stage 5, run, end, 9848925535690408
1787729859.697646, NoOp Chain Depth 64 Size 0 Mode ref, Ref Stage 6, run, start, 9848925535705784
1787729859.697670, NoOp Chain Depth 64 Size 0 Mode ref, Ref Stage 6, run, end, 9848925535729672
1787729859.697686, NoOp Chain Depth 64 Size 0 Mode ref, Ref Stage 7, run, start, 9848925535744984
1787729859.697709, NoOp Chain Depth 64 Size 0 Mode ref, Ref Stage 7, run, end, 9848925535768440
1787729859.697721, NoOp Chain Depth 64 Size 0 Mode ref, Ref Stage 8, run, start, 9848925535780264
1787729859.697753, NoOp Chain Depth 64 Size 0 Mode ref, Ref Stage 8, run, end, 9848925535812568
1787729859.697769, NoOp Chain Depth 64 Size 0 Mode ref, Ref Stage 9, run, start, 9848925535828632
1787729859.697792, NoOp Chain Depth 64 Size 0 Mode ref, Ref Stage 9, run, end, 9848925535850664
1787729859.697807, NoOp Chain Depth 64 Size 0 Mode ref, Ref Stage 10, run, start, 9848925535865992
1787729859.697830, NoOp Chain Depth 64 Size 0 Mode ref, Ref Stage 10, run, end, 9848925535889400
1787729859.697846, NoOp Chain Depth 64 Size 0 Mode ref, Ref Stage 11, run, start, 9848925535905192
1787729859.697872, NoOp Chain Depth 64 Size 0 Mode ref, Ref Stage 11, run, end, 9848925535931288
1787729859.697884, NoOp Chain Depth 64 Size 0 Mode ref, Ref Stage 12, run, start, 9848925535943400
1787729859.698024, NoOp Chain Depth 64 Size 0 Mode ref, Ref Stage 12, run, end, 9848925536083560
1787729859.698040, NoOp Chain Depth 64 Size 0 Mode ref, Ref Stage 13, run, start, 9848925536098952
1787729859.698061, NoOp Chain Depth 64 Size 0 Mode ref, Ref Stage 13, run, end, 9848925536120904
1787729859.698077, NoOp Chain Depth 64 Size 0 Mode ref, Ref Stage 14, run, start, 9848925536136008
1787729859.698099, NoOp Chain Depth 64 Size 0 Mode ref, Ref Stage 14, run, end, 9848925536157880
1787729859.698114, NoOp Chain Depth 64 Size 0 Mode ref, Ref Stage 15, run, start, 9848925536173448
1787729859.698136, NoOp Chain Depth 64 Size 0 Mode ref, Ref Stage 15, run, end, 9848925536195192
1787729859.698151, NoOp Chain Depth 64 Size 0 Mode ref, Ref Stage 16, run, start, 9848925536210904
1787729859.698177, NoOp Chain Depth 64 Size 0 Mode ref, Ref Stage 16, run, end, 9848925536236184
1787729859.698189, NoOp Chain Depth 64 Size 0 Mode ref, Ref Stage 17, run, start, 9848925536248024
1787729859.698323, NoOp Chain Depth 64 Size 0 Mode ref, Ref Stage 17, run, end, 9848925536381768
1787729859.698338, NoOp Chain Depth 64 Size 0 Mode ref, Ref Stage 18, run, start, 9848925536397416
1787729859.698361, NoOp Chain Depth 64 Size 0 Mode ref, Ref Stage 18, run, end, 9848925536419768
1787729859.698376, NoOp Chain Depth 64 Size 0 Mode ref, Ref Stage 19, run, start, 9848925536435240
1787729859.698400, NoOp Chain Depth 64 Size 0 Mode ref, Ref Stage 19, run, end, 9848925536458680
1787729859.698411, NoOp Chain Depth 64 Size 0 Mode ref, Ref Stage 20, run, start, 9848925536470648
1787729859.698443, NoOp Chain Depth 64 Size 0 Mode ref, Ref Stage 20, run, end, 9848925536502856
1787729859.698459, NoOp Chain Depth 64 Size 0 Mode ref, Ref Stage 21, run, start, 9848925536518216
1787729859.698481, NoOp Chain Depth 64 Size 0 Mode ref, Ref Stage 21, run, end, 9848925536540536
1787729859.698498, NoOp Chain Depth 64 Size 0 Mode ref, Ref Stage 22, run, start, 9848925536557688
1787729859.698521, NoOp Chain Depth 64 Size 0 Mode ref, Ref Stage 22, run, end, 9848925536580120
1787729859.698650, NoOp Chain Depth 64 Size 0 Mode ref, Ref Stage 23, run, start, 9848925536709271
1787729859.698672, NoOp Chain Depth 64 Size 0 Mode ref, Ref Stage 23, run, end, 9848925536731687
1787729859.698688, NoOp Chain Depth 64 Size 0 Mode ref, Ref Stage 24, run, start, 9848925536747271
1787729859.698710, NoOp Chain Depth 64 Size 0 Mode ref, Ref Stage 24, run, end, 9848925536769207
1787729859.698725, NoOp Chain Depth 64 Size 0 Mode ref, Ref Stage 25, run, start, 9848925536784583
1787729859.698747, NoOp Chain Depth 64 Size 0 Mode ref, Ref Stage 25, run, end, 9848925536806359
1787729859.698762, NoOp Chain Depth 64 Size 0 Mode ref, Ref Stage 26, run, start, 9848925536821767
1787729859.698784, NoOp Chain Depth 64 Size 0 Mode ref, Ref Stage 26, run, end, 9848925536843671
1787729859.698800, NoOp Chain Depth 64 Size 0 Mode ref, Ref Stage 27, run, start, 9848925536858839
1787729859.698823, NoOp Chain Depth 64 Size 0 Mode ref, Ref Stage 27, run, end, 9848925536882615
1787729859.698950, NoOp Chain Depth 64 Size 0 Mode ref, Ref Stage 28, run, start, 9848925537009639
1787729859.698973, NoOp Chain Depth 64 Size 0 Mode ref, Ref Stage 28, run, end, 9848925537032631
1787729859.698988, NoOp Chain Depth 64 Size 0 Mode ref, Ref Stage 29, run, start, 9848925537047975
1787729859.699011, NoOp Chain Depth 64 Size 0 Mode ref, Ref Stage 29, run, end, 9848925537069767
1787729859.699025, NoOp Chain Depth 64 Size 0 Mode ref, Ref Stage 30, run, start, 9848925537084791
1787729859.699047, NoOp Chain Depth 64 Size 0 Mode ref, Ref Stage 30, run, end, 9848925537106679
1787729859.699063, NoOp Chain Depth 64 Size 0 Mode ref, Ref Stage 31, run, start, 9848925537121927
1787729859.699086, NoOp Chain Depth 64 Size 0 Mode ref, Ref Stage 31, run, end, 9848925537145463
1787729859.699098, NoOp Chain Depth 64 Size 0 Mode ref, Ref Stage 32, run, start, 9848925537157399
1787729859.699131, NoOp Chain Depth 64 Size 0 Mode ref, Ref Stage 32, run, end, 9848925537189815
1787729859.699145, NoOp Chain Depth 64 Size 0 Mode ref, Ref Stage 33, run, start, 9848925537204695
1787729859.699169, NoOp Chain Depth 64 Size 0 Mode ref, Ref Stage 33, run, end, 9848925537228311
1787729859.699292, NoOp Chain Depth 64 Size 0 Mode ref, Ref Stage 34, run, start, 9848925537351079
1787729859.699314, NoOp Chain Depth 64 Size 0 Mode ref, Ref Stage 34, run, end, 9848925537373687
1787729859.699330, NoOp Chain Depth 64 Size 0 Mode ref, Ref Stage 35, run, start, 9848925537389287
1787729859.699352, NoOp Chain Depth 64 Size 0 Mode ref, Ref Stage 35, run, end, 9848925537411319
1787729859.699367, NoOp Chain Depth 64 Size 0 Mode ref, Ref Stage 36, run, start, 9848925537426375
1787729859.699389, NoOp Chain Depth 64 Size 0 Mode ref, Ref Stage 36, run, end, 9848925537448135
1787729859.699404, NoOp Chain Depth 64 Size 0 Mode ref, Ref Stage 37, run, start, 9848925537463415
1787729859.699426, NoOp Chain Depth 64 Size 0 Mode ref, Ref Stage 37, run, end, 9848925537485063
1787729859.699441, NoOp Chain Depth 64 Size 0 Mode ref, Ref Stage 38, run, start, 9848925537500311
1787729859.699463, NoOp Chain Depth 64 Size 0 Mode ref, Ref Stage 38, run, end, 9848925537522263
1787729859.699479, NoOp Chain Depth 64 Size 0 Mode ref, Ref Stage 39, run, start, 9848925537537991
1787729859.699501, NoOp Chain Depth 64 Size 0 Mode ref, Ref Stage 39, run, end, 9848925537560071
1787729859.699623, NoOp Chain Depth 64 Size 0 Mode ref, Ref Stage 40, run, start, 9848925537682327
1787729859.699646, NoOp Chain Depth 64 Size 0 Mode ref, Ref Stage 40, run, end, 9848925537704695
1787729859.699661, NoOp Chain Depth 64 Size 0 Mode ref, Ref Stage 41, run, start, 9848925537719783
1787729859.699682, NoOp Chain Depth 64 Size 0 Mode ref, Ref Stage 41, run, end, 9848925537741319
1787729859.699697, NoOp Chain Depth 64 Size 0 Mode ref, Ref Stage 42, run, start, 9848925537756263
1787729859.699720, NoOp Chain Depth 64 Size 0 Mode ref, Ref Stage 42, run, end, 9848925537779831
1787729859.699733, NoOp Chain Depth 64 Size 0 Mode ref, Ref Stage 43, run, start, 9848925537792023
1787729859.699765, NoOp Chain Depth 64 Size 0 Mode ref, Ref Stage 43, run, end, 9848925537824503
1787729859.699780, NoOp Chain Depth 64 Size 0 Mode ref, Ref Stage 44, run, start, 9848925537839575
1787729859.699802, NoOp Chain Depth 64 Size 0 Mode ref, Ref Stage 44, run, end, 9848925537861415
1787729859.699818, NoOp Chain Depth 64 Size 0 Mode ref, Ref Stage 45, run, start, 9848925537877255
1787729859.699841, NoOp Chain Depth 64 Size 0 Mode ref, Ref Stage 45, run, end, 9848925537899735
1787729859.699856, NoOp Chain Depth 64 Size 0 Mode ref, Ref Stage 46, run, start, 9848925537915111
1787729859.699878, NoOp Chain Depth 64 Size 0 Mode ref, Ref Stage 46, run, end, 9848925537937415
1787729859.700001, NoOp Chain Depth 64 Size 0 Mode ref, Ref Stage 47, run, start, 9848925538060455
1787729859.700024, NoOp Chain Depth 64 Size 0 Mode ref, Ref Stage 47, run, end, 9848925538083527
1787729859.700040, NoOp Chain Depth 64 Size 0 Mode ref, Ref Stage 48, run, start, 9848925538099063
1787729859.700064, NoOp Chain Depth 64 Size 0 Mode ref, Ref Stage 48, run, end, 9848925538123847
1787729859.700077, NoOp Chain Depth 64 Size 0 Mode ref, Ref Stage 49, run, start, 9848925538135943
1787729859.700110, NoOp Chain Depth 64 Size 0 Mode ref, Ref Stage 49, run, end, 9848925538169191
1787729859.700125, NoOp Chain Depth 64 Size 0 Mode ref, Ref Stage 50, run, start, 9848925538184151
1787729859.700147, NoOp Chain Depth 64 Size 0 Mode ref, Ref Stage 50, run, end, 9848925538205959
1787729859.700163, NoOp Chain Depth 64 Size 0 Mode ref, Ref Stage 51, run, start, 9848925538222391
1787729859.700185, NoOp Chain Depth 64 Size 0 Mode ref, Ref Stage 51, run, end, 9848925538244567
1787729859.700306, NoOp Chain Depth 64 Size 0 Mode ref, Ref Stage 52, run, start, 9848925538366103
1787729859.700329, NoOp Chain Depth 64 Size 0 Mode ref, Ref Stage 52, run, end, 9848925538388295
1787729859.700344, NoOp Chain Depth 64 Size 0 Mode ref, Ref Stage 53, run, start, 9848925538403591
1787729859.700366, NoOp Chain Depth 64 Size 0 Mode ref, Ref Stage 53, run, end, 9848925538425623
1787729859.700382, NoOp Chain Depth 64 Size 0 Mode ref, Ref Stage 54, run, start, 9848925538440903
1787729859.700405, NoOp Chain Depth 64 Size 0 Mode ref, Ref Stage 54, run, end, 9848925538464375
1787729859.700417, NoOp Chain Depth 64 Size 0 Mode ref, Ref Stage 55, run, start, 9848925538476215
1787729859.700449, NoOp Chain Depth 64 Size 0 Mode ref, Ref Stage 55, run, end, 9848925538508663
1787729859.700465, NoOp Chain Depth 64 Size 0 Mode ref, Ref Stage 56, run, start, 9848925538523911
1787729859.700487, NoOp Chain Depth 64 Size 0 Mode ref, Ref Stage 56, run, end, 9848925538545959
1787729859.700503, NoOp Chain Depth 64 Size 0 Mode ref, Ref Stage 57, run, start, 9848925538562183
1787729859.700525, NoOp Chain Depth 64 Size 0 Mode ref, Ref Stage 57, run, end, 9848925538584311
1787729859.700540, NoOp Chain Depth 64 Size 0 Mode ref, Ref Stage 58, run, start, 9848925538599847
1787729859.700562, NoOp Chain Depth 64 Size 0 Mode ref, Ref Stage 58, run, end, 9848925538621719
1787729859.700689, NoOp Chain Depth 64 Size 0 Mode ref, Ref Stage 59, run, start, 9848925538748454
1787729859.700712, NoOp Chain Depth 64 Size 0 Mode ref, Ref Stage 59, run, end, 9848925538771158
1787729859.700727, NoOp Chain Depth 64 Size 0 Mode ref, Ref Stage 60, run, start, 9848925538786694
1787729859.700749, NoOp Chain Depth 64 Size 0 Mode ref, Ref Stage 60, run, end, 9848925538808710
1787729859.700765, NoOp Chain Depth 64 Size 0 Mode ref, Ref Stage 61, run, start, 9848925538824342
1787729859.700787, NoOp Chain Depth 64 Size 0 Mode ref, Ref Stage 61, run, end, 9848925538846294
1787729859.700802, NoOp Chain Depth 64 Size 0 Mode ref, Ref Stage 62, run, start, 9848925538861254
1787729859.700824, NoOp Chain Depth 64 Size 0 Mode ref, Ref Stage 62, run, end, 9848925538882854
1787729859.700840, NoOp Chain Depth 64 Size 0 Mode ref, Ref Stage 63, run, start, 9848925538898662
1787729859.700861, NoOp Chain Depth 64 Size 0 Mode ref, Ref Stage 63, run, end, 9848925538920070
1787729859.700984, NoOp Chain Depth 64 Size 0 Mode ref, pipeline - train, run, end, 10971573623481772744920381425917037530, 1787729859.697168, 84, 1, 9848925539043030
1787729859.701023, NoOp Chain Depth 64 Size 0 Mode ref, pipeline - train, run, start, 135589159825387363931238317912975032205, 1787729859.701010, 85, 1, 9848925539082374
1787729859.701047, NoOp Chain Depth 64 Size 0 Mode ref, Ref Stage 0, run, start, 9848925539106262
1787729859.701069, NoOp Chain Depth 64 Size 0 Mode ref, Ref Stage 0, run, end, 9848925539128694
1787729859.701085, NoOp Chain Depth 64 Size 0 Mode ref, Ref Stage 1, run, start, 9848925539144310
1787729859.701107, NoOp Chain Depth 64 Size 0 Mode ref, Ref Stage 1, run, end, 9848925539166502
1787729859.701123, NoOp Chain Depth 64 Size 0 Mode ref, Ref Stage 2, run, start, 9848925539181862
1787729859.701145, NoOp Chain Depth 64 Size 0 Mode ref, Ref Stage 2, run, end, 9848925539204230
1787729859.701160, NoOp Chain Depth 64 Size 0 Mode ref, Ref Stage 3, run, start, 9848925539219846
1787729859.701186, NoOp Chain Depth 64 Size 0 Mode ref, Ref Stage 3, run, end, 9848925539245334
1787729859.701201, NoOp Chain Depth 64 Size 0 Mode ref, Ref Stage 4, run, start, 9848925539260854
1787729859.701227, NoOp Chain Depth 64 Size 0 Mode ref, Ref Stage 4, run, end, 9848925539286406
1787729859.701239, NoOp Chain Depth 64 Size 0 Mode ref, Ref Stage 5, run, start, 9848925539298630
1787729859.701375, NoOp Chain Depth 64 Size 0 Mode ref, Ref Stage 5, run, end, 9848925539434838
1787729859.701391, NoOp Chain Depth 64 Size 0 Mode ref, Ref Stage 6, run, start, 9848925539450342
1787729859.701413, NoOp Chain Depth 64 Size 0 Mode ref, Ref Stage 6, run, end, 9848925539472438
1787729859.701428, NoOp Chain Depth 64 Size 0 Mode ref, Ref Stage 7, run, start, 9848925539487798
1787729859.701451, NoOp Chain Depth 64 Size 0 Mode ref, Ref Stage 7, run, end, 9848925539510022
1787729859.701466, NoOp Chain Depth 64 Size 0 Mode ref, Ref Stage 8, run, start, 9848925539525430
1787729859.701488, NoOp Chain Depth 64 Size 0 Mode ref, Ref Stage 8, run, end, 9848925539547014
1787729859.701503, NoOp Chain Depth 64 Size 0 Mode ref, Ref Stage 9, run, start, 9848925539562262
1787729859.701525, NoOp Chain Depth 64 Size 0 Mode ref, Ref Stage 9, run, end, 9848925539584198
1787729859.701646, NoOp Chain Depth 64 Size 0 Mode ref, Ref Stage 10, run, start, 9848925539705606
1787729859.701669, NoOp Chain Depth 64 Size 0 Mode ref, Ref Stage 10, run, end, 9848925539727894
1787729859.701684, NoOp Chain Depth 64 Size 0 Mode ref, Ref Stage 11, run, start, 9848925539743270
1787729859.701706, NoOp Chain Depth 64 Size 0 Mode ref, Ref Stage 11, run, end, 9848925539765430
1787729859.701721, NoOp Chain Depth 64 Size 0 Mode ref, Ref Stage 12, run, start, 9848925539780646
1787729859.701743, NoOp Chain Depth 64 Size 0 Mode ref, Ref Stage 12, run, end, 9848925539802614
1787729859.701758, NoOp Chain Depth 64 Size 0 Mode ref, Ref Stage 13, run, start, 9848925539818022
1787729859.701781, NoOp Chain Depth 64 Size 0 Mode ref, Ref Stage 13, run, end, 9848925539839830
1787729859.701795, NoOp Chain Depth 64 Size 0 Mode ref, Ref Stage 14, run, start, 9848925539854758
1787729859.701817, NoOp Chain Depth 64 Size 0 Mode ref, Ref Stage 14, run, end, 9848925539876454
1787729859.701832, NoOp Chain Depth 64 Size 0 Mode ref, Ref Stage 15, run, start, 9848925539891702
1787729859.701856, NoOp Chain Depth 64 Size 0 Mode ref, Ref Stage 15, run, end, 9848925539915414
1787729859.701870, NoOp Chain Depth 64 Size 0 Mode ref, Ref Stage 16, run, start, 9848925539929590
1787729859.702005, NoOp Chain Depth 64 Size 0 Mode ref, Ref Stage 16, run, end, 9848925540064470
1787729859.702020, NoOp Chain Depth 64 Size 0 Mode ref, Ref Stage 17, run, start, 9848925540079798
1787729859.702043, NoOp Chain Depth 64 Size 0 Mode ref, Ref Stage 17, run, end, 9848925540102006
1787729859.702058, NoOp Chain Depth 64 Size 0 Mode ref, Ref Stage 18, run, start, 9848925540117238
1787729859.702080, NoOp Chain Depth 64 Size 0 Mode ref, Ref Stage 18, run, end, 9848925540139382
1787729859.702095, NoOp Chain Depth 64 Size 0 Mode ref, Ref Stage 19, run, start, 9848925540154502
1787729859.702117, NoOp Chain Depth 64 Size 0 Mode ref, Ref Stage 19, run, end, 9848925540176470
1787729859.702132, NoOp Chain Depth 64 Size 0 Mode ref, Ref Stage 20, run, start, 9848925540191654
1787729859.702154, NoOp Chain Depth 64 Size 0 Mode ref, Ref Stage 20, run, end, 9848925540213094
1787729859.702169, NoOp Chain Depth 64 Size 0 Mode ref, Ref Stage 21, run, start, 9848925540228838
1787729859.702192, NoOp Chain Depth 64 Size 0 Mode ref, Ref Stage 21, run, end, 9848925540250838
1787729859.702312, NoOp Chain Depth 64 Size 0 Mode ref, Ref Stage 22, run, start, 9848925540371430
1787729859.702334, NoOp Chain Depth 64 Size 0 Mode ref, Ref Stage 22, run, end, 9848925540393574
1787729859.702350, NoOp Chain Depth 64 Size 0 Mode ref, Ref Stage 23, run, start, 9848925540408854
1787729859.702372, NoOp Chain Depth 64 Size 0 Mode ref, Ref Stage 23, run, end, 9848925540430838
1787729859.702387, NoOp Chain Depth 64 Size 0 Mode ref, Ref Stage 24, run, start, 9848925540446550
1787729859.702411, NoOp Chain Depth 64 Size 0 Mode ref, Ref Stage 24, run, end, 9848925540470182
1787729859.702426, NoOp Chain Depth 64 Size 0 Mode ref, Ref Stage 25, run, start, 9848925540485302
1787729859.702448, NoOp Chain Depth 64 Size 0 Mode ref, Ref Stage 25, run, end, 9848925540507270
1787729859.702463, NoOp Chain Depth 64 Size 0 Mode ref, Ref Stage 26, run, start, 9848925540522597
1787729859.702485, NoOp Chain Depth 64 Size 0 Mode ref, Ref Stage 26, run, end, 9848925540544565
1787729859.702500, NoOp Chain Depth 64 Size 0 Mode ref, Ref Stage 27, run, start, 9848925540559685
1787729859.702524, NoOp Chain Depth 64 Size 0 Mode ref, Ref Stage 27, run, end, 9848925540583589
1787729859.702538, NoOp Chain Depth 64 Size 0 Mode ref, Ref Stage 28, run, start, 9848925540597765
1787729859.702671, NoOp Chain Depth 64 Size 0 Mode ref, Ref Stage 28, run, end, 9848925540730069
1787729859.702686, NoOp Chain Depth 64 Size 0 Mode ref, Ref Stage 29, run, start, 9848925540745445
1787729859.702708, NoOp Chain Depth 64 Size 0 Mode ref, Ref Stage 29, run, end, 9848925540767349
1787729859.702723, NoOp Chain Depth 64 Size 0 Mode ref, Ref Stage 30, run, start, 9848925540782677
1787729859.702745, NoOp Chain Depth 64 Size 0 Mode ref, Ref Stage 30, run, end, 9848925540804245
1787729859.702760, NoOp Chain Depth 64 Size 0 Mode ref, Ref Stage 31, run, start, 9848925540819365
1787729859.702782, NoOp Chain Depth 64 Size 0 Mode ref, Ref Stage 31, run, end, 9848925540841061
1787729859.702797, NoOp Chain Depth 64 Size 0 Mode ref, Ref Stage 32, run, start, 9848925540856533
1787729859.702819, NoOp Chain Depth 64 Size 0 Mode ref, Ref Stage 32, run, end, 9848925540878229
1787729859.702834, NoOp Chain Depth 64 Size 0 Mode ref, Ref Stage 33, run, start, 9848925540893685
1787729859.702862, NoOp Chain Depth 64 Size 0 Mode ref, Ref Stage 33, run, end, 9848925540921189
1787729859.702874, NoOp Chain Depth 64 Size 0 Mode ref, Ref Stage 34, run, start, 9848925540933221
1787729859.703016, NoOp Chain Depth 64 Size 0 Mode ref, Ref Stage 34, run, end, 9848925541075109
1787729859.703031, NoOp Chain Depth 64 Size 0 Mode ref, Ref Stage 35, run, start, 9848925541090453
1787729859.703053, NoOp Chain Depth 64 Size 0 Mode ref, Ref Stage 35, run, end, 9848925541112053
1787729859.703068, NoOp Chain Depth 64 Size 0 Mode ref, Ref Stage 36, run, start, 9848925541127285
1787729859.703090, NoOp Chain Depth 64 Size 0 Mode ref, Ref Stage 36, run, end, 9848925541149413
1787729859.703105, NoOp Chain Depth 64 Size 0 Mode ref, Ref Stage 37, run, start, 9848925541164613
1787729859.703128, NoOp Chain Depth 64 Size 0 Mode ref, Ref Stage 37, run, end, 9848925541186709
1787729859.703142, NoOp Chain Depth 64 Size 0 Mode ref, Ref Stage 38, run, start, 9848925541201685
1787729859.703164, NoOp Chain Depth 64 Size 0 Mode ref, Ref Stage 38, run, end, 9848925541223493
1787729859.703180, NoOp Chain Depth 64 Size 0 Mode ref, Ref Stage 39, run, start, 9848925541238885
1787729859.703205, NoOp Chain Depth 64 Size 0 Mode ref, Ref Stage 39, run, end, 9848925541264565
1787729859.703217, NoOp Chain Depth 64 Size 0 Mode ref, Ref Stage 40, run, start, 9848925541276629
1787729859.703357, NoOp Chain Depth 64 Size 0 Mode ref, Ref Stage 40, run, end, 9848925541416309
1787729859.703372, NoOp Chain Depth 64 Size 0 Mode ref, Ref Stage 41, run, start, 9848925541431637
1787729859.703396, NoOp Chain Depth 64 Size 0 Mode ref, Ref Stage 41, run, end, 9848925541455333
1787729859.703412, NoOp Chain Depth 64 Size 0 Mode ref, Ref Stage 42, run, start, 9848925541471365
1787729859.703435, NoOp Chain Depth 64 Size 0 Mode ref, Ref Stage 42, run, end, 9848925541494741
1787729859.703447, NoOp Chain Depth 64 Size 0 Mode ref, Ref Stage 43, run, start, 9848925541506677
1787729859.703479, NoOp Chain Depth 64 Size 0 Mode ref, Ref Stage 43, run, end, 9848925541538517
1787729859.703496, NoOp Chain Depth 64 Size 0 Mode ref, Ref Stage 44, run, start, 9848925541554677
1787729859.703517, NoOp Chain Depth 64 Size 0 Mode ref, Ref Stage 44, run, end, 9848925541576469
1787729859.703643, NoOp Chain Depth 64 Size 0 Mode ref, Ref Stage 45, run, start, 9848925541702069
1787729859.703667, NoOp Chain Depth 64 Size 0 Mode ref, Ref Stage 45, run, end, 9848925541726133
1787729859.703682, NoOp Chain Depth 64 Size 0 Mode ref, Ref Stage 46, run, start, 9848925541741397
1787729859.703706, NoOp Chain Depth 64 Size 0 Mode ref, Ref Stage 46, run, end, 9848925541764949
1787729859.703718, NoOp Chain Depth 64 Size 0 Mode ref, Ref Stage 47, run, start, 9848925541776933
1787729859.703751, NoOp Chain Depth 64 Size 0 Mode ref, Ref Stage 47, run, end, 9848925541810405
1787729859.703766, NoOp Chain Depth 64 Size 0 Mode ref, Ref Stage 48, run, start, 9848925541825637
1787729859.703788, NoOp Chain Depth 64 Size 0 Mode ref, Ref Stage 48, run, end, 9848925541847493
1787729859.703804, NoOp Chain Depth 64 Size 0 Mode ref, Ref Stage 49, run, start, 9848925541863669
1787729859.703827, NoOp Chain Depth 64 Size 0 Mode ref, Ref Stage 49, run, end, 9848925541885957
1787729859.703842, NoOp Chain Depth 64 Size 0 Mode ref, Ref Stage 50, run, start, 9848925541901541
1787729859.703866, NoOp Chain Depth 64 Size 0 Mode ref, Ref Stage 50, run, end, 9848925541924821
1787729859.703881, NoOp Chain Depth 64 Size 0 Mode ref, Ref Stage 51, run, start, 9848925541940373
1787729859.703906, NoOp Chain Depth 64 Size 0 Mode ref, Ref Stage 51, run, end, 9848925541965797
1787729859.703918, NoOp Chain Depth 64 Size 0 Mode ref, Ref Stage 52, run, start, 9848925541977861
1787729859.704058, NoOp Chain Depth 64 Size 0 Mode ref, Ref Stage 52, run, end, 9848925542117797
1787729859.704074, NoOp Chain Depth 64 Size 0 Mode ref, Ref Stage 53, run, start, 9848925542133061
1787729859.704098, NoOp Chain Depth 64 Size 0 Mode ref, Ref Stage 53, run, end, 9848925542156981
1787729859.704114, NoOp Chain Depth 64 Size 0 Mode ref, Ref Stage 54, run, start, 9848925542173525
1787729859.704138, NoOp Chain Depth 64 Size 0 Mode ref, Ref Stage 54, run, end, 9848925542196837
1787729859.704149, NoOp Chain Depth 64 Size 0 Mode ref, Ref Stage 55, run, start, 9848925542208661
1787729859.704181, NoOp Chain Depth 64 Size 0 Mode ref, Ref Stage 55, run, end, 9848925542240821
1787729859.704198, NoOp Chain Depth 64 Size 0 Mode ref, Ref Stage 56, run, start, 9848925542257285
1787729859.704220, NoOp Chain Depth 64 Size 0 Mode ref, Ref Stage 56, run, end, 9848925542278933
1787729859.704341, NoOp Chain Depth 64 Size 0 Mode ref, Ref Stage 57, run, start, 9848925542401108
1787729859.704364, NoOp Chain Depth 64 Size 0 Mode ref, Ref Stage 57, run, end, 9848925542423492
1787729859.704379, NoOp Chain Depth 64 Size 0 Mode ref, Ref Stage 58, run, start, 9848925542438548
1787729859.704403, NoOp Chain Depth 64 Size 0 Mode ref, Ref Stage 58, run, end, 9848925542462180
1787729859.704415, NoOp Chain Depth 64 Size 0 Mode ref, Ref Stage 59, run, start, 9848925542474244
1787729859.704449, NoOp Chain Depth 64 Size 0 Mode ref, Ref Stage 59, run, end, 9848925542508612
1787729859.704462, NoOp Chain Depth 64 Size 0 Mode ref, Ref Stage 60, run, start, 9848925542521556
1787729859.704494, NoOp Chain Depth 64 Size 0 Mode ref, Ref Stage 60, run, end, 9848925542554036
1787729859.704511, NoOp Chain Depth 64 Size 0 Mode ref, Ref Stage 61, run, start, 9848925542570004
1787729859.704533, NoOp Chain Depth 64 Size 0 Mode ref, Ref Stage 61, run, end, 9848925542591988
1787729859.704548, NoOp Chain Depth 64 Size 0 Mode ref, Ref Stage 62, run, start, 9848925542607508
1787729859.704572, NoOp Chain Depth 64 Size 0 Mode ref, Ref Stage 62, run, end, 9848925542630932
1787729859.704693, NoOp Chain Depth 64 Size 0 Mode ref, Ref Stage 63, run, start, 9848925542752260
1787729859.704715, NoOp Chain Depth 64 Size 0 Mode ref, Ref Stage 63, run, end, 9848925542774196
1787729859.704730, NoOp Chain Depth 64 Size 0 Mode ref, pipeline - train, run, end, 135589159825387363931238317912975032205, 1787729859.701010, 85, 1, 9848925542789604
1787729859.704765, NoOp Chain Depth 64 Size 0 Mode ref, pipeline - train, run, start, 324937956999706140428206666043756362653, 1787729859.704755, 86, 1, 9848925542823988
1787729859.704787, NoOp Chain Depth 64 Size 0 Mode ref, Ref Stage 0, run, start, 9848925542846948
1787729859.704813, NoOp Chain Depth 64 Size 0 Mode ref, Ref Stage 0, run, end, 9848925542872404
1787729859.704829, NoOp Chain Depth 64 Size 0 Mode ref, Ref Stage 1, run, start, 9848925542888484
1787729859.704851, NoOp Chain Depth 64 Size 0 Mode ref, Ref Stage 1, run, end, 9848925542910244
1787729859.704867, NoOp Chain Depth 64 Size 0 Mode ref, Ref Stage 2, run, start, 9848925542925828
1787729859.704889, NoOp Chain Depth 64 Size 0 Mode ref, Ref Stage 2, run, end, 9848925542948004
1787729859.705012, NoOp Chain Depth 64 Size 0 Mode ref, Ref Stage 3, run, start, 9848925543071764
1787729859.705035, NoOp Chain Depth 64 Size 0 Mode ref, Ref Stage 3, run, end, 9848925543094756
1787729859.705051, NoOp Chain Depth 64 Size 0 Mode ref, Ref Stage 4, run, start, 9848925543110132
1787729859.705073, NoOp Chain Depth 64 Size 0 Mode ref, Ref Stage 4, run, end, 9848925543132436
1787729859.705088, NoOp Chain Depth 64 Size 0 Mode ref, Ref Stage 5, run, start, 9848925543147252
1787729859.705110, NoOp Chain Depth 64 Size 0 Mode ref, Ref Stage 5, run, end, 9848925543169236
1787729859.705125, NoOp Chain Depth 64 Size 0 Mode ref, Ref Stage 6, run, start, 9848925543184612
1787729859.705148, NoOp Chain Depth 64 Size 0 Mode ref, Ref Stage 6, run, end, 9848925543206580
1787729859.705163, NoOp Chain Depth 64 Size 0 Mode ref, Ref Stage 7, run, start, 9848925543222052
1787729859.705185, NoOp Chain Depth 64 Size 0 Mode ref, Ref Stage 7, run, end, 9848925543243940
1787729859.705200, NoOp Chain Depth 64 Size 0 Mode ref, Ref Stage 8, run, start, 9848925543259412
1787729859.705463, NoOp Chain Depth 64 Size 0 Mode ref, Ref Stage 8, run, end, 9848925543524452
1787729859.705597, NoOp Chain Depth 64 Size 0 Mode ref, Ref Stage 9, run, start, 9848925543656564
1787729859.705622, NoOp Chain Depth 64 Size 0 Mode ref, Ref Stage 9, run, end, 9848925543681732
1787729859.705638, NoOp Chain Depth 64 Size 0 Mode ref, Ref Stage 10, run, start, 9848925543697348
1787729859.705661, NoOp Chain Depth 64 Size 0 Mode ref, Ref Stage 10, run, end, 9848925543719892
1787729859.705676, NoOp Chain Depth 64 Size 0 Mode ref, Ref Stage 11, run, start, 9848925543735044
1787729859.705698, NoOp Chain Depth 64 Size 0 Mode ref, Ref Stage 11, run, end, 9848925543757092
1787729859.705821, NoOp Chain Depth 64 Size 0 Mode ref, Ref Stage 12, run, start, 9848925543880340
1787729859.705843, NoOp Chain Depth 64 Size 0 Mode ref, Ref Stage 12, run, end, 9848925543902772
1787729859.705859, NoOp Chain Depth 64 Size 0 Mode ref, Ref Stage 13, run, start, 9848925543918404
1787729859.705881, NoOp Chain Depth 64 Size 0 Mode ref, Ref Stage 13, run, end, 9848925543940436
1787729859.705896, NoOp Chain Depth 64 Size 0 Mode ref, Ref Stage 14, run, start, 9848925543955940
1787729859.705921, NoOp Chain Depth 64 Size 0 Mode ref, Ref Stage 14, run, end, 9848925543980660
1787729859.705933, NoOp Chain Depth 64 Size 0 Mode ref, Ref Stage 15, run, start, 9848925543992676
1787729859.705969, NoOp Chain Depth 64 Size 0 Mode ref, Ref Stage 15, run, end, 9848925544028148
1787729859.705984, NoOp Chain Depth 64 Size 0 Mode ref, Ref Stage 16, run, start, 9848925544043428
1787729859.706006, NoOp Chain Depth 64 Size 0 Mode ref, Ref Stage 16, run, end, 9848925544065428
1787729859.706021, NoOp Chain Depth 64 Size 0 Mode ref, Ref Stage 17, run, start, 9848925544080788
1787729859.706044, NoOp Chain Depth 64 Size 0 Mode ref, Ref Stage 17, run, end, 9848925544102884
1787729859.706167, NoOp Chain Depth 64 Size 0 Mode ref, Ref Stage 18, run, start, 9848925544226324
1787729859.706190, NoOp Chain Depth 64 Size 0 Mode ref, Ref Stage 18, run, end, 9848925544249252
1787729859.706205, NoOp Chain Depth 64 Size 0 Mode ref, Ref Stage 19, run, start, 9848925544264820
1787729859.706228, NoOp Chain Depth 64 Size 0 Mode ref, Ref Stage 19, run, end, 9848925544287332
1787729859.706243, NoOp Chain Depth 64 Size 0 Mode ref, Ref Stage 20, run, start, 9848925544302116
1787729859.706264, NoOp Chain Depth 64 Size 0 Mode ref, Ref Stage 20, run, end, 9848925544323908
1787729859.706280, NoOp Chain Depth 64 Size 0 Mode ref, Ref Stage 21, run, start, 9848925544339188
1787729859.706306, NoOp Chain Depth 64 Size 0 Mode ref, Ref Stage 21, run, end, 9848925544365044
1787729859.706318, NoOp Chain Depth 64 Size 0 Mode ref, Ref Stage 22, run, start, 9848925544376963
1787729859.706454, NoOp Chain Depth 64 Size 0 Mode ref, Ref Stage 22, run, end, 9848925544512803
1787729859.706469, NoOp Chain Depth 64 Size 0 Mode ref, Ref Stage 23, run, start, 9848925544528179
1787729859.706491, NoOp Chain Depth 64 Size 0 Mode ref, Ref Stage 23, run, end, 9848925544550275
1787729859.706506, NoOp Chain Depth 64 Size 0 Mode ref, Ref Stage 24, run, start, 9848925544565523
1787729859.706528, NoOp Chain Depth 64 Size 0 Mode ref, Ref Stage 24, run, end, 9848925544587587
1787729859.706544, NoOp Chain Depth 64 Size 0 Mode ref, Ref Stage 25, run, start, 9848925544602979
1787729859.706566, NoOp Chain Depth 64 Size 0 Mode ref, Ref Stage 25, run, end, 9848925544625155
1787729859.706581, NoOp Chain Depth 64 Size 0 Mode ref, Ref Stage 26, run, start, 9848925544640467
1787729859.706605, NoOp Chain Depth 64 Size 0 Mode ref, Ref Stage 26, run, end, 9848925544664019
1787729859.706617, NoOp Chain Depth 64 Size 0 Mode ref, Ref Stage 27, run, start, 9848925544675779
1787729859.706648, NoOp Chain Depth 64 Size 0 Mode ref, Ref Stage 27, run, end, 9848925544707635
1787729859.706664, NoOp Chain Depth 64 Size 0 Mode ref, Ref Stage 28, run, start, 9848925544722899
1787729859.706686, NoOp Chain Depth 64 Size 0 Mode ref, Ref Stage 28, run, end, 9848925544744851
1787729859.706703, NoOp Chain Depth 64 Size 0 Mode ref, Ref Stage 29, run, start, 9848925544762739
1787729859.706726, NoOp Chain Depth 64 Size 0 Mode ref, Ref Stage 29, run, end, 9848925544785075
1787729859.706847, NoOp Chain Depth 64 Size 0 Mode ref, Ref Stage 30, run, start, 9848925544906819
1787729859.706870, NoOp Chain Depth 64 Size 0 Mode ref, Ref Stage 30, run, end, 9848925544929507
1787729859.706885, NoOp Chain Depth 64 Size 0 Mode ref, Ref Stage 31, run, start, 9848925544944755
1787729859.706908, NoOp Chain Depth 64 Size 0 Mode ref, Ref Stage 31, run, end, 9848925544966563
1787729859.706923, NoOp Chain Depth 64 Size 0 Mode ref, Ref Stage 32, run, start, 9848925544981811
1787729859.706948, NoOp Chain Depth 64 Size 0 Mode ref, Ref Stage 32, run, end, 9848925545007251
1787729859.706960, NoOp Chain Depth 64 Size 0 Mode ref, Ref Stage 33, run, start, 9848925545019427
1787729859.706993, NoOp Chain Depth 64 Size 0 Mode ref, Ref Stage 33, run, end, 9848925545052707
1787729859.707112, NoOp Chain Depth 64 Size 0 Mode ref, Ref Stage 34, run, start, 9848925545171555
1787729859.707135, NoOp Chain Depth 64 Size 0 Mode ref, Ref Stage 34, run, end, 9848925545194467
1787729859.707150, NoOp Chain Depth 64 Size 0 Mode ref, Ref Stage 35, run, start, 9848925545209779
1787729859.707172, NoOp Chain Depth 64 Size 0 Mode ref, Ref Stage 35, run, end, 9848925545231619
1787729859.707187, NoOp Chain Depth 64 Size 0 Mode ref, Ref Stage 36, run, start, 9848925545246755
1787729859.707210, NoOp Chain Depth 64 Size 0 Mode ref, Ref Stage 36, run, end, 9848925545268771
1787729859.707225, NoOp Chain Depth 64 Size 0 Mode ref, Ref Stage 37, run, start, 9848925545284163
1787729859.707247, NoOp Chain Depth 64 Size 0 Mode ref, Ref Stage 37, run, end, 9848925545305971
1787729859.707262, NoOp Chain Depth 64 Size 0 Mode ref, Ref Stage 38, run, start, 9848925545321043
1787729859.707285, NoOp Chain Depth 64 Size 0 Mode ref, Ref Stage 38, run, end, 9848925545344595
1787729859.707297, NoOp Chain Depth 64 Size 0 Mode ref, Ref Stage 39, run, start, 9848925545356547
1787729859.707330, NoOp Chain Depth 64 Size 0 Mode ref, Ref Stage 39, run, end, 9848925545389523
1787729859.707346, NoOp Chain Depth 64 Size 0 Mode ref, Ref Stage 40, run, start, 9848925545404915
1787729859.707368, NoOp Chain Depth 64 Size 0 Mode ref, Ref Stage 40, run, end, 9848925545427779
1787729859.707495, NoOp Chain Depth 64 Size 0 Mode ref, Ref Stage 41, run, start, 9848925545554115
1787729859.707518, NoOp Chain Depth 64 Size 0 Mode ref, Ref Stage 41, run, end, 9848925545576899
1787729859.707533, NoOp Chain Depth 64 Size 0 Mode ref, Ref Stage 42, run, start, 9848925545592579
1787729859.707557, NoOp Chain Depth 64 Size 0 Mode ref, Ref Stage 42, run, end, 9848925545616387
1787729859.707572, NoOp Chain Depth 64 Size 0 Mode ref, Ref Stage 43, run, start, 9848925545631651
1787729859.707594, NoOp Chain Depth 64 Size 0 Mode ref, Ref Stage 43, run, end, 9848925545653395
1787729859.707609, NoOp Chain Depth 64 Size 0 Mode ref, Ref Stage 44, run, start, 9848925545668771
1787729859.707633, NoOp Chain Depth 64 Size 0 Mode ref, Ref Stage 44, run, end, 9848925545692339
1787729859.707645, NoOp Chain Depth 64 Size 0 Mode ref, Ref Stage 45, run, start, 9848925545704195
1787729859.707784, NoOp Chain Depth 64 Size 0 Mode ref, Ref Stage 45, run, end, 9848925545843811
1787729859.707800, NoOp Chain Depth 64 Size 0 Mode ref, Ref Stage 46, run, start, 9848925545859155
1787729859.707822, NoOp Chain Depth 64 Size 0 Mode ref, Ref Stage 46, run, end, 9848925545881299
1787729859.707837, NoOp Chain Depth 64 Size 0 Mode ref, Ref Stage 47, run, start, 9848925545896579
1787729859.707859, NoOp Chain Depth 64 Size 0 Mode ref, Ref Stage 47, run, end, 9848925545918483
1787729859.707874, NoOp Chain Depth 64 Size 0 Mode ref, Ref Stage 48, run, start, 9848925545933731
1787729859.707896, NoOp Chain Depth 64 Size 0 Mode ref, Ref Stage 48, run, end, 9848925545955491
1787729859.707911, NoOp Chain Depth 64 Size 0 Mode ref, Ref Stage 49, run, start, 9848925545970643
1787729859.707933, NoOp Chain Depth 64 Size 0 Mode ref, Ref Stage 49, run, end, 9848925545992531
1787729859.707950, NoOp Chain Depth 64 Size 0 Mode ref, Ref Stage 50, run, start, 9848925546009203
1787729859.707974, NoOp Chain Depth 64 Size 0 Mode ref, Ref Stage 50, run, end, 9848925546033763
1787729859.707986, NoOp Chain Depth 64 Size 0 Mode ref, Ref Stage 51, run, start, 9848925546045811
1787729859.708019, NoOp Chain Depth 64 Size 0 Mode ref, Ref Stage 51, run, end, 9848925546078755
1787729859.708035, NoOp Chain Depth 64 Size 0 Mode ref, Ref Stage 52, run, start, 9848925546094083
1787729859.708059, NoOp Chain Depth 64 Size 0 Mode ref, Ref Stage 52, run, end, 9848925546118115
1787729859.708187, NoOp Chain Depth 64 Size 0 Mode ref, Ref Stage 53, run, start, 9848925546246291
1787729859.708210, NoOp Chain Depth 64 Size 0 Mode ref, Ref Stage 53, run, end, 9848925546268963
1787729859.708225, NoOp Chain Depth 64 Size 0 Mode ref, Ref Stage 54, run, start, 9848925546284275
1787729859.708246, NoOp Chain Depth 64 Size 0 Mode ref, Ref Stage 54, run, end, 9848925546305907
1787729859.708262, NoOp Chain Depth 64 Size 0 Mode ref, Ref Stage 55, run, start, 9848925546320978
1787729859.708284, NoOp Chain Depth 64 Size 0 Mode ref, Ref Stage 55, run, end, 9848925546343090
1787729859.708299, NoOp Chain Depth 64 Size 0 Mode ref, Ref Stage 56, run, start, 9848925546358306
1787729859.708324, NoOp Chain Depth 64 Size 0 Mode ref, Ref Stage 56, run, end, 9848925546383346
1787729859.708336, NoOp Chain Depth 64 Size 0 Mode ref, Ref Stage 57, run, start, 9848925546395474
1787729859.708473, NoOp Chain Depth 64 Size 0 Mode ref, Ref Stage 57, run, end, 9848925546532562
1787729859.708489, NoOp Chain Depth 64 Size 0 Mode ref, Ref Stage 58, run, start, 9848925546548194
1787729859.708513, NoOp Chain Depth 64 Size 0 Mode ref, Ref Stage 58, run, end, 9848925546571938
1787729859.708525, NoOp Chain Depth 64 Size 0 Mode ref, Ref Stage 59, run, start, 9848925546584194
1787729859.708558, NoOp Chain Depth 64 Size 0 Mode ref, Ref Stage 59, run, end, 9848925546616754
1787729859.708573, NoOp Chain Depth 64 Size 0 Mode ref, Ref Stage 60, run, start, 9848925546632578
1787729859.708595, NoOp Chain Depth 64 Size 0 Mode ref, Ref Stage 60, run, end, 9848925546654594
1787729859.708611, NoOp Chain Depth 64 Size 0 Mode ref, Ref Stage 61, run, start, 9848925546669810
1787729859.708632, NoOp Chain Depth 64 Size 0 Mode ref, Ref Stage 61, run, end, 9848925546691666
1787729859.708647, NoOp Chain Depth 64 Size 0 Mode ref, Ref Stage 62, run, start, 9848925546706866
1787729859.708671, NoOp Chain Depth 64 Size 0 Mode ref, Ref Stage 62, run, end, 9848925546730418
1787729859.708683, NoOp Chain Depth 64 Size 0 Mode ref, Ref Stage 63, run, start, 9848925546742498
1787729859.708723, NoOp Chain Depth 64 Size 0 Mode ref, Ref Stage 63, run, end, 9848925546782370
1787729859.708735, NoOp Chain Depth 64 Size 0 Mode ref, pipeline - train, run, end, 324937956999706140428206666043756362653, 1787729859.704755, 86, 1, 9848925546794594
1787729859.708885, NoOp Chain Depth 64 Size 0 Mode ref, pipeline - train, run, start, 280468365256937993464380018162816596954, 1787729859.708875, 87, 1, 9848925546945058
1787729859.708909, NoOp Chain Depth 64 Size 0 Mode ref, Ref Stage 0, run, start, 9848925546968386
1787729859.708932, NoOp Chain Depth 64 Size 0 Mode ref, Ref Stage 0, run, end, 9848925546990994
1787729859.708949, NoOp Chain Depth 64 Size 0 Mode ref, Ref Stage 1, run, start, 9848925547008082
1787729859.708972, NoOp Chain Depth 64 Size 0 Mode ref, Ref Stage 1, run, end, 9848925547031074
1787729859.708987, NoOp Chain Depth 64 Size 0 Mode ref, Ref Stage 2, run, start, 9848925547046210
1787729859.709013, NoOp Chain Depth 64 Size 0 Mode ref, Ref Stage 2, run, end, 9848925547072082
1787729859.709025, NoOp Chain Depth 64 Size 0 Mode ref, Ref Stage 3, run, start, 9848925547084146
1787729859.709163, NoOp Chain Depth 64 Size 0 Mode ref, Ref Stage 3, run, end, 9848925547222514
1787729859.709179, NoOp Chain Depth 64 Size 0 Mode ref, Ref Stage 4, run, start, 9848925547238050
1787729859.709201, NoOp Chain Depth 64 Size 0 Mode ref, Ref Stage 4, run, end, 9848925547260354
1787729859.709217, NoOp Chain Depth 64 Size 0 Mode ref, Ref Stage 5, run, start, 9848925547276146
1787729859.709239, NoOp Chain Depth 64 Size 0 Mode ref, Ref Stage 5, run, end, 9848925547298706
1787729859.709255, NoOp Chain Depth 64 Size 0 Mode ref, Ref Stage 6, run, start, 9848925547314226
1787729859.709277, NoOp Chain Depth 64 Size 0 Mode ref, Ref Stage 6, run, end, 9848925547336066
1787729859.709292, NoOp Chain Depth 64 Size 0 Mode ref, Ref Stage 7, run, start, 9848925547351234
1787729859.709315, NoOp Chain Depth 64 Size 0 Mode ref, Ref Stage 7, run, end, 9848925547374274
1787729859.709330, NoOp Chain Depth 64 Size 0 Mode ref, Ref Stage 8, run, start, 9848925547389442
1787729859.709354, NoOp Chain Depth 64 Size 0 Mode ref, Ref Stage 8, run, end, 9848925547413186
1787729859.709366, NoOp Chain Depth 64 Size 0 Mode ref, Ref Stage 9, run, start, 9848925547425186
1787729859.709502, NoOp Chain Depth 64 Size 0 Mode ref, Ref Stage 9, run, end, 9848925547561954
1787729859.709518, NoOp Chain Depth 64 Size 0 Mode ref, Ref Stage 10, run, start, 9848925547577298
1787729859.709540, NoOp Chain Depth 64 Size 0 Mode ref, Ref Stage 10, run, end, 9848925547599122
1787729859.709555, NoOp Chain Depth 64 Size 0 Mode ref, Ref Stage 11, run, start, 9848925547614386
1787729859.709579, NoOp Chain Depth 64 Size 0 Mode ref, Ref Stage 11, run, end, 9848925547638530
1787729859.709591, NoOp Chain Depth 64 Size 0 Mode ref, Ref Stage 12, run, start, 9848925547650546
1787729859.709624, NoOp Chain Depth 64 Size 0 Mode ref, Ref Stage 12, run, end, 9848925547683026
1787729859.709639, NoOp Chain Depth 64 Size 0 Mode ref, Ref Stage 13, run, start, 9848925547698130
1787729859.709661, NoOp Chain Depth 64 Size 0 Mode ref, Ref Stage 13, run, end, 9848925547720146
1787729859.709677, NoOp Chain Depth 64 Size 0 Mode ref, Ref Stage 14, run, start, 9848925547736802
1787729859.709701, NoOp Chain Depth 64 Size 0 Mode ref, Ref Stage 14, run, end, 9848925547760402
1787729859.709823, NoOp Chain Depth 64 Size 0 Mode ref, Ref Stage 15, run, start, 9848925547882642
1787729859.709846, NoOp Chain Depth 64 Size 0 Mode ref, Ref Stage 15, run, end, 9848925547905314
1787729859.709861, NoOp Chain Depth 64 Size 0 Mode ref, Ref Stage 16, run, start, 9848925547920738
1787729859.709883, NoOp Chain Depth 64 Size 0 Mode ref, Ref Stage 16, run, end, 9848925547942754
1787729859.709898, NoOp Chain Depth 64 Size 0 Mode ref, Ref Stage 17, run, start, 9848925547957794
1787729859.709923, NoOp Chain Depth 64 Size 0 Mode ref, Ref Stage 17, run, end, 9848925547981762
1787729859.709934, NoOp Chain Depth 64 Size 0 Mode ref, Ref Stage 18, run, start, 9848925547993634
1787729859.709971, NoOp Chain Depth 64 Size 0 Mode ref, Ref Stage 18, run, end, 9848925548029858
1787729859.709986, NoOp Chain Depth 64 Size 0 Mode ref, Ref Stage 19, run, start, 9848925548045394
1787729859.710008, NoOp Chain Depth 64 Size 0 Mode ref, Ref Stage 19, run, end, 9848925548067570
1787729859.710024, NoOp Chain Depth 64 Size 0 Mode ref, Ref Stage 20, run, start, 9848925548083442
1787729859.710050, NoOp Chain Depth 64 Size 0 Mode ref, Ref Stage 20, run, end, 9848925548109410
1787729859.710062, NoOp Chain Depth 64 Size 0 Mode ref, Ref Stage 21, run, start, 9848925548121378
1787729859.710199, NoOp Chain Depth 64 Size 0 Mode ref, Ref Stage 21, run, end, 9848925548258417
1787729859.710214, NoOp Chain Depth 64 Size 0 Mode ref, Ref Stage 22, run, start, 9848925548273649
1787729859.710237, NoOp Chain Depth 64 Size 0 Mode ref, Ref Stage 22, run, end, 9848925548296193
1787729859.710252, NoOp Chain Depth 64 Size 0 Mode ref, Ref Stage 23, run, start, 9848925548311185
1787729859.710274, NoOp Chain Depth 64 Size 0 Mode ref, Ref Stage 23, run, end, 9848925548333153
1787729859.710289, NoOp Chain Depth 64 Size 0 Mode ref, Ref Stage 24, run, start, 9848925548348465
1787729859.710311, NoOp Chain Depth 64 Size 0 Mode ref, Ref Stage 24, run, end, 9848925548370257
1787729859.710326, NoOp Chain Depth 64 Size 0 Mode ref, Ref Stage 25, run, start, 9848925548385649
1787729859.710348, NoOp Chain Depth 64 Size 0 Mode ref, Ref Stage 25, run, end, 9848925548407633
1787729859.710469, NoOp Chain Depth 64 Size 0 Mode ref, Ref Stage 26, run, start, 9848925548528609
1787729859.710492, NoOp Chain Depth 64 Size 0 Mode ref, Ref Stage 26, run, end, 9848925548551217
1787729859.710507, NoOp Chain Depth 64 Size 0 Mode ref, Ref Stage 27, run, start, 9848925548566753
1787729859.710529, NoOp Chain Depth 64 Size 0 Mode ref, Ref Stage 27, run, end, 9848925548588609
1787729859.710544, NoOp Chain Depth 64 Size 0 Mode ref, Ref Stage 28, run, start, 9848925548603681
1787729859.710566, NoOp Chain Depth 64 Size 0 Mode ref, Ref Stage 28, run, end, 9848925548625617
1787729859.710582, NoOp Chain Depth 64 Size 0 Mode ref, Ref Stage 29, run, start, 9848925548640785
1787729859.710605, NoOp Chain Depth 64 Size 0 Mode ref, Ref Stage 29, run, end, 9848925548664033
1787729859.710617, NoOp Chain Depth 64 Size 0 Mode ref, Ref Stage 30, run, start, 9848925548676321
1787729859.710649, NoOp Chain Depth 64 Size 0 Mode ref, Ref Stage 30, run, end, 9848925548708817
1787729859.710665, NoOp Chain Depth 64 Size 0 Mode ref, Ref Stage 31, run, start, 9848925548724209
1787729859.710689, NoOp Chain Depth 64 Size 0 Mode ref, Ref Stage 31, run, end, 9848925548748641
1787729859.710704, NoOp Chain Depth 64 Size 0 Mode ref, Ref Stage 32, run, start, 9848925548762865
1787729859.710839, NoOp Chain Depth 64 Size 0 Mode ref, Ref Stage 32, run, end, 9848925548898673
1787729859.710855, NoOp Chain Depth 64 Size 0 Mode ref, Ref Stage 33, run, start, 9848925548914017
1787729859.710878, NoOp Chain Depth 64 Size 0 Mode ref, Ref Stage 33, run, end, 9848925548937329
1787729859.710890, NoOp Chain Depth 64 Size 0 Mode ref, Ref Stage 34, run, start, 9848925548949569
1787729859.710923, NoOp Chain Depth 64 Size 0 Mode ref, Ref Stage 34, run, end, 9848925548982113
1787729859.710938, NoOp Chain Depth 64 Size 0 Mode ref, Ref Stage 35, run, start, 9848925548997537
1787729859.710963, NoOp Chain Depth 64 Size 0 Mode ref, Ref Stage 35, run, end, 9848925549021729
1787729859.710978, NoOp Chain Depth 64 Size 0 Mode ref, Ref Stage 36, run, start, 9848925549037793
1787729859.711001, NoOp Chain Depth 64 Size 0 Mode ref, Ref Stage 36, run, end, 9848925549060273
1787729859.711121, NoOp Chain Depth 64 Size 0 Mode ref, Ref Stage 37, run, start, 9848925549180097
1787729859.711143, NoOp Chain Depth 64 Size 0 Mode ref, Ref Stage 37, run, end, 9848925549202769
1787729859.711159, NoOp Chain Depth 64 Size 0 Mode ref, Ref Stage 38, run, start, 9848925549217873
1787729859.711180, NoOp Chain Depth 64 Size 0 Mode ref, Ref Stage 38, run, end, 9848925549239729
1787729859.711196, NoOp Chain Depth 64 Size 0 Mode ref, Ref Stage 39, run, start, 9848925549254977
1787729859.711220, NoOp Chain Depth 64 Size 0 Mode ref, Ref Stage 39, run, end, 9848925549278817
1787729859.711235, NoOp Chain Depth 64 Size 0 Mode ref, Ref Stage 40, run, start, 9848925549294257
1787729859.711259, NoOp Chain Depth 64 Size 0 Mode ref, Ref Stage 40, run, end, 9848925549318225
1787729859.711271, NoOp Chain Depth 64 Size 0 Mode ref, Ref Stage 41, run, start, 9848925549330209
1787729859.711304, NoOp Chain Depth 64 Size 0 Mode ref, Ref Stage 41, run, end, 9848925549363201
1787729859.711319, NoOp Chain Depth 64 Size 0 Mode ref, Ref Stage 42, run, start, 9848925549378161
1787729859.711342, NoOp Chain Depth 64 Size 0 Mode ref, Ref Stage 42, run, end, 9848925549401441
1787729859.711359, NoOp Chain Depth 64 Size 0 Mode ref, Ref Stage 43, run, start, 9848925549417969
1787729859.711385, NoOp Chain Depth 64 Size 0 Mode ref, Ref Stage 43, run, end, 9848925549444385
1787729859.711397, NoOp Chain Depth 64 Size 0 Mode ref, Ref Stage 44, run, start, 9848925549456305
1787729859.711531, NoOp Chain Depth 64 Size 0 Mode ref, Ref Stage 44, run, end, 9848925549590801
1787729859.711547, NoOp Chain Depth 64 Size 0 Mode ref, Ref Stage 45, run, start, 9848925549605809
1787729859.711568, NoOp Chain Depth 64 Size 0 Mode ref, Ref Stage 45, run, end, 9848925549627761
1787729859.711584, NoOp Chain Depth 64 Size 0 Mode ref, Ref Stage 46, run, start, 9848925549643009
1787729859.711606, NoOp Chain Depth 64 Size 0 Mode ref, Ref Stage 46, run, end, 9848925549665009
1787729859.711621, NoOp Chain Depth 64 Size 0 Mode ref, Ref Stage 47, run, start, 9848925549680513
1787729859.711643, NoOp Chain Depth 64 Size 0 Mode ref, Ref Stage 47, run, end, 9848925549702657
1787729859.711659, NoOp Chain Depth 64 Size 0 Mode ref, Ref Stage 48, run, start, 9848925549718257
1787729859.711681, NoOp Chain Depth 64 Size 0 Mode ref, Ref Stage 48, run, end, 9848925549739937
1787729859.711807, NoOp Chain Depth 64 Size 0 Mode ref, Ref Stage 49, run, start, 9848925549866529
1787729859.711829, NoOp Chain Depth 64 Size 0 Mode ref, Ref Stage 49, run, end, 9848925549888897
1787729859.711845, NoOp Chain Depth 64 Size 0 Mode ref, Ref Stage 50, run, start, 9848925549904113
1787729859.711866, NoOp Chain Depth 64 Size 0 Mode ref, Ref Stage 50, run, end, 9848925549925729
1787729859.711882, NoOp Chain Depth 64 Size 0 Mode ref, Ref Stage 51, run, start, 9848925549940977
1787729859.711904, NoOp Chain Depth 64 Size 0 Mode ref, Ref Stage 51, run, end, 9848925549962849
1787729859.711919, NoOp Chain Depth 64 Size 0 Mode ref, Ref Stage 52, run, start, 9848925549978033
1787729859.711943, NoOp Chain Depth 64 Size 0 Mode ref, Ref Stage 52, run, end, 9848925550003281
1787729859.711956, NoOp Chain Depth 64 Size 0 Mode ref, Ref Stage 53, run, start, 9848925550015393
1787729859.711989, NoOp Chain Depth 64 Size 0 Mode ref, Ref Stage 53, run, end, 9848925550048625
1787729859.712005, NoOp Chain Depth 64 Size 0 Mode ref, Ref Stage 54, run, start, 9848925550063969
1787729859.712028, NoOp Chain Depth 64 Size 0 Mode ref, Ref Stage 54, run, end, 9848925550086977
1787729859.712045, NoOp Chain Depth 64 Size 0 Mode ref, Ref Stage 55, run, start, 9848925550104545
1787729859.712071, NoOp Chain Depth 64 Size 0 Mode ref, Ref Stage 55, run, end, 9848925550130321
1787729859.712083, NoOp Chain Depth 64 Size 0 Mode ref, Ref Stage 56, run, start, 9848925550142225
1787729859.712224, NoOp Chain Depth 64 Size 0 Mode ref, Ref Stage 56, run, end, 9848925550283440
1787729859.712239, NoOp Chain Depth 64 Size 0 Mode ref, Ref Stage 57, run, start, 9848925550298480
1787729859.712261, NoOp Chain Depth 64 Size 0 Mode ref, Ref Stage 57, run, end, 9848925550320384
1787729859.712276, NoOp Chain Depth 64 Size 0 Mode ref, Ref Stage 58, run, start, 9848925550335680
1787729859.712298, NoOp Chain Depth 64 Size 0 Mode ref, Ref Stage 58, run, end, 9848925550357552
1787729859.712314, NoOp Chain Depth 64 Size 0 Mode ref, Ref Stage 59, run, start, 9848925550373280
1787729859.712336, NoOp Chain Depth 64 Size 0 Mode ref, Ref Stage 59, run, end, 9848925550395552
1787729859.712463, NoOp Chain Depth 64 Size 0 Mode ref, Ref Stage 60, run, start, 9848925550522128
1787729859.712487, NoOp Chain Depth 64 Size 0 Mode ref, Ref Stage 60, run, end, 9848925550545872
1787729859.712502, NoOp Chain Depth 64 Size 0 Mode ref, Ref Stage 61, run, start, 9848925550560960
1787729859.712523, NoOp Chain Depth 64 Size 0 Mode ref, Ref Stage 61, run, end, 9848925550582752
1787729859.712539, NoOp Chain Depth 64 Size 0 Mode ref, Ref Stage 62, run, start, 9848925550598096
1787729859.712563, NoOp Chain Depth 64 Size 0 Mode ref, Ref Stage 62, run, end, 9848925550622384
1787729859.712575, NoOp Chain Depth 64 Size 0 Mode ref, Ref Stage 63, run, start, 9848925550634640
1787729859.712609, NoOp Chain Depth 64 Size 0 Mode ref, Ref Stage 63, run, end, 9848925550668112
1787729859.712621, NoOp Chain Depth 64 Size 0 Mode ref, pipeline - train, run, end, 280468365256937993464380018162816596954, 1787729859.708875, 87, 1, 9848925550680800
1787729859.712667, NoOp Chain Depth 64 Size 0 Mode ref, pipeline - train, run, start, 81139898432946712273244958648626029210, 1787729859.712657, 88, 1, 9848925550726848
1787729859.712692, NoOp Chain Depth 64 Size 0 Mode ref, Ref Stage 0, run, start, 9848925550750880
1787729859.712715, NoOp Chain Depth 64 Size 0 Mode ref, Ref Stage 0, run, end, 9848925550774192
1787729859.712836, NoOp Chain Depth 64 Size 0 Mode ref, Ref Stage 1, run, start, 9848925550895888
1787729859.712859, NoOp Chain Depth 64 Size 0 Mode ref, Ref Stage 1, run, end, 9848925550918496
1787729859.712875, NoOp Chain Depth 64 Size 0 Mode ref, Ref Stage 2, run, start, 9848925550934400
1787729859.712897, NoOp Chain Depth 64 Size 0 Mode ref, Ref Stage 2, run, end, 9848925550956672
1787729859.712913, NoOp Chain Depth 64 Size 0 Mode ref, Ref Stage 3, run, start, 9848925550972208
1787729859.712935, NoOp Chain Depth 64 Size 0 Mode ref, Ref Stage 3, run, end, 9848925550994640
1787729859.712952, NoOp Chain Depth 64 Size 0 Mode ref, Ref Stage 4, run, start, 9848925551011200
1787729859.712975, NoOp Chain Depth 64 Size 0 Mode ref, Ref Stage 4, run, end, 9848925551033968
1787729859.712990, NoOp Chain Depth 64 Size 0 Mode ref, Ref Stage 5, run, start, 9848925551049424
1787729859.713013, NoOp Chain Depth 64 Size 0 Mode ref, Ref Stage 5, run, end, 9848925551071952
1787729859.713135, NoOp Chain Depth 64 Size 0 Mode ref, Ref Stage 6, run, start, 9848925551194256
1787729859.713158, NoOp Chain Depth 64 Size 0 Mode ref, Ref Stage 6, run, end, 9848925551216944
1787729859.713173, NoOp Chain Depth 64 Size 0 Mode ref, Ref Stage 7, run, start, 9848925551232304
1787729859.713195, NoOp Chain Depth 64 Size 0 Mode ref, Ref Stage 7, run, end, 9848925551254336
1787729859.713210, NoOp Chain Depth 64 Size 0 Mode ref, Ref Stage 8, run, start, 9848925551269568
1787729859.713234, NoOp Chain Depth 64 Size 0 Mode ref, Ref Stage 8, run, end, 9848925551293744
1787729859.713247, NoOp Chain Depth 64 Size 0 Mode ref, Ref Stage 9, run, start, 9848925551306176
1787729859.713279, NoOp Chain Depth 64 Size 0 Mode ref, Ref Stage 9, run, end, 9848925551338000
1787729859.713294, NoOp Chain Depth 64 Size 0 Mode ref, Ref Stage 10, run, start, 9848925551353344
1787729859.713318, NoOp Chain Depth 64 Size 0 Mode ref, Ref Stage 10, run, end, 9848925551377296
1787729859.713335, NoOp Chain Depth 64 Size 0 Mode ref, Ref Stage 11, run, start, 9848925551394304
1787729859.713357, NoOp Chain Depth 64 Size 0 Mode ref, Ref Stage 11, run, end, 9848925551416592
1787729859.713373, NoOp Chain Depth 64 Size 0 Mode ref, Ref Stage 12, run, start, 9848925551432224
1787729859.713395, NoOp Chain Depth 64 Size 0 Mode ref, Ref Stage 12, run, end, 9848925551454192
1787729859.713518, NoOp Chain Depth 64 Size 0 Mode ref, Ref Stage 13, run, start, 9848925551577744
1787729859.713541, NoOp Chain Depth 64 Size 0 Mode ref, Ref Stage 13, run, end, 9848925551600272
1787729859.713556, NoOp Chain Depth 64 Size 0 Mode ref, Ref Stage 14, run, start, 9848925551615680
1787729859.713580, NoOp Chain Depth 64 Size 0 Mode ref, Ref Stage 14, run, end, 9848925551639728
1787729859.713593, NoOp Chain Depth 64 Size 0 Mode ref, Ref Stage 15, run, start, 9848925551651872
1787729859.713626, NoOp Chain Depth 64 Size 0 Mode ref, Ref Stage 15, run, end, 9848925551685248
1787729859.713643, NoOp Chain Depth 64 Size 0 Mode ref, Ref Stage 16, run, start, 9848925551701968
1787729859.713665, NoOp Chain Depth 64 Size 0 Mode ref, Ref Stage 16, run, end, 9848925551724112
1787729859.713682, NoOp Chain Depth 64 Size 0 Mode ref, Ref Stage 17, run, start, 9848925551741152
1787729859.713704, NoOp Chain Depth 64 Size 0 Mode ref, Ref Stage 17, run, end, 9848925551763216
1787729859.713826, NoOp Chain Depth 64 Size 0 Mode ref, Ref Stage 18, run, start, 9848925551885632
1787729859.713849, NoOp Chain Depth 64 Size 0 Mode ref, Ref Stage 18, run, end, 9848925551907952
1787729859.713864, NoOp Chain Depth 64 Size 0 Mode ref, Ref Stage 19, run, start, 9848925551923344
1787729859.713886, NoOp Chain Depth 64 Size 0 Mode ref, Ref Stage 19, run, end, 9848925551945360
1787729859.713901, NoOp Chain Depth 64 Size 0 Mode ref, Ref Stage 20, run, start, 9848925551960704
1787729859.713925, NoOp Chain Depth 64 Size 0 Mode ref, Ref Stage 20, run, end, 9848925551984608
1787729859.713938, NoOp Chain Depth 64 Size 0 Mode ref, Ref Stage 21, run, start, 9848925551996784
1787729859.713976, NoOp Chain Depth 64 Size 0 Mode ref, Ref Stage 21, run, end, 9848925552035760
1787729859.713992, NoOp Chain Depth 64 Size 0 Mode ref, Ref Stage 22, run, start, 9848925552051472
1787729859.714015, NoOp Chain Depth 64 Size 0 Mode ref, Ref Stage 22, run, end, 9848925552073792
1787729859.714031, NoOp Chain Depth 64 Size 0 Mode ref, Ref Stage 23, run, start, 9848925552090096
1787729859.714053, NoOp Chain Depth 64 Size 0 Mode ref, Ref Stage 23, run, end, 9848925552112431
1787729859.714177, NoOp Chain Depth 64 Size 0 Mode ref, Ref Stage 24, run, start, 9848925552236463
1787729859.714200, NoOp Chain Depth 64 Size 0 Mode ref, Ref Stage 24, run, end, 9848925552259279
1787729859.714215, NoOp Chain Depth 64 Size 0 Mode ref, Ref Stage 25, run, start, 9848925552274559
1787729859.714239, NoOp Chain Depth 64 Size 0 Mode ref, Ref Stage 25, run, end, 9848925552298479
1787729859.714251, NoOp Chain Depth 64 Size 0 Mode ref, Ref Stage 26, run, start, 9848925552310639
1787729859.714285, NoOp Chain Depth 64 Size 0 Mode ref, Ref Stage 26, run, end, 9848925552344303
1787729859.714301, NoOp Chain Depth 64 Size 0 Mode ref, Ref Stage 27, run, start, 9848925552360399
1787729859.714323, NoOp Chain Depth 64 Size 0 Mode ref, Ref Stage 27, run, end, 9848925552382383
1787729859.714339, NoOp Chain Depth 64 Size 0 Mode ref, Ref Stage 28, run, start, 9848925552398159
1787729859.714364, NoOp Chain Depth 64 Size 0 Mode ref, Ref Stage 28, run, end, 9848925552423359
1787729859.714488, NoOp Chain Depth 64 Size 0 Mode ref, Ref Stage 29, run, start, 9848925552547487
1787729859.714511, NoOp Chain Depth 64 Size 0 Mode ref, Ref Stage 29, run, end, 9848925552570415
1787729859.714526, NoOp Chain Depth 64 Size 0 Mode ref, Ref Stage 30, run, start, 9848925552585935
1787729859.714550, NoOp Chain Depth 64 Size 0 Mode ref, Ref Stage 30, run, end, 9848925552609999
1787729859.714563, NoOp Chain Depth 64 Size 0 Mode ref, Ref Stage 31, run, start, 9848925552622239
1787729859.714596, NoOp Chain Depth 64 Size 0 Mode ref, Ref Stage 31, run, end, 9848925552654975
1787729859.714611, NoOp Chain Depth 64 Size 0 Mode ref, Ref Stage 32, run, start, 9848925552670143
1787729859.714633, NoOp Chain Depth 64 Size 0 Mode ref, Ref Stage 32, run, end, 9848925552692863
1787729859.714650, NoOp Chain Depth 64 Size 0 Mode ref, Ref Stage 33, run, start, 9848925552709279
1787729859.714672, NoOp Chain Depth 64 Size 0 Mode ref, Ref Stage 33, run, end, 9848925552731231
1787729859.714687, NoOp Chain Depth 64 Size 0 Mode ref, Ref Stage 34, run, start, 9848925552746527
1787729859.714711, NoOp Chain Depth 64 Size 0 Mode ref, Ref Stage 34, run, end, 9848925552770383
1787729859.714728, NoOp Chain Depth 64 Size 0 Mode ref, Ref Stage 35, run, start, 9848925552787471
1787729859.714751, NoOp Chain Depth 64 Size 0 Mode ref, Ref Stage 35, run, end, 9848925552809727
1787729859.714874, NoOp Chain Depth 64 Size 0 Mode ref, Ref Stage 36, run, start, 9848925552933583
1787729859.714898, NoOp Chain Depth 64 Size 0 Mode ref, Ref Stage 36, run, end, 9848925552957519
1787729859.714914, NoOp Chain Depth 64 Size 0 Mode ref, Ref Stage 37, run, start, 9848925552973071
1787729859.714936, NoOp Chain Depth 64 Size 0 Mode ref, Ref Stage 37, run, end, 9848925552995455
1787729859.714953, NoOp Chain Depth 64 Size 0 Mode ref, Ref Stage 38, run, start, 9848925553012047
1787729859.714976, NoOp Chain Depth 64 Size 0 Mode ref, Ref Stage 38, run, end, 9848925553034959
1787729859.714991, NoOp Chain Depth 64 Size 0 Mode ref, Ref Stage 39, run, start, 9848925553050655
1787729859.715013, NoOp Chain Depth 64 Size 0 Mode ref, Ref Stage 39, run, end, 9848925553072719
1787729859.715029, NoOp Chain Depth 64 Size 0 Mode ref, Ref Stage 40, run, start, 9848925553088255
1787729859.715051, NoOp Chain Depth 64 Size 0 Mode ref, Ref Stage 40, run, end, 9848925553110495
1787729859.715173, NoOp Chain Depth 64 Size 0 Mode ref, Ref Stage 41, run, start, 9848925553232287
1787729859.715195, NoOp Chain Depth 64 Size 0 Mode ref, Ref Stage 41, run, end, 9848925553254623
1787729859.715210, NoOp Chain Depth 64 Size 0 Mode ref, Ref Stage 42, run, start, 9848925553269887
1787729859.715234, NoOp Chain Depth 64 Size 0 Mode ref, Ref Stage 42, run, end, 9848925553293407
1787729859.715246, NoOp Chain Depth 64 Size 0 Mode ref, Ref Stage 43, run, start, 9848925553305487
1787729859.715279, NoOp Chain Depth 64 Size 0 Mode ref, Ref Stage 43, run, end, 9848925553338655
1787729859.715294, NoOp Chain Depth 64 Size 0 Mode ref, Ref Stage 44, run, start, 9848925553353887
1787729859.715317, NoOp Chain Depth 64 Size 0 Mode ref, Ref Stage 44, run, end, 9848925553375839
1787729859.715333, NoOp Chain Depth 64 Size 0 Mode ref, Ref Stage 45, run, start, 9848925553392159
1787729859.715355, NoOp Chain Depth 64 Size 0 Mode ref, Ref Stage 45, run, end, 9848925553414127
1787729859.715370, NoOp Chain Depth 64 Size 0 Mode ref, Ref Stage 46, run, start, 9848925553429503
1787729859.715393, NoOp Chain Depth 64 Size 0 Mode ref, Ref Stage 46, run, end, 9848925553451855
1787729859.715515, NoOp Chain Depth 64 Size 0 Mode ref, Ref Stage 47, run, start, 9848925553573999
1787729859.715537, NoOp Chain Depth 64 Size 0 Mode ref, Ref Stage 47, run, end, 9848925553596751
1787729859.715553, NoOp Chain Depth 64 Size 0 Mode ref, Ref Stage 48, run, start, 9848925553612191
1787729859.715577, NoOp Chain Depth 64 Size 0 Mode ref, Ref Stage 48, run, end, 9848925553636015
1787729859.715589, NoOp Chain Depth 64 Size 0 Mode ref, Ref Stage 49, run, start, 9848925553648079
1787729859.715624, NoOp Chain Depth 64 Size 0 Mode ref, Ref Stage 49, run, end, 9848925553683215
1787729859.715637, NoOp Chain Depth 64 Size 0 Mode ref, Ref Stage 50, run, start, 9848925553696079
1787729859.715670, NoOp Chain Depth 64 Size 0 Mode ref, Ref Stage 50, run, end, 9848925553729055
1787729859.715686, NoOp Chain Depth 64 Size 0 Mode ref, Ref Stage 51, run, start, 9848925553745327
1787729859.715708, NoOp Chain Depth 64 Size 0 Mode ref, Ref Stage 51, run, end, 9848925553767775
1787729859.715827, NoOp Chain Depth 64 Size 0 Mode ref, Ref Stage 52, run, start, 9848925553886991
1787729859.715851, NoOp Chain Depth 64 Size 0 Mode ref, Ref Stage 52, run, end, 9848925553909903
1787729859.715866, NoOp Chain Depth 64 Size 0 Mode ref, Ref Stage 53, run, start, 9848925553925327
1787729859.715888, NoOp Chain Depth 64 Size 0 Mode ref, Ref Stage 53, run, end, 9848925553947343
1787729859.715903, NoOp Chain Depth 64 Size 0 Mode ref, Ref Stage 54, run, start, 9848925553962670
1787729859.715927, NoOp Chain Depth 64 Size 0 Mode ref, Ref Stage 54, run, end, 9848925553986782
1787729859.715940, NoOp Chain Depth 64 Size 0 Mode ref, Ref Stage 55, run, start, 9848925553998958
1787729859.715974, NoOp Chain Depth 64 Size 0 Mode ref, Ref Stage 55, run, end, 9848925554033662
1787729859.715990, NoOp Chain Depth 64 Size 0 Mode ref, Ref Stage 56, run, start, 9848925554048894
1787729859.716013, NoOp Chain Depth 64 Size 0 Mode ref, Ref Stage 56, run, end, 9848925554072670
1787729859.716030, NoOp Chain Depth 64 Size 0 Mode ref, Ref Stage 57, run, start, 9848925554089166
1787729859.716054, NoOp Chain Depth 64 Size 0 Mode ref, Ref Stage 57, run, end, 9848925554113006
1787729859.716185, NoOp Chain Depth 64 Size 0 Mode ref, Ref Stage 58, run, start, 9848925554244142
1787729859.716208, NoOp Chain Depth 64 Size 0 Mode ref, Ref Stage 58, run, end, 9848925554267166
1787729859.716223, NoOp Chain Depth 64 Size 0 Mode ref, Ref Stage 59, run, start, 9848925554282638
1787729859.716247, NoOp Chain Depth 64 Size 0 Mode ref, Ref Stage 59, run, end, 9848925554305886
1787729859.716259, NoOp Chain Depth 64 Size 0 Mode ref, Ref Stage 60, run, start, 9848925554317982
1787729859.716291, NoOp Chain Depth 64 Size 0 Mode ref, Ref Stage 60, run, end, 9848925554350766
1787729859.716307, NoOp Chain Depth 64 Size 0 Mode ref, Ref Stage 61, run, start, 9848925554366782
1787729859.716330, NoOp Chain Depth 64 Size 0 Mode ref, Ref Stage 61, run, end, 9848925554388798
1787729859.716345, NoOp Chain Depth 64 Size 0 Mode ref, Ref Stage 62, run, start, 9848925554404590
1787729859.716367, NoOp Chain Depth 64 Size 0 Mode ref, Ref Stage 62, run, end, 9848925554426606
1787729859.716493, NoOp Chain Depth 64 Size 0 Mode ref, Ref Stage 63, run, start, 9848925554552030
1787729859.716515, NoOp Chain Depth 64 Size 0 Mode ref, Ref Stage 63, run, end, 9848925554574078
1787729859.716530, NoOp Chain Depth 64 Size 0 Mode ref, pipeline - train, run, end, 81139898432946712273244958648626029210, 1787729859.712657, 88, 1, 9848925554589406
1787729859.716565, NoOp Chain Depth 64 Size 0 Mode ref, pipeline - train, run, start, 29561649563220009553010362641933682950, 1787729859.716554, 89, 1, 9848925554624142
1787729859.716588, NoOp Chain Depth 64 Size 0 Mode ref, Ref Stage 0, run, start, 9848925554646862
1787729859.716610, NoOp Chain Depth 64 Size 0 Mode ref, Ref Stage 0, run, end, 9848925554669246
1787729859.716626, NoOp Chain Depth 64 Size 0 Mode ref, Ref Stage 1, run, start, 9848925554684990
1787729859.716650, NoOp Chain Depth 64 Size 0 Mode ref, Ref Stage 1, run, end, 9848925554708766
1787729859.716661, NoOp Chain Depth 64 Size 0 Mode ref, Ref Stage 2, run, start, 9848925554720910
1787729859.716695, NoOp Chain Depth 64 Size 0 Mode ref, Ref Stage 2, run, end, 9848925554753934
1787729859.716710, NoOp Chain Depth 64 Size 0 Mode ref, Ref Stage 3, run, start, 9848925554769566
1787729859.716733, NoOp Chain Depth 64 Size 0 Mode ref, Ref Stage 3, run, end, 9848925554791790
1787729859.716859, NoOp Chain Depth 64 Size 0 Mode ref, Ref Stage 4, run, start, 9848925554918814
1787729859.716882, NoOp Chain Depth 64 Size 0 Mode ref, Ref Stage 4, run, end, 9848925554941374
1787729859.716898, NoOp Chain Depth 64 Size 0 Mode ref, Ref Stage 5, run, start, 9848925554957982
1787729859.716922, NoOp Chain Depth 64 Size 0 Mode ref, Ref Stage 5, run, end, 9848925554981310
1787729859.716934, NoOp Chain Depth 64 Size 0 Mode ref, Ref Stage 6, run, start, 9848925554993390
1787729859.716969, NoOp Chain Depth 64 Size 0 Mode ref, Ref Stage 6, run, end, 9848925555028126
1787729859.716984, NoOp Chain Depth 64 Size 0 Mode ref, Ref Stage 7, run, start, 9848925555043262
1787729859.717006, NoOp Chain Depth 64 Size 0 Mode ref, Ref Stage 7, run, end, 9848925555065246
1787729859.717022, NoOp Chain Depth 64 Size 0 Mode ref, Ref Stage 8, run, start, 9848925555081502
1787729859.717044, NoOp Chain Depth 64 Size 0 Mode ref, Ref Stage 8, run, end, 9848925555103502
1787729859.717165, NoOp Chain Depth 64 Size 0 Mode ref, Ref Stage 9, run, start, 9848925555224654
1787729859.717188, NoOp Chain Depth 64 Size 0 Mode ref, Ref Stage 9, run, end, 9848925555247438
1787729859.717203, NoOp Chain Depth 64 Size 0 Mode ref, Ref Stage 10, run, start, 9848925555262462
1787729859.717225, NoOp Chain Depth 64 Size 0 Mode ref, Ref Stage 10, run, end, 9848925555284558
1787729859.717240, NoOp Chain Depth 64 Size 0 Mode ref, Ref Stage 11, run, start, 9848925555299278
1787729859.717262, NoOp Chain Depth 64 Size 0 Mode ref, Ref Stage 11, run, end, 9848925555320846
1787729859.717277, NoOp Chain Depth 64 Size 0 Mode ref, Ref Stage 12, run, start, 9848925555336190
1787729859.717300, NoOp Chain Depth 64 Size 0 Mode ref, Ref Stage 12, run, end, 9848925555359758
1787729859.717313, NoOp Chain Depth 64 Size 0 Mode ref, Ref Stage 13, run, start, 9848925555371966
1787729859.717347, NoOp Chain Depth 64 Size 0 Mode ref, Ref Stage 13, run, end, 9848925555406334
1787729859.717362, NoOp Chain Depth 64 Size 0 Mode ref, Ref Stage 14, run, start, 9848925555421694
1787729859.717387, NoOp Chain Depth 64 Size 0 Mode ref, Ref Stage 14, run, end, 9848925555446478
1787729859.717405, NoOp Chain Depth 64 Size 0 Mode ref, Ref Stage 15, run, start, 9848925555464398
1787729859.717428, NoOp Chain Depth 64 Size 0 Mode ref, Ref Stage 15, run, end, 9848925555487502
1787729859.717443, NoOp Chain Depth 64 Size 0 Mode ref, Ref Stage 16, run, start, 9848925555503022
1787729859.717466, NoOp Chain Depth 64 Size 0 Mode ref, Ref Stage 16, run, end, 9848925555525022
1787729859.717482, NoOp Chain Depth 64 Size 0 Mode ref, Ref Stage 17, run, start, 9848925555541438
1787729859.717505, NoOp Chain Depth 64 Size 0 Mode ref, Ref Stage 17, run, end, 9848925555564814
1787729859.717518, NoOp Chain Depth 64 Size 0 Mode ref, Ref Stage 18, run, start, 9848925555576798
1787729859.717655, NoOp Chain Depth 64 Size 0 Mode ref, Ref Stage 18, run, end, 9848925555714638
1787729859.717671, NoOp Chain Depth 64 Size 0 Mode ref, Ref Stage 19, run, start, 9848925555730190
1787729859.717694, NoOp Chain Depth 64 Size 0 Mode ref, Ref Stage 19, run, end, 9848925555753550
1787729859.717706, NoOp Chain Depth 64 Size 0 Mode ref, Ref Stage 20, run, start, 9848925555765630
1787729859.717738, NoOp Chain Depth 64 Size 0 Mode ref, Ref Stage 20, run, end, 9848925555798046
1787729859.717755, NoOp Chain Depth 64 Size 0 Mode ref, Ref Stage 21, run, start, 9848925555813966
1787729859.717777, NoOp Chain Depth 64 Size 0 Mode ref, Ref Stage 21, run, end, 9848925555836702
1787729859.717793, NoOp Chain Depth 64 Size 0 Mode ref, Ref Stage 22, run, start, 9848925555852046
1787729859.717814, NoOp Chain Depth 64 Size 0 Mode ref, Ref Stage 22, run, end, 9848925555873886
1787729859.717830, NoOp Chain Depth 64 Size 0 Mode ref, Ref Stage 23, run, start, 9848925555889582
1787729859.717856, NoOp Chain Depth 64 Size 0 Mode ref, Ref Stage 23, run, end, 9848925555916990
1787729859.717870, NoOp Chain Depth 64 Size 0 Mode ref, Ref Stage 24, run, start, 9848925555929006
1787729859.718010, NoOp Chain Depth 64 Size 0 Mode ref, Ref Stage 24, run, end, 9848925556069245
1787729859.718025, NoOp Chain Depth 64 Size 0 Mode ref, Ref Stage 25, run, start, 9848925556084573
1787729859.718048, NoOp Chain Depth 64 Size 0 Mode ref, Ref Stage 25, run, end, 9848925556107005
1787729859.718063, NoOp Chain Depth 64 Size 0 Mode ref, Ref Stage 26, run, start, 9848925556122077
1787729859.718085, NoOp Chain Depth 64 Size 0 Mode ref, Ref Stage 26, run, end, 9848925556144125
1787729859.718100, NoOp Chain Depth 64 Size 0 Mode ref, Ref Stage 27, run, start, 9848925556159677
1787729859.718122, NoOp Chain Depth 64 Size 0 Mode ref, Ref Stage 27, run, end, 9848925556181949
1787729859.718138, NoOp Chain Depth 64 Size 0 Mode ref, Ref Stage 28, run, start, 9848925556197021
1787729859.718162, NoOp Chain Depth 64 Size 0 Mode ref, Ref Stage 28, run, end, 9848925556220909
1787729859.718174, NoOp Chain Depth 64 Size 0 Mode ref, Ref Stage 29, run, start, 9848925556232621
1787729859.718205, NoOp Chain Depth 64 Size 0 Mode ref, Ref Stage 29, run, end, 9848925556264653
1787729859.718220, NoOp Chain Depth 64 Size 0 Mode ref, Ref Stage 30, run, start, 9848925556279821
1787729859.718243, NoOp Chain Depth 64 Size 0 Mode ref, Ref Stage 30, run, end, 9848925556302701
1787729859.718366, NoOp Chain Depth 64 Size 0 Mode ref, Ref Stage 31, run, start, 9848925556425325
1787729859.718389, NoOp Chain Depth 64 Size 0 Mode ref, Ref Stage 31, run, end, 9848925556447933
1787729859.718404, NoOp Chain Depth 64 Size 0 Mode ref, Ref Stage 32, run, start, 9848925556463245
1787729859.718426, NoOp Chain Depth 64 Size 0 Mode ref, Ref Stage 32, run, end, 9848925556485469
1787729859.718441, NoOp Chain Depth 64 Size 0 Mode ref, Ref Stage 33, run, start, 9848925556500877
1787729859.718465, NoOp Chain Depth 64 Size 0 Mode ref, Ref Stage 33, run, end, 9848925556524397
1787729859.718481, NoOp Chain Depth 64 Size 0 Mode ref, Ref Stage 34, run, start, 9848925556539981
1787729859.718503, NoOp Chain Depth 64 Size 0 Mode ref, Ref Stage 34, run, end, 9848925556562109
1787729859.718625, NoOp Chain Depth 64 Size 0 Mode ref, Ref Stage 35, run, start, 9848925556684349
1787729859.718647, NoOp Chain Depth 64 Size 0 Mode ref, Ref Stage 35, run, end, 9848925556706509
1787729859.718663, NoOp Chain Depth 64 Size 0 Mode ref, Ref Stage 36, run, start, 9848925556721949
1787729859.718684, NoOp Chain Depth 64 Size 0 Mode ref, Ref Stage 36, run, end, 9848925556743789
1787729859.718699, NoOp Chain Depth 64 Size 0 Mode ref, Ref Stage 37, run, start, 9848925556758861
1787729859.718722, NoOp Chain Depth 64 Size 0 Mode ref, Ref Stage 37, run, end, 9848925556780733
1787729859.718737, NoOp Chain Depth 64 Size 0 Mode ref, Ref Stage 38, run, start, 9848925556796061
1787729859.718758, NoOp Chain Depth 64 Size 0 Mode ref, Ref Stage 38, run, end, 9848925556817789
1787729859.718774, NoOp Chain Depth 64 Size 0 Mode ref, Ref Stage 39, run, start, 9848925556833453
1787729859.718796, NoOp Chain Depth 64 Size 0 Mode ref, Ref Stage 39, run, end, 9848925556855133
1787729859.718811, NoOp Chain Depth 64 Size 0 Mode ref, Ref Stage 40, run, start, 9848925556870285
1787729859.718835, NoOp Chain Depth 64 Size 0 Mode ref, Ref Stage 40, run, end, 9848925556894189
1787729859.718847, NoOp Chain Depth 64 Size 0 Mode ref, Ref Stage 41, run, start, 9848925556906285
1787729859.718882, NoOp Chain Depth 64 Size 0 Mode ref, Ref Stage 41, run, end, 9848925556941053
1787729859.718897, NoOp Chain Depth 64 Size 0 Mode ref, Ref Stage 42, run, start, 9848925556956093
1787729859.718919, NoOp Chain Depth 64 Size 0 Mode ref, Ref Stage 42, run, end, 9848925556978253
1787729859.719042, NoOp Chain Depth 64 Size 0 Mode ref, Ref Stage 43, run, start, 9848925557101005
1787729859.719065, NoOp Chain Depth 64 Size 0 Mode ref, Ref Stage 43, run, end, 9848925557124125
1787729859.719080, NoOp Chain Depth 64 Size 0 Mode ref, Ref Stage 44, run, start, 9848925557139741
1787729859.719103, NoOp Chain Depth 64 Size 0 Mode ref, Ref Stage 44, run, end, 9848925557162141
1787729859.719118, NoOp Chain Depth 64 Size 0 Mode ref, Ref Stage 45, run, start, 9848925557177085
1787729859.719140, NoOp Chain Depth 64 Size 0 Mode ref, Ref Stage 45, run, end, 9848925557198797
1787729859.719155, NoOp Chain Depth 64 Size 0 Mode ref, Ref Stage 46, run, start, 9848925557214205
1787729859.719180, NoOp Chain Depth 64 Size 0 Mode ref, Ref Stage 46, run, end, 9848925557239389
1787729859.719192, NoOp Chain Depth 64 Size 0 Mode ref, Ref Stage 47, run, start, 9848925557251709
1787729859.719329, NoOp Chain Depth 64 Size 0 Mode ref, Ref Stage 47, run, end, 9848925557388093
1787729859.719344, NoOp Chain Depth 64 Size 0 Mode ref, Ref Stage 48, run, start, 9848925557403517
1787729859.719366, NoOp Chain Depth 64 Size 0 Mode ref, Ref Stage 48, run, end, 9848925557425485
1787729859.719381, NoOp Chain Depth 64 Size 0 Mode ref, Ref Stage 49, run, start, 9848925557440621
1787729859.719403, NoOp Chain Depth 64 Size 0 Mode ref, Ref Stage 49, run, end, 9848925557462429
1787729859.719418, NoOp Chain Depth 64 Size 0 Mode ref, Ref Stage 50, run, start, 9848925557477725
1787729859.719440, NoOp Chain Depth 64 Size 0 Mode ref, Ref Stage 50, run, end, 9848925557499453
1787729859.719455, NoOp Chain Depth 64 Size 0 Mode ref, Ref Stage 51, run, start, 9848925557514749
1787729859.719479, NoOp Chain Depth 64 Size 0 Mode ref, Ref Stage 51, run, end, 9848925557538589
1787729859.719491, NoOp Chain Depth 64 Size 0 Mode ref, Ref Stage 52, run, start, 9848925557550365
1787729859.719523, NoOp Chain Depth 64 Size 0 Mode ref, Ref Stage 52, run, end, 9848925557582621
1787729859.719538, NoOp Chain Depth 64 Size 0 Mode ref, Ref Stage 53, run, start, 9848925557597853
1787729859.719562, NoOp Chain Depth 64 Size 0 Mode ref, Ref Stage 53, run, end, 9848925557621021
1787729859.719684, NoOp Chain Depth 64 Size 0 Mode ref, Ref Stage 54, run, start, 9848925557743885
1787729859.719708, NoOp Chain Depth 64 Size 0 Mode ref, Ref Stage 54, run, end, 9848925557767757
1787729859.719724, NoOp Chain Depth 64 Size 0 Mode ref, Ref Stage 55, run, start, 9848925557783229
1787729859.719746, NoOp Chain Depth 64 Size 0 Mode ref, Ref Stage 55, run, end, 9848925557805437
1787729859.719761, NoOp Chain Depth 64 Size 0 Mode ref, Ref Stage 56, run, start, 9848925557820749
1787729859.719783, NoOp Chain Depth 64 Size 0 Mode ref, Ref Stage 56, run, end, 9848925557842397
1787729859.719798, NoOp Chain Depth 64 Size 0 Mode ref, Ref Stage 57, run, start, 9848925557857773
1787729859.719822, NoOp Chain Depth 64 Size 0 Mode ref, Ref Stage 57, run, end, 9848925557881485
1787729859.719836, NoOp Chain Depth 64 Size 0 Mode ref, Ref Stage 58, run, start, 9848925557895820
1787729859.719975, NoOp Chain Depth 64 Size 0 Mode ref, Ref Stage 58, run, end, 9848925558033820
1787729859.719990, NoOp Chain Depth 64 Size 0 Mode ref, Ref Stage 59, run, start, 9848925558049372
1787729859.720012, NoOp Chain Depth 64 Size 0 Mode ref, Ref Stage 59, run, end, 9848925558071868
1787729859.720028, NoOp Chain Depth 64 Size 0 Mode ref, Ref Stage 60, run, start, 9848925558087100
1787729859.720050, NoOp Chain Depth 64 Size 0 Mode ref, Ref Stage 60, run, end, 9848925558108892
1787729859.720065, NoOp Chain Depth 64 Size 0 Mode ref, Ref Stage 61, run, start, 9848925558124172
1787729859.720087, NoOp Chain Depth 64 Size 0 Mode ref, Ref Stage 61, run, end, 9848925558146124
1787729859.720102, NoOp Chain Depth 64 Size 0 Mode ref, Ref Stage 62, run, start, 9848925558161708
1787729859.720126, NoOp Chain Depth 64 Size 0 Mode ref, Ref Stage 62, run, end, 9848925558185404
1787729859.720138, NoOp Chain Depth 64 Size 0 Mode ref, Ref Stage 63, run, start, 9848925558197596
1787729859.720170, NoOp Chain Depth 64 Size 0 Mode ref, Ref Stage 63, run, end, 9848925558229452
1787729859.720186, NoOp Chain Depth 64 Size 0 Mode ref, pipeline - train, run, end, 29561649563220009553010362641933682950, 1787729859.716554, 89, 1, 9848925558245100
1787729859.720326, NoOp Chain Depth 64 Size 0 Mode ref, pipeline - train, run, start, 283501279737248258428547613303998563341, 1787729859.720316, 90, 1, 9848925558385580
1787729859.720350, NoOp Chain Depth 64 Size 0 Mode ref, Ref Stage 0, run, start, 9848925558409404
1787729859.720373, NoOp Chain Depth 64 Size 0 Mode ref, Ref Stage 0, run, end, 9848925558432140
1787729859.720389, NoOp Chain Depth 64 Size 0 Mode ref, Ref Stage 1, run, start, 9848925558447900
1787729859.720413, NoOp Chain Depth 64 Size 0 Mode ref, Ref Stage 1, run, end, 9848925558471964
1787729859.720425, NoOp Chain Depth 64 Size 0 Mode ref, Ref Stage 2, run, start, 9848925558484028
1787729859.720455, NoOp Chain Depth 64 Size 0 Mode ref, Ref Stage 2, run, end, 9848925558514636
1787729859.720471, NoOp Chain Depth 64 Size 0 Mode ref, Ref Stage 3, run, start, 9848925558530076
1787729859.720496, NoOp Chain Depth 64 Size 0 Mode ref, Ref Stage 3, run, end, 9848925558555580
1787729859.720508, NoOp Chain Depth 64 Size 0 Mode ref, Ref Stage 4, run, start, 9848925558567564
1787729859.720653, NoOp Chain Depth 64 Size 0 Mode ref, Ref Stage 4, run, end, 9848925558711948
1787729859.720668, NoOp Chain Depth 64 Size 0 Mode ref, Ref Stage 5, run, start, 9848925558727452
1787729859.720690, NoOp Chain Depth 64 Size 0 Mode ref, Ref Stage 5, run, end, 9848925558749644
1787729859.720706, NoOp Chain Depth 64 Size 0 Mode ref, Ref Stage 6, run, start, 9848925558765004
1787729859.720728, NoOp Chain Depth 64 Size 0 Mode ref, Ref Stage 6, run, end, 9848925558787116
1787729859.720743, NoOp Chain Depth 64 Size 0 Mode ref, Ref Stage 7, run, start, 9848925558802524
1787729859.720765, NoOp Chain Depth 64 Size 0 Mode ref, Ref Stage 7, run, end, 9848925558824492
1787729859.720780, NoOp Chain Depth 64 Size 0 Mode ref, Ref Stage 8, run, start, 9848925558839372
1787729859.720803, NoOp Chain Depth 64 Size 0 Mode ref, Ref Stage 8, run, end, 9848925558862588
1787729859.720815, NoOp Chain Depth 64 Size 0 Mode ref, Ref Stage 9, run, start, 9848925558874412
1787729859.720847, NoOp Chain Depth 64 Size 0 Mode ref, Ref Stage 9, run, end, 9848925558906604
1787729859.720865, NoOp Chain Depth 64 Size 0 Mode ref, Ref Stage 10, run, start, 9848925558923884
1787729859.720890, NoOp Chain Depth 64 Size 0 Mode ref, Ref Stage 10, run, end, 9848925558948908
1787729859.721015, NoOp Chain Depth 64 Size 0 Mode ref, Ref Stage 11, run, start, 9848925559074940
1787729859.721039, NoOp Chain Depth 64 Size 0 Mode ref, Ref Stage 11, run, end, 9848925559098188
1787729859.721054, NoOp Chain Depth 64 Size 0 Mode ref, Ref Stage 12, run, start, 9848925559113708
1787729859.721076, NoOp Chain Depth 64 Size 0 Mode ref, Ref Stage 12, run, end, 9848925559135756
1787729859.721092, NoOp Chain Depth 64 Size 0 Mode ref, Ref Stage 13, run, start, 9848925559150908
1787729859.721113, NoOp Chain Depth 64 Size 0 Mode ref, Ref Stage 13, run, end, 9848925559172700
1787729859.721128, NoOp Chain Depth 64 Size 0 Mode ref, Ref Stage 14, run, start, 9848925559187868
1787729859.721151, NoOp Chain Depth 64 Size 0 Mode ref, Ref Stage 14, run, end, 9848925559209948
1787729859.721265, NoOp Chain Depth 64 Size 0 Mode ref, Ref Stage 15, run, start, 9848925559325036
1787729859.721288, NoOp Chain Depth 64 Size 0 Mode ref, Ref Stage 15, run, end, 9848925559347724
1787729859.721303, NoOp Chain Depth 64 Size 0 Mode ref, Ref Stage 16, run, start, 9848925559362908
1787729859.721327, NoOp Chain Depth 64 Size 0 Mode ref, Ref Stage 16, run, end, 9848925559386508
1787729859.721339, NoOp Chain Depth 64 Size 0 Mode ref, Ref Stage 17, run, start, 9848925559398780
1787729859.721374, NoOp Chain Depth 64 Size 0 Mode ref, Ref Stage 17, run, end, 9848925559433356
1787729859.721386, NoOp Chain Depth 64 Size 0 Mode ref, Ref Stage 18, run, start, 9848925559445452
1787729859.721421, NoOp Chain Depth 64 Size 0 Mode ref, Ref Stage 18, run, end, 9848925559480716
1787729859.721438, NoOp Chain Depth 64 Size 0 Mode ref, Ref Stage 19, run, start, 9848925559497644
1787729859.721460, NoOp Chain Depth 64 Size 0 Mode ref, Ref Stage 19, run, end, 9848925559519644
1787729859.721475, NoOp Chain Depth 64 Size 0 Mode ref, Ref Stage 20, run, start, 9848925559534732
1787729859.721497, NoOp Chain Depth 64 Size 0 Mode ref, Ref Stage 20, run, end, 9848925559556476
1787729859.721512, NoOp Chain Depth 64 Size 0 Mode ref, Ref Stage 21, run, start, 9848925559571612
1787729859.721534, NoOp Chain Depth 64 Size 0 Mode ref, Ref Stage 21, run, end, 9848925559593724
1787729859.721550, NoOp Chain Depth 64 Size 0 Mode ref, Ref Stage 22, run, start, 9848925559609180
1787729859.721575, NoOp Chain Depth 64 Size 0 Mode ref, Ref Stage 22, run, end, 9848925559634060
1787729859.721587, NoOp Chain Depth 64 Size 0 Mode ref, Ref Stage 23, run, start, 9848925559646076
1787729859.721718, NoOp Chain Depth 64 Size 0 Mode ref, Ref Stage 23, run, end, 9848925559776876
1787729859.721733, NoOp Chain Depth 64 Size 0 Mode ref, Ref Stage 24, run, start, 9848925559792044
1787729859.721754, NoOp Chain Depth 64 Size 0 Mode ref, Ref Stage 24, run, end, 9848925559813723
1787729859.721770, NoOp Chain Depth 64 Size 0 Mode ref, Ref Stage 25, run, start, 9848925559829163
1787729859.721792, NoOp Chain Depth 64 Size 0 Mode ref, Ref Stage 25, run, end, 9848925559851035
1787729859.721807, NoOp Chain Depth 64 Size 0 Mode ref, Ref Stage 26, run, start, 9848925559866747
1787729859.721830, NoOp Chain Depth 64 Size 0 Mode ref, Ref Stage 26, run, end, 9848925559889147
1787729859.721845, NoOp Chain Depth 64 Size 0 Mode ref, Ref Stage 27, run, start, 9848925559904443
1787729859.721870, NoOp Chain Depth 64 Size 0 Mode ref, Ref Stage 27, run, end, 9848925559929563
1787729859.721882, NoOp Chain Depth 64 Size 0 Mode ref, Ref Stage 28, run, start, 9848925559941595
1787729859.722016, NoOp Chain Depth 64 Size 0 Mode ref, Ref Stage 28, run, end, 9848925560075083
1787729859.722031, NoOp Chain Depth 64 Size 0 Mode ref, Ref Stage 29, run, start, 9848925560090603
1787729859.722053, NoOp Chain Depth 64 Size 0 Mode ref, Ref Stage 29, run, end, 9848925560112571
1787729859.722069, NoOp Chain Depth 64 Size 0 Mode ref, Ref Stage 30, run, start, 9848925560127979
1787729859.722092, NoOp Chain Depth 64 Size 0 Mode ref, Ref Stage 30, run, end, 9848925560151691
1787729859.722104, NoOp Chain Depth 64 Size 0 Mode ref, Ref Stage 31, run, start, 9848925560163547
1787729859.722138, NoOp Chain Depth 64 Size 0 Mode ref, Ref Stage 31, run, end, 9848925560197611
1787729859.722153, NoOp Chain Depth 64 Size 0 Mode ref, Ref Stage 32, run, start, 9848925560212507
1787729859.722175, NoOp Chain Depth 64 Size 0 Mode ref, Ref Stage 32, run, end, 9848925560234731
1787729859.722191, NoOp Chain Depth 64 Size 0 Mode ref, Ref Stage 33, run, start, 9848925560250715
1787729859.722213, NoOp Chain Depth 64 Size 0 Mode ref, Ref Stage 33, run, end, 9848925560272571
1787729859.722229, NoOp Chain Depth 64 Size 0 Mode ref, Ref Stage 34, run, start, 9848925560288427
1787729859.722254, NoOp Chain Depth 64 Size 0 Mode ref, Ref Stage 34, run, end, 9848925560313259
1787729859.722266, NoOp Chain Depth 64 Size 0 Mode ref, Ref Stage 35, run, start, 9848925560325147
1787729859.722399, NoOp Chain Depth 64 Size 0 Mode ref, Ref Stage 35, run, end, 9848925560457995
1787729859.722414, NoOp Chain Depth 64 Size 0 Mode ref, Ref Stage 36, run, start, 9848925560473259
1787729859.722436, NoOp Chain Depth 64 Size 0 Mode ref, Ref Stage 36, run, end, 9848925560495147
1787729859.722451, NoOp Chain Depth 64 Size 0 Mode ref, Ref Stage 37, run, start, 9848925560509979
1787729859.722472, NoOp Chain Depth 64 Size 0 Mode ref, Ref Stage 37, run, end, 9848925560531627
1787729859.722487, NoOp Chain Depth 64 Size 0 Mode ref, Ref Stage 38, run, start, 9848925560546859
1787729859.722509, NoOp Chain Depth 64 Size 0 Mode ref, Ref Stage 38, run, end, 9848925560568667
1787729859.722525, NoOp Chain Depth 64 Size 0 Mode ref, Ref Stage 39, run, start, 9848925560584091
1787729859.722550, NoOp Chain Depth 64 Size 0 Mode ref, Ref Stage 39, run, end, 9848925560609147
1787729859.722562, NoOp Chain Depth 64 Size 0 Mode ref, Ref Stage 40, run, start, 9848925560621211
1787729859.722693, NoOp Chain Depth 64 Size 0 Mode ref, Ref Stage 40, run, end, 9848925560752843
1787729859.722709, NoOp Chain Depth 64 Size 0 Mode ref, Ref Stage 41, run, start, 9848925560768315
1787729859.722731, NoOp Chain Depth 64 Size 0 Mode ref, Ref Stage 41, run, end, 9848925560790299
1787729859.722746, NoOp Chain Depth 64 Size 0 Mode ref, Ref Stage 42, run, start, 9848925560805723
1787729859.722770, NoOp Chain Depth 64 Size 0 Mode ref, Ref Stage 42, run, end, 9848925560829195
1787729859.722782, NoOp Chain Depth 64 Size 0 Mode ref, Ref Stage 43, run, start, 9848925560841227
1787729859.722815, NoOp Chain Depth 64 Size 0 Mode ref, Ref Stage 43, run, end, 9848925560873851
1787729859.722830, NoOp Chain Depth 64 Size 0 Mode ref, Ref Stage 44, run, start, 9848925560889115
1787729859.722852, NoOp Chain Depth 64 Size 0 Mode ref, Ref Stage 44, run, end, 9848925560911019
1787729859.722868, NoOp Chain Depth 64 Size 0 Mode ref, Ref Stage 45, run, start, 9848925560927083
1787729859.722893, NoOp Chain Depth 64 Size 0 Mode ref, Ref Stage 45, run, end, 9848925560952971
1787729859.722907, NoOp Chain Depth 64 Size 0 Mode ref, Ref Stage 46, run, start, 9848925560966347
1787729859.723042, NoOp Chain Depth 64 Size 0 Mode ref, Ref Stage 46, run, end, 9848925561101835
1787729859.723058, NoOp Chain Depth 64 Size 0 Mode ref, Ref Stage 47, run, start, 9848925561117067
1787729859.723079, NoOp Chain Depth 64 Size 0 Mode ref, Ref Stage 47, run, end, 9848925561138619
1787729859.723094, NoOp Chain Depth 64 Size 0 Mode ref, Ref Stage 48, run, start, 9848925561154059
1787729859.723116, NoOp Chain Depth 64 Size 0 Mode ref, Ref Stage 48, run, end, 9848925561175259
1787729859.723131, NoOp Chain Depth 64 Size 0 Mode ref, Ref Stage 49, run, start, 9848925561190587
1787729859.723153, NoOp Chain Depth 64 Size 0 Mode ref, Ref Stage 49, run, end, 9848925561212571
1787729859.723169, NoOp Chain Depth 64 Size 0 Mode ref, Ref Stage 50, run, start, 9848925561227867
1787729859.723191, NoOp Chain Depth 64 Size 0 Mode ref, Ref Stage 50, run, end, 9848925561249627
1787729859.723306, NoOp Chain Depth 64 Size 0 Mode ref, Ref Stage 51, run, start, 9848925561365115
1787729859.723330, NoOp Chain Depth 64 Size 0 Mode ref, Ref Stage 51, run, end, 9848925561388939
1787729859.723345, NoOp Chain Depth 64 Size 0 Mode ref, Ref Stage 52, run, start, 9848925561403931
1787729859.723366, NoOp Chain Depth 64 Size 0 Mode ref, Ref Stage 52, run, end, 9848925561425771
1787729859.723382, NoOp Chain Depth 64 Size 0 Mode ref, Ref Stage 53, run, start, 9848925561440987
1787729859.723406, NoOp Chain Depth 64 Size 0 Mode ref, Ref Stage 53, run, end, 9848925561464795
1787729859.723418, NoOp Chain Depth 64 Size 0 Mode ref, Ref Stage 54, run, start, 9848925561476955
1787729859.723450, NoOp Chain Depth 64 Size 0 Mode ref, Ref Stage 54, run, end, 9848925561509195
1787729859.723465, NoOp Chain Depth 64 Size 0 Mode ref, Ref Stage 55, run, start, 9848925561524251
1787729859.723487, NoOp Chain Depth 64 Size 0 Mode ref, Ref Stage 55, run, end, 9848925561546219
1787729859.723503, NoOp Chain Depth 64 Size 0 Mode ref, Ref Stage 56, run, start, 9848925561562491
1787729859.723528, NoOp Chain Depth 64 Size 0 Mode ref, Ref Stage 56, run, end, 9848925561587483
1787729859.723540, NoOp Chain Depth 64 Size 0 Mode ref, Ref Stage 57, run, start, 9848925561599563
1787729859.723577, NoOp Chain Depth 64 Size 0 Mode ref, Ref Stage 57, run, end, 9848925561636379
1787729859.723591, NoOp Chain Depth 64 Size 0 Mode ref, Ref Stage 58, run, start, 9848925561650587
1787729859.723723, NoOp Chain Depth 64 Size 0 Mode ref, Ref Stage 58, run, end, 9848925561782571
1787729859.723739, NoOp Chain Depth 64 Size 0 Mode ref, Ref Stage 59, run, start, 9848925561798187
1787729859.723761, NoOp Chain Depth 64 Size 0 Mode ref, Ref Stage 59, run, end, 9848925561820187
1787729859.723776, NoOp Chain Depth 64 Size 0 Mode ref, Ref Stage 60, run, start, 9848925561835563
1787729859.723798, NoOp Chain Depth 64 Size 0 Mode ref, Ref Stage 60, run, end, 9848925561857642
1787729859.723814, NoOp Chain Depth 64 Size 0 Mode ref, Ref Stage 61, run, start, 9848925561872842
1787729859.723837, NoOp Chain Depth 64 Size 0 Mode ref, Ref Stage 61, run, end, 9848925561896250
1787729859.723849, NoOp Chain Depth 64 Size 0 Mode ref, Ref Stage 62, run, start, 9848925561908362
1787729859.723982, NoOp Chain Depth 64 Size 0 Mode ref, Ref Stage 62, run, end, 9848925562041434
1787729859.723998, NoOp Chain Depth 64 Size 0 Mode ref, Ref Stage 63, run, start, 9848925562057210
1787729859.724020, NoOp Chain Depth 64 Size 0 Mode ref, Ref Stage 63, run, end, 9848925562079130
1787729859.724035, NoOp Chain Depth 64 Size 0 Mode ref, pipeline - train, run, end, 283501279737248258428547613303998563341, 1787729859.720316, 90, 1, 9848925562094570
1787729859.724073, NoOp Chain Depth 64 Size 0 Mode ref, pipeline - train, run, start, 83614418320157880769099389878274097072, 1787729859.724063, 91, 1, 9848925562132650
1787729859.724096, NoOp Chain Depth 64 Size 0 Mode ref, Ref Stage 0, run, start, 9848925562155722
1787729859.724119, NoOp Chain Depth 64 Size 0 Mode ref, Ref Stage 0, run, end, 9848925562178042
1787729859.724135, NoOp Chain Depth 64 Size 0 Mode ref, Ref Stage 1, run, start, 9848925562194282
1787729859.724157, NoOp Chain Depth 64 Size 0 Mode ref, Ref Stage 1, run, end, 9848925562216858
1787729859.724173, NoOp Chain Depth 64 Size 0 Mode ref, Ref Stage 2, run, start, 9848925562232538
1787729859.724197, NoOp Chain Depth 64 Size 0 Mode ref, Ref Stage 2, run, end, 9848925562256586
1787729859.724209, NoOp Chain Depth 64 Size 0 Mode ref, Ref Stage 3, run, start, 9848925562268650
1787729859.724245, NoOp Chain Depth 64 Size 0 Mode ref, Ref Stage 3, run, end, 9848925562303914
1787729859.724260, NoOp Chain Depth 64 Size 0 Mode ref, Ref Stage 4, run, start, 9848925562319210
1787729859.724283, NoOp Chain Depth 64 Size 0 Mode ref, Ref Stage 4, run, end, 9848925562342762
1787729859.724401, NoOp Chain Depth 64 Size 0 Mode ref, Ref Stage 5, run, start, 9848925562460682
1787729859.724424, NoOp Chain Depth 64 Size 0 Mode ref, Ref Stage 5, run, end, 9848925562483258
1787729859.724439, NoOp Chain Depth 64 Size 0 Mode ref, Ref Stage 6, run, start, 9848925562498682
1787729859.724462, NoOp Chain Depth 64 Size 0 Mode ref, Ref Stage 6, run, end, 9848925562520906
1787729859.724479, NoOp Chain Depth 64 Size 0 Mode ref, Ref Stage 7, run, start, 9848925562538138
1787729859.724501, NoOp Chain Depth 64 Size 0 Mode ref, Ref Stage 7, run, end, 9848925562560186
1787729859.724517, NoOp Chain Depth 64 Size 0 Mode ref, Ref Stage 8, run, start, 9848925562575818
1787729859.724538, NoOp Chain Depth 64 Size 0 Mode ref, Ref Stage 8, run, end, 9848925562597258
1787729859.724650, NoOp Chain Depth 64 Size 0 Mode ref, Ref Stage 9, run, start, 9848925562709306
1787729859.724673, NoOp Chain Depth 64 Size 0 Mode ref, Ref Stage 9, run, end, 9848925562731754
1787729859.724688, NoOp Chain Depth 64 Size 0 Mode ref, Ref Stage 10, run, start, 9848925562746970
1787729859.724711, NoOp Chain Depth 64 Size 0 Mode ref, Ref Stage 10, run, end, 9848925562770874
1787729859.724724, NoOp Chain Depth 64 Size 0 Mode ref, Ref Stage 11, run, start, 9848925562783130
1787729859.724757, NoOp Chain Depth 64 Size 0 Mode ref, Ref Stage 11, run, end, 9848925562815946
1787729859.724771, NoOp Chain Depth 64 Size 0 Mode ref, Ref Stage 12, run, start, 9848925562831050
1787729859.724794, NoOp Chain Depth 64 Size 0 Mode ref, Ref Stage 12, run, end, 9848925562853178
1787729859.724810, NoOp Chain Depth 64 Size 0 Mode ref, Ref Stage 13, run, start, 9848925562868922
1787729859.724831, NoOp Chain Depth 64 Size 0 Mode ref, Ref Stage 13, run, end, 9848925562890490
1787729859.724846, NoOp Chain Depth 64 Size 0 Mode ref, Ref Stage 14, run, start, 9848925562905626
1787729859.724870, NoOp Chain Depth 64 Size 0 Mode ref, Ref Stage 14, run, end, 9848925562929242
1787729859.724882, NoOp Chain Depth 64 Size 0 Mode ref, Ref Stage 15, run, start, 9848925562941786
1787729859.725020, NoOp Chain Depth 64 Size 0 Mode ref, Ref Stage 15, run, end, 9848925563079738
1787729859.725036, NoOp Chain Depth 64 Size 0 Mode ref, Ref Stage 16, run, start, 9848925563095114
1787729859.725058, NoOp Chain Depth 64 Size 0 Mode ref, Ref Stage 16, run, end, 9848925563117706
1787729859.725074, NoOp Chain Depth 64 Size 0 Mode ref, Ref Stage 17, run, start, 9848925563133242
1787729859.725096, NoOp Chain Depth 64 Size 0 Mode ref, Ref Stage 17, run, end, 9848925563155146
1787729859.725111, NoOp Chain Depth 64 Size 0 Mode ref, Ref Stage 18, run, start, 9848925563170746
1787729859.725133, NoOp Chain Depth 64 Size 0 Mode ref, Ref Stage 18, run, end, 9848925563192570
1787729859.725148, NoOp Chain Depth 64 Size 0 Mode ref, Ref Stage 19, run, start, 9848925563207546
1787729859.725170, NoOp Chain Depth 64 Size 0 Mode ref, Ref Stage 19, run, end, 9848925563229178
1787729859.725185, NoOp Chain Depth 64 Size 0 Mode ref, Ref Stage 20, run, start, 9848925563244474
1787729859.725207, NoOp Chain Depth 64 Size 0 Mode ref, Ref Stage 20, run, end, 9848925563266266
1787729859.725326, NoOp Chain Depth 64 Size 0 Mode ref, Ref Stage 21, run, start, 9848925563385674
1787729859.725349, NoOp Chain Depth 64 Size 0 Mode ref, Ref Stage 21, run, end, 9848925563408138
1787729859.725364, NoOp Chain Depth 64 Size 0 Mode ref, Ref Stage 22, run, start, 9848925563423818
1787729859.725386, NoOp Chain Depth 64 Size 0 Mode ref, Ref Stage 22, run, end, 9848925563445642
1787729859.725402, NoOp Chain Depth 64 Size 0 Mode ref, Ref Stage 23, run, start, 9848925563461114
1787729859.725424, NoOp Chain Depth 64 Size 0 Mode ref, Ref Stage 23, run, end, 9848925563483018
1787729859.725439, NoOp Chain Depth 64 Size 0 Mode ref, Ref Stage 24, run, start, 9848925563498058
1787729859.725461, NoOp Chain Depth 64 Size 0 Mode ref, Ref Stage 24, run, end, 9848925563520010
1787729859.725476, NoOp Chain Depth 64 Size 0 Mode ref, Ref Stage 25, run, start, 9848925563535306
1787729859.725498, NoOp Chain Depth 64 Size 0 Mode ref, Ref Stage 25, run, end, 9848925563557082
1787729859.725513, NoOp Chain Depth 64 Size 0 Mode ref, Ref Stage 26, run, start, 9848925563572266
1787729859.725538, NoOp Chain Depth 64 Size 0 Mode ref, Ref Stage 26, run, end, 9848925563597210
1787729859.725552, NoOp Chain Depth 64 Size 0 Mode ref, Ref Stage 27, run, start, 9848925563611162
1787729859.725688, NoOp Chain Depth 64 Size 0 Mode ref, Ref Stage 27, run, end, 9848925563747481
1787729859.725705, NoOp Chain Depth 64 Size 0 Mode ref, Ref Stage 28, run, start, 9848925563764249
1787729859.725727, NoOp Chain Depth 64 Size 0 Mode ref, Ref Stage 28, run, end, 9848925563786457
1787729859.725743, NoOp Chain Depth 64 Size 0 Mode ref, Ref Stage 29, run, start, 9848925563801945
1787729859.725765, NoOp Chain Depth 64 Size 0 Mode ref, Ref Stage 29, run, end, 9848925563823897
1787729859.725780, NoOp Chain Depth 64 Size 0 Mode ref, Ref Stage 30, run, start, 9848925563839289
1787729859.725801, NoOp Chain Depth 64 Size 0 Mode ref, Ref Stage 30, run, end, 9848925563860729
1787729859.725816, NoOp Chain Depth 64 Size 0 Mode ref, Ref Stage 31, run, start, 9848925563876025
1787729859.725838, NoOp Chain Depth 64 Size 0 Mode ref, Ref Stage 31, run, end, 9848925563897497
1787729859.725854, NoOp Chain Depth 64 Size 0 Mode ref, Ref Stage 32, run, start, 9848925563913785
1787729859.725876, NoOp Chain Depth 64 Size 0 Mode ref, Ref Stage 32, run, end, 9848925563935561
1787729859.725993, NoOp Chain Depth 64 Size 0 Mode ref, Ref Stage 33, run, start, 9848925564053049
1787729859.726017, NoOp Chain Depth 64 Size 0 Mode ref, Ref Stage 33, run, end, 9848925564076553
1787729859.726033, NoOp Chain Depth 64 Size 0 Mode ref, Ref Stage 34, run, start, 9848925564092137
1787729859.726055, NoOp Chain Depth 64 Size 0 Mode ref, Ref Stage 34, run, end, 9848925564114489
1787729859.726070, NoOp Chain Depth 64 Size 0 Mode ref, Ref Stage 35, run, start, 9848925564129705
1787729859.726093, NoOp Chain Depth 64 Size 0 Mode ref, Ref Stage 35, run, end, 9848925564151785
1787729859.726108, NoOp Chain Depth 64 Size 0 Mode ref, Ref Stage 36, run, start, 9848925564167113
1787729859.726130, NoOp Chain Depth 64 Size 0 Mode ref, Ref Stage 36, run, end, 9848925564189305
1787729859.726145, NoOp Chain Depth 64 Size 0 Mode ref, Ref Stage 37, run, start, 9848925564204425
1787729859.726167, NoOp Chain Depth 64 Size 0 Mode ref, Ref Stage 37, run, end, 9848925564226265
1787729859.726182, NoOp Chain Depth 64 Size 0 Mode ref, Ref Stage 38, run, start, 9848925564241593
1787729859.726206, NoOp Chain Depth 64 Size 0 Mode ref, Ref Stage 38, run, end, 9848925564265241
1787729859.726218, NoOp Chain Depth 64 Size 0 Mode ref, Ref Stage 39, run, start, 9848925564277337
1787729859.726252, NoOp Chain Depth 64 Size 0 Mode ref, Ref Stage 39, run, end, 9848925564311721
1787729859.726268, NoOp Chain Depth 64 Size 0 Mode ref, Ref Stage 40, run, start, 9848925564326953
1787729859.726290, NoOp Chain Depth 64 Size 0 Mode ref, Ref Stage 40, run, end, 9848925564349209
1787729859.726406, NoOp Chain Depth 64 Size 0 Mode ref, Ref Stage 41, run, start, 9848925564465769
1787729859.726429, NoOp Chain Depth 64 Size 0 Mode ref, Ref Stage 41, run, end, 9848925564488345
1787729859.726444, NoOp Chain Depth 64 Size 0 Mode ref, Ref Stage 42, run, start, 9848925564503849
1787729859.726467, NoOp Chain Depth 64 Size 0 Mode ref, Ref Stage 42, run, end, 9848925564525897
1787729859.726482, NoOp Chain Depth 64 Size 0 Mode ref, Ref Stage 43, run, start, 9848925564540985
1787729859.726503, NoOp Chain Depth 64 Size 0 Mode ref, Ref Stage 43, run, end, 9848925564562569
1787729859.726518, NoOp Chain Depth 64 Size 0 Mode ref, Ref Stage 44, run, start, 9848925564577657
1787729859.726543, NoOp Chain Depth 64 Size 0 Mode ref, Ref Stage 44, run, end, 9848925564602697
1787729859.726555, NoOp Chain Depth 64 Size 0 Mode ref, Ref Stage 45, run, start, 9848925564614681
1787729859.726687, NoOp Chain Depth 64 Size 0 Mode ref, Ref Stage 45, run, end, 9848925564746089
1787729859.726702, NoOp Chain Depth 64 Size 0 Mode ref, Ref Stage 46, run, start, 9848925564761625
1787729859.726724, NoOp Chain Depth 64 Size 0 Mode ref, Ref Stage 46, run, end, 9848925564783513
1787729859.726739, NoOp Chain Depth 64 Size 0 Mode ref, Ref Stage 47, run, start, 9848925564798777
1787729859.726762, NoOp Chain Depth 64 Size 0 Mode ref, Ref Stage 47, run, end, 9848925564820825
1787729859.726777, NoOp Chain Depth 64 Size 0 Mode ref, Ref Stage 48, run, start, 9848925564836105
1787729859.726798, NoOp Chain Depth 64 Size 0 Mode ref, Ref Stage 48, run, end, 9848925564857641
1787729859.726815, NoOp Chain Depth 64 Size 0 Mode ref, Ref Stage 49, run, start, 9848925564874393
1787729859.726837, NoOp Chain Depth 64 Size 0 Mode ref, Ref Stage 49, run, end, 9848925564896569
1787729859.726852, NoOp Chain Depth 64 Size 0 Mode ref, Ref Stage 50, run, start, 9848925564911721
1787729859.726876, NoOp Chain Depth 64 Size 0 Mode ref, Ref Stage 50, run, end, 9848925564935081
1787729859.726888, NoOp Chain Depth 64 Size 0 Mode ref, Ref Stage 51, run, start, 9848925564946889
1787729859.726922, NoOp Chain Depth 64 Size 0 Mode ref, Ref Stage 51, run, end, 9848925564981129
1787729859.727042, NoOp Chain Depth 64 Size 0 Mode ref, Ref Stage 52, run, start, 9848925565101705
1787729859.727066, NoOp Chain Depth 64 Size 0 Mode ref, Ref Stage 52, run, end, 9848925565125001
1787729859.727081, NoOp Chain Depth 64 Size 0 Mode ref, Ref Stage 53, run, start, 9848925565140409
1787729859.727103, NoOp Chain Depth 64 Size 0 Mode ref, Ref Stage 53, run, end, 9848925565162617
1787729859.727118, NoOp Chain Depth 64 Size 0 Mode ref, Ref Stage 54, run, start, 9848925565177913
1787729859.727140, NoOp Chain Depth 64 Size 0 Mode ref, Ref Stage 54, run, end, 9848925565199513
1787729859.727155, NoOp Chain Depth 64 Size 0 Mode ref, Ref Stage 55, run, start, 9848925565214825
1787729859.727177, NoOp Chain Depth 64 Size 0 Mode ref, Ref Stage 55, run, end, 9848925565236697
1787729859.727193, NoOp Chain Depth 64 Size 0 Mode ref, Ref Stage 56, run, start, 9848925565252089
1787729859.727218, NoOp Chain Depth 64 Size 0 Mode ref, Ref Stage 56, run, end, 9848925565277657
1787729859.727230, NoOp Chain Depth 64 Size 0 Mode ref, Ref Stage 57, run, start, 9848925565289609
1787729859.727361, NoOp Chain Depth 64 Size 0 Mode ref, Ref Stage 57, run, end, 9848925565420729
1787729859.727377, NoOp Chain Depth 64 Size 0 Mode ref, Ref Stage 58, run, start, 9848925565436553
1787729859.727399, NoOp Chain Depth 64 Size 0 Mode ref, Ref Stage 58, run, end, 9848925565458569
1787729859.727415, NoOp Chain Depth 64 Size 0 Mode ref, Ref Stage 59, run, start, 9848925565473945
1787729859.727437, NoOp Chain Depth 64 Size 0 Mode ref, Ref Stage 59, run, end, 9848925565495705
1787729859.727451, NoOp Chain Depth 64 Size 0 Mode ref, Ref Stage 60, run, start, 9848925565510697
1787729859.727475, NoOp Chain Depth 64 Size 0 Mode ref, Ref Stage 60, run, end, 9848925565534329
1787729859.727487, NoOp Chain Depth 64 Size 0 Mode ref, Ref Stage 61, run, start, 9848925565546169
1787729859.727519, NoOp Chain Depth 64 Size 0 Mode ref, Ref Stage 61, run, end, 9848925565578521
1787729859.727534, NoOp Chain Depth 64 Size 0 Mode ref, Ref Stage 62, run, start, 9848925565593545
1787729859.727556, NoOp Chain Depth 64 Size 0 Mode ref, Ref Stage 62, run, end, 9848925565615369
1787729859.727572, NoOp Chain Depth 64 Size 0 Mode ref, Ref Stage 63, run, start, 9848925565631576
1787729859.727594, NoOp Chain Depth 64 Size 0 Mode ref, Ref Stage 63, run, end, 9848925565653240
1787729859.727710, NoOp Chain Depth 64 Size 0 Mode ref, pipeline - train, run, end, 83614418320157880769099389878274097072, 1787729859.724063, 91, 1, 9848925565769032
1787729859.727745, NoOp Chain Depth 64 Size 0 Mode ref, pipeline - train, run, start, 122406119239852645057629866462421799907, 1787729859.727735, 92, 1, 9848925565804008
1787729859.727768, NoOp Chain Depth 64 Size 0 Mode ref, Ref Stage 0, run, start, 9848925565827528
1787729859.727791, NoOp Chain Depth 64 Size 0 Mode ref, Ref Stage 0, run, end, 9848925565849880
1787729859.727806, NoOp Chain Depth 64 Size 0 Mode ref, Ref Stage 1, run, start, 9848925565865656
1787729859.727830, NoOp Chain Depth 64 Size 0 Mode ref, Ref Stage 1, run, end, 9848925565889208
1787729859.727842, NoOp Chain Depth 64 Size 0 Mode ref, Ref Stage 2, run, start, 9848925565901240
1787729859.727876, NoOp Chain Depth 64 Size 0 Mode ref, Ref Stage 2, run, end, 9848925565935752
1787729859.727993, NoOp Chain Depth 64 Size 0 Mode ref, Ref Stage 3, run, start, 9848925566052712
1787729859.728016, NoOp Chain Depth 64 Size 0 Mode ref, Ref Stage 3, run, end, 9848925566075832
1787729859.728033, NoOp Chain Depth 64 Size 0 Mode ref, Ref Stage 4, run, start, 9848925566092728
1787729859.728057, NoOp Chain Depth 64 Size 0 Mode ref, Ref Stage 4, run, end, 9848925566116664
1787729859.728069, NoOp Chain Depth 64 Size 0 Mode ref, Ref Stage 5, run, start, 9848925566128808
1787729859.728103, NoOp Chain Depth 64 Size 0 Mode ref, Ref Stage 5, run, end, 9848925566162008
1787729859.728118, NoOp Chain Depth 64 Size 0 Mode ref, Ref Stage 6, run, start, 9848925566177016
1787729859.728140, NoOp Chain Depth 64 Size 0 Mode ref, Ref Stage 6, run, end, 9848925566199000
1787729859.728155, NoOp Chain Depth 64 Size 0 Mode ref, Ref Stage 7, run, start, 9848925566214632
1787729859.728177, NoOp Chain Depth 64 Size 0 Mode ref, Ref Stage 7, run, end, 9848925566236312
1787729859.728192, NoOp Chain Depth 64 Size 0 Mode ref, Ref Stage 8, run, start, 9848925566251080
1787729859.728215, NoOp Chain Depth 64 Size 0 Mode ref, Ref Stage 8, run, end, 9848925566274312
1787729859.728229, NoOp Chain Depth 64 Size 0 Mode ref, Ref Stage 9, run, start, 9848925566288792
1787729859.728360, NoOp Chain Depth 64 Size 0 Mode ref, Ref Stage 9, run, end, 9848925566419560
1787729859.728376, NoOp Chain Depth 64 Size 0 Mode ref, Ref Stage 10, run, start, 9848925566435128
1787729859.728398, NoOp Chain Depth 64 Size 0 Mode ref, Ref Stage 10, run, end, 9848925566457576
1787729859.728414, NoOp Chain Depth 64 Size 0 Mode ref, Ref Stage 11, run, start, 9848925566473096
1787729859.728436, NoOp Chain Depth 64 Size 0 Mode ref, Ref Stage 11, run, end, 9848925566494760
1787729859.728451, NoOp Chain Depth 64 Size 0 Mode ref, Ref Stage 12, run, start, 9848925566509768
1787729859.728472, NoOp Chain Depth 64 Size 0 Mode ref, Ref Stage 12, run, end, 9848925566531336
1787729859.728487, NoOp Chain Depth 64 Size 0 Mode ref, Ref Stage 13, run, start, 9848925566546344
1787729859.728511, NoOp Chain Depth 64 Size 0 Mode ref, Ref Stage 13, run, end, 9848925566570136
1787729859.728524, NoOp Chain Depth 64 Size 0 Mode ref, Ref Stage 14, run, start, 9848925566584024
1787729859.728656, NoOp Chain Depth 64 Size 0 Mode ref, Ref Stage 14, run, end, 9848925566715448
1787729859.728672, NoOp Chain Depth 64 Size 0 Mode ref, Ref Stage 15, run, start, 9848925566730920
1787729859.728693, NoOp Chain Depth 64 Size 0 Mode ref, Ref Stage 15, run, end, 9848925566752920
1787729859.728709, NoOp Chain Depth 64 Size 0 Mode ref, Ref Stage 16, run, start, 9848925566768168
1787729859.728731, NoOp Chain Depth 64 Size 0 Mode ref, Ref Stage 16, run, end, 9848925566790392
1787729859.728746, NoOp Chain Depth 64 Size 0 Mode ref, Ref Stage 17, run, start, 9848925566805560
1787729859.728769, NoOp Chain Depth 64 Size 0 Mode ref, Ref Stage 17, run, end, 9848925566827704
1787729859.728784, NoOp Chain Depth 64 Size 0 Mode ref, Ref Stage 18, run, start, 9848925566843080
1787729859.728805, NoOp Chain Depth 64 Size 0 Mode ref, Ref Stage 18, run, end, 9848925566864648
1787729859.728821, NoOp Chain Depth 64 Size 0 Mode ref, Ref Stage 19, run, start, 9848925566879720
1787729859.728844, NoOp Chain Depth 64 Size 0 Mode ref, Ref Stage 19, run, end, 9848925566902984
1787729859.728859, NoOp Chain Depth 64 Size 0 Mode ref, Ref Stage 20, run, start, 9848925566918248
1787729859.728882, NoOp Chain Depth 64 Size 0 Mode ref, Ref Stage 20, run, end, 9848925566941592
1787729859.728896, NoOp Chain Depth 64 Size 0 Mode ref, Ref Stage 21, run, start, 9848925566955752
1787729859.729025, NoOp Chain Depth 64 Size 0 Mode ref, Ref Stage 21, run, end, 9848925567084280
1787729859.729040, NoOp Chain Depth 64 Size 0 Mode ref, Ref Stage 22, run, start, 9848925567099496
1787729859.729062, NoOp Chain Depth 64 Size 0 Mode ref, Ref Stage 22, run, end, 9848925567121624
1787729859.729078, NoOp Chain Depth 64 Size 0 Mode ref, Ref Stage 23, run, start, 9848925567137240
1787729859.729100, NoOp Chain Depth 64 Size 0 Mode ref, Ref Stage 23, run, end, 9848925567159672
1787729859.729116, NoOp Chain Depth 64 Size 0 Mode ref, Ref Stage 24, run, start, 9848925567175064
1787729859.729138, NoOp Chain Depth 64 Size 0 Mode ref, Ref Stage 24, run, end, 9848925567197016
1787729859.729155, NoOp Chain Depth 64 Size 0 Mode ref, Ref Stage 25, run, start, 9848925567213944
1787729859.729180, NoOp Chain Depth 64 Size 0 Mode ref, Ref Stage 25, run, end, 9848925567239240
1787729859.729192, NoOp Chain Depth 64 Size 0 Mode ref, Ref Stage 26, run, start, 9848925567251208
1787729859.729325, NoOp Chain Depth 64 Size 0 Mode ref, Ref Stage 26, run, end, 9848925567384040
1787729859.729340, NoOp Chain Depth 64 Size 0 Mode ref, Ref Stage 27, run, start, 9848925567398968
1787729859.729362, NoOp Chain Depth 64 Size 0 Mode ref, Ref Stage 27, run, end, 9848925567420824
1787729859.729377, NoOp Chain Depth 64 Size 0 Mode ref, Ref Stage 28, run, start, 9848925567435736
1787729859.729398, NoOp Chain Depth 64 Size 0 Mode ref, Ref Stage 28, run, end, 9848925567457688
1787729859.729414, NoOp Chain Depth 64 Size 0 Mode ref, Ref Stage 29, run, start, 9848925567472936
1787729859.729436, NoOp Chain Depth 64 Size 0 Mode ref, Ref Stage 29, run, end, 9848925567494792
1787729859.729450, NoOp Chain Depth 64 Size 0 Mode ref, Ref Stage 30, run, start, 9848925567509800
1787729859.729472, NoOp Chain Depth 64 Size 0 Mode ref, Ref Stage 30, run, end, 9848925567531224
1787729859.729487, NoOp Chain Depth 64 Size 0 Mode ref, Ref Stage 31, run, start, 9848925567546360
1787729859.729513, NoOp Chain Depth 64 Size 0 Mode ref, Ref Stage 31, run, end, 9848925567572088
1787729859.729529, NoOp Chain Depth 64 Size 0 Mode ref, Ref Stage 32, run, start, 9848925567587848
1787729859.729552, NoOp Chain Depth 64 Size 0 Mode ref, Ref Stage 32, run, end, 9848925567611240
1787729859.729564, NoOp Chain Depth 64 Size 0 Mode ref, Ref Stage 33, run, start, 9848925567623032
1787729859.729599, NoOp Chain Depth 64 Size 0 Mode ref, Ref Stage 33, run, end, 9848925567658711
1787729859.729615, NoOp Chain Depth 64 Size 0 Mode ref, Ref Stage 34, run, start, 9848925567674743
1787729859.729638, NoOp Chain Depth 64 Size 0 Mode ref, Ref Stage 34, run, end, 9848925567696935
1787729859.729653, NoOp Chain Depth 64 Size 0 Mode ref, Ref Stage 35, run, start, 9848925567712119
1787729859.729675, NoOp Chain Depth 64 Size 0 Mode ref, Ref Stage 35, run, end, 9848925567733991
1787729859.729691, NoOp Chain Depth 64 Size 0 Mode ref, Ref Stage 36, run, start, 9848925567749911
1787729859.729712, NoOp Chain Depth 64 Size 0 Mode ref, Ref Stage 36, run, end, 9848925567771719
1787729859.729832, NoOp Chain Depth 64 Size 0 Mode ref, Ref Stage 37, run, start, 9848925567891575
1787729859.729855, NoOp Chain Depth 64 Size 0 Mode ref, Ref Stage 37, run, end, 9848925567914135
1787729859.729870, NoOp Chain Depth 64 Size 0 Mode ref, Ref Stage 38, run, start, 9848925567929575
1787729859.729892, NoOp Chain Depth 64 Size 0 Mode ref, Ref Stage 38, run, end, 9848925567951943
1787729859.729908, NoOp Chain Depth 64 Size 0 Mode ref, Ref Stage 39, run, start, 9848925567967239
1787729859.729930, NoOp Chain Depth 64 Size 0 Mode ref, Ref Stage 39, run, end, 9848925567988951
1787729859.729946, NoOp Chain Depth 64 Size 0 Mode ref, Ref Stage 40, run, start, 9848925568005319
1787729859.729972, NoOp Chain Depth 64 Size 0 Mode ref, Ref Stage 40, run, end, 9848925568031143
1787729859.729984, NoOp Chain Depth 64 Size 0 Mode ref, Ref Stage 41, run, start, 9848925568042887
1787729859.730119, NoOp Chain Depth 64 Size 0 Mode ref, Ref Stage 41, run, end, 9848925568178439
1787729859.730134, NoOp Chain Depth 64 Size 0 Mode ref, Ref Stage 42, run, start, 9848925568193911
1787729859.730157, NoOp Chain Depth 64 Size 0 Mode ref, Ref Stage 42, run, end, 9848925568216103
1787729859.730172, NoOp Chain Depth 64 Size 0 Mode ref, Ref Stage 43, run, start, 9848925568231223
1787729859.730196, NoOp Chain Depth 64 Size 0 Mode ref, Ref Stage 43, run, end, 9848925568254743
1787729859.730207, NoOp Chain Depth 64 Size 0 Mode ref, Ref Stage 44, run, start, 9848925568266727
1787729859.730239, NoOp Chain Depth 64 Size 0 Mode ref, Ref Stage 44, run, end, 9848925568298711
1787729859.730255, NoOp Chain Depth 64 Size 0 Mode ref, Ref Stage 45, run, start, 9848925568314391
1787729859.730277, NoOp Chain Depth 64 Size 0 Mode ref, Ref Stage 45, run, end, 9848925568336471
1787729859.730295, NoOp Chain Depth 64 Size 0 Mode ref, Ref Stage 46, run, start, 9848925568354247
1787729859.730317, NoOp Chain Depth 64 Size 0 Mode ref, Ref Stage 46, run, end, 9848925568376391
1787729859.730332, NoOp Chain Depth 64 Size 0 Mode ref, Ref Stage 47, run, start, 9848925568391751
1787729859.730355, NoOp Chain Depth 64 Size 0 Mode ref, Ref Stage 47, run, end, 9848925568414151
1787729859.730471, NoOp Chain Depth 64 Size 0 Mode ref, Ref Stage 48, run, start, 9848925568530759
1787729859.730494, NoOp Chain Depth 64 Size 0 Mode ref, Ref Stage 48, run, end, 9848925568553287
1787729859.730509, NoOp Chain Depth 64 Size 0 Mode ref, Ref Stage 49, run, start, 9848925568568791
1787729859.730531, NoOp Chain Depth 64 Size 0 Mode ref, Ref Stage 49, run, end, 9848925568590695
1787729859.730547, NoOp Chain Depth 64 Size 0 Mode ref, Ref Stage 50, run, start, 9848925568605959
1787729859.730568, NoOp Chain Depth 64 Size 0 Mode ref, Ref Stage 50, run, end, 9848925568627735
1787729859.730584, NoOp Chain Depth 64 Size 0 Mode ref, Ref Stage 51, run, start, 9848925568643095
1787729859.730607, NoOp Chain Depth 64 Size 0 Mode ref, Ref Stage 51, run, end, 9848925568666199
1787729859.730618, NoOp Chain Depth 64 Size 0 Mode ref, Ref Stage 52, run, start, 9848925568677863
1787729859.730651, NoOp Chain Depth 64 Size 0 Mode ref, Ref Stage 52, run, end, 9848925568710535
1787729859.730768, NoOp Chain Depth 64 Size 0 Mode ref, Ref Stage 53, run, start, 9848925568827111
1787729859.730791, NoOp Chain Depth 64 Size 0 Mode ref, Ref Stage 53, run, end, 9848925568849975
1787729859.730806, NoOp Chain Depth 64 Size 0 Mode ref, Ref Stage 54, run, start, 9848925568865463
1787729859.730828, NoOp Chain Depth 64 Size 0 Mode ref, Ref Stage 54, run, end, 9848925568887287
1787729859.730843, NoOp Chain Depth 64 Size 0 Mode ref, Ref Stage 55, run, start, 9848925568902759
1787729859.730865, NoOp Chain Depth 64 Size 0 Mode ref, Ref Stage 55, run, end, 9848925568924663
1787729859.730881, NoOp Chain Depth 64 Size 0 Mode ref, Ref Stage 56, run, start, 9848925568940311
1787729859.730903, NoOp Chain Depth 64 Size 0 Mode ref, Ref Stage 56, run, end, 9848925568962231
1787729859.730918, NoOp Chain Depth 64 Size 0 Mode ref, Ref Stage 57, run, start, 9848925568977511
1787729859.730940, NoOp Chain Depth 64 Size 0 Mode ref, Ref Stage 57, run, end, 9848925568999463
1787729859.730958, NoOp Chain Depth 64 Size 0 Mode ref, Ref Stage 58, run, start, 9848925569016983
1787729859.730980, NoOp Chain Depth 64 Size 0 Mode ref, Ref Stage 58, run, end, 9848925569038999
1787729859.730995, NoOp Chain Depth 64 Size 0 Mode ref, Ref Stage 59, run, start, 9848925569054343
1787729859.731017, NoOp Chain Depth 64 Size 0 Mode ref, Ref Stage 59, run, end, 9848925569076407
1787729859.731033, NoOp Chain Depth 64 Size 0 Mode ref, Ref Stage 60, run, start, 9848925569091895
1787729859.731055, NoOp Chain Depth 64 Size 0 Mode ref, Ref Stage 60, run, end, 9848925569113879
1787729859.731171, NoOp Chain Depth 64 Size 0 Mode ref, Ref Stage 61, run, start, 9848925569230007
1787729859.731194, NoOp Chain Depth 64 Size 0 Mode ref, Ref Stage 61, run, end, 9848925569252935
1787729859.731209, NoOp Chain Depth 64 Size 0 Mode ref, Ref Stage 62, run, start, 9848925569268311
1787729859.731231, NoOp Chain Depth 64 Size 0 Mode ref, Ref Stage 62, run, end, 9848925569290087
1787729859.731246, NoOp Chain Depth 64 Size 0 Mode ref, Ref Stage 63, run, start, 9848925569305287
1787729859.731270, NoOp Chain Depth 64 Size 0 Mode ref, Ref Stage 63, run, end, 9848925569328743
1787729859.731282, NoOp Chain Depth 64 Size 0 Mode ref, pipeline - train, run, end, 122406119239852645057629866462421799907, 1787729859.727735, 92, 1, 9848925569340855
1787729859.731330, NoOp Chain Depth 64 Size 0 Mode ref, pipeline - train, run, start, 124027621409949794048564472392697965661, 1787729859.731320, 93, 1, 9848925569389495
1787729859.731454, NoOp Chain Depth 64 Size 0 Mode ref, Ref Stage 0, run, start, 9848925569513926
1787729859.731477, NoOp Chain Depth 64 Size 0 Mode ref, Ref Stage 0, run, end, 9848925569536614
1787729859.731494, NoOp Chain Depth 64 Size 0 Mode ref, Ref Stage 1, run, start, 9848925569553798
1787729859.731517, NoOp Chain Depth 64 Size 0 Mode ref, Ref Stage 1, run, end, 9848925569576246
1787729859.731532, NoOp Chain Depth 64 Size 0 Mode ref, Ref Stage 2, run, start, 9848925569591606
1787729859.731556, NoOp Chain Depth 64 Size 0 Mode ref, Ref Stage 2, run, end, 9848925569615462
1787729859.731568, NoOp Chain Depth 64 Size 0 Mode ref, Ref Stage 3, run, start, 9848925569627366
1787729859.731600, NoOp Chain Depth 64 Size 0 Mode ref, Ref Stage 3, run, end, 9848925569659350
1787729859.731616, NoOp Chain Depth 64 Size 0 Mode ref, Ref Stage 4, run, start, 9848925569674790
1787729859.731637, NoOp Chain Depth 64 Size 0 Mode ref, Ref Stage 4, run, end, 9848925569696918
1787729859.731653, NoOp Chain Depth 64 Size 0 Mode ref, Ref Stage 5, run, start, 9848925569712806
1787729859.731675, NoOp Chain Depth 64 Size 0 Mode ref, Ref Stage 5, run, end, 9848925569734198
1787729859.731690, NoOp Chain Depth 64 Size 0 Mode ref, Ref Stage 6, run, start, 9848925569749142
1787729859.731712, NoOp Chain Depth 64 Size 0 Mode ref, Ref Stage 6, run, end, 9848925569771030
1787729859.731828, NoOp Chain Depth 64 Size 0 Mode ref, Ref Stage 7, run, start, 9848925569887190
1787729859.731850, NoOp Chain Depth 64 Size 0 Mode ref, Ref Stage 7, run, end, 9848925569909638
1787729859.731866, NoOp Chain Depth 64 Size 0 Mode ref, Ref Stage 8, run, start, 9848925569925174
1787729859.731888, NoOp Chain Depth 64 Size 0 Mode ref, Ref Stage 8, run, end, 9848925569946902
1787729859.731903, NoOp Chain Depth 64 Size 0 Mode ref, Ref Stage 9, run, start, 9848925569962214
1787729859.731925, NoOp Chain Depth 64 Size 0 Mode ref, Ref Stage 9, run, end, 9848925569984070
1787729859.731940, NoOp Chain Depth 64 Size 0 Mode ref, Ref Stage 10, run, start, 9848925569999478
1787729859.731964, NoOp Chain Depth 64 Size 0 Mode ref, Ref Stage 10, run, end, 9848925570023526
1787729859.731980, NoOp Chain Depth 64 Size 0 Mode ref, Ref Stage 11, run, start, 9848925570038950
1787729859.732004, NoOp Chain Depth 64 Size 0 Mode ref, Ref Stage 11, run, end, 9848925570062710
1787729859.732120, NoOp Chain Depth 64 Size 0 Mode ref, Ref Stage 12, run, start, 9848925570178838
1787729859.732141, NoOp Chain Depth 64 Size 0 Mode ref, Ref Stage 12, run, end, 9848925570200742
1787729859.732157, NoOp Chain Depth 64 Size 0 Mode ref, Ref Stage 13, run, start, 9848925570216022
1787729859.732178, NoOp Chain Depth 64 Size 0 Mode ref, Ref Stage 13, run, end, 9848925570237766
1787729859.732194, NoOp Chain Depth 64 Size 0 Mode ref, Ref Stage 14, run, start, 9848925570253014
1787729859.732217, NoOp Chain Depth 64 Size 0 Mode ref, Ref Stage 14, run, end, 9848925570276774
1787729859.732230, NoOp Chain Depth 64 Size 0 Mode ref, Ref Stage 15, run, start, 9848925570289110
1787729859.732262, NoOp Chain Depth 64 Size 0 Mode ref, Ref Stage 15, run, end, 9848925570321318
1787729859.732278, NoOp Chain Depth 64 Size 0 Mode ref, Ref Stage 16, run, start, 9848925570337318
1787729859.732300, NoOp Chain Depth 64 Size 0 Mode ref, Ref Stage 16, run, end, 9848925570359382
1787729859.732315, NoOp Chain Depth 64 Size 0 Mode ref, Ref Stage 17, run, start, 9848925570374662
1787729859.732339, NoOp Chain Depth 64 Size 0 Mode ref, Ref Stage 17, run, end, 9848925570397974
1787729859.732354, NoOp Chain Depth 64 Size 0 Mode ref, Ref Stage 18, run, start, 9848925570413286
1787729859.732376, NoOp Chain Depth 64 Size 0 Mode ref, Ref Stage 18, run, end, 9848925570435142
1787729859.732493, NoOp Chain Depth 64 Size 0 Mode ref, Ref Stage 19, run, start, 9848925570552534
1787729859.732515, NoOp Chain Depth 64 Size 0 Mode ref, Ref Stage 19, run, end, 9848925570574598
1787729859.732530, NoOp Chain Depth 64 Size 0 Mode ref, Ref Stage 20, run, start, 9848925570589766
1787729859.732552, NoOp Chain Depth 64 Size 0 Mode ref, Ref Stage 20, run, end, 9848925570611542
1787729859.732567, NoOp Chain Depth 64 Size 0 Mode ref, Ref Stage 21, run, start, 9848925570626614
1787729859.732589, NoOp Chain Depth 64 Size 0 Mode ref, Ref Stage 21, run, end, 9848925570648454
1787729859.732606, NoOp Chain Depth 64 Size 0 Mode ref, Ref Stage 22, run, start, 9848925570665526
1787729859.732629, NoOp Chain Depth 64 Size 0 Mode ref, Ref Stage 22, run, end, 9848925570687782
1787729859.732644, NoOp Chain Depth 64 Size 0 Mode ref, Ref Stage 23, run, start, 9848925570703430
1787729859.732666, NoOp Chain Depth 64 Size 0 Mode ref, Ref Stage 23, run, end, 9848925570725974
1787729859.732783, NoOp Chain Depth 64 Size 0 Mode ref, Ref Stage 24, run, start, 9848925570842166
1787729859.732805, NoOp Chain Depth 64 Size 0 Mode ref, Ref Stage 24, run, end, 9848925570864406
1787729859.732821, NoOp Chain Depth 64 Size 0 Mode ref, Ref Stage 25, run, start, 9848925570879974
1787729859.732843, NoOp Chain Depth 64 Size 0 Mode ref, Ref Stage 25, run, end, 9848925570902182
1787729859.732858, NoOp Chain Depth 64 Size 0 Mode ref, Ref Stage 26, run, start, 9848925570917446
1787729859.732881, NoOp Chain Depth 64 Size 0 Mode ref, Ref Stage 26, run, end, 9848925570939830
1787729859.732895, NoOp Chain Depth 64 Size 0 Mode ref, Ref Stage 27, run, start, 9848925570954918
1787729859.732918, NoOp Chain Depth 64 Size 0 Mode ref, Ref Stage 27, run, end, 9848925570976790
1787729859.732933, NoOp Chain Depth 64 Size 0 Mode ref, Ref Stage 28, run, start, 9848925570992470
1787729859.732957, NoOp Chain Depth 64 Size 0 Mode ref, Ref Stage 28, run, end, 9848925571015942
1787729859.732973, NoOp Chain Depth 64 Size 0 Mode ref, Ref Stage 29, run, start, 9848925571031942
1787729859.732995, NoOp Chain Depth 64 Size 0 Mode ref, Ref Stage 29, run, end, 9848925571054006
1787729859.733010, NoOp Chain Depth 64 Size 0 Mode ref, Ref Stage 30, run, start, 9848925571069286
1787729859.733034, NoOp Chain Depth 64 Size 0 Mode ref, Ref Stage 30, run, end, 9848925571094678
1787729859.733152, NoOp Chain Depth 64 Size 0 Mode ref, Ref Stage 31, run, start, 9848925571211110
1787729859.733174, NoOp Chain Depth 64 Size 0 Mode ref, Ref Stage 31, run, end, 9848925571233094
1787729859.733189, NoOp Chain Depth 64 Size 0 Mode ref, Ref Stage 32, run, start, 9848925571248694
1787729859.733211, NoOp Chain Depth 64 Size 0 Mode ref, Ref Stage 32, run, end, 9848925571270294
1787729859.733226, NoOp Chain Depth 64 Size 0 Mode ref, Ref Stage 33, run, start, 9848925571285494
1787729859.733248, NoOp Chain Depth 64 Size 0 Mode ref, Ref Stage 33, run, end, 9848925571306998
1787729859.733263, NoOp Chain Depth 64 Size 0 Mode ref, Ref Stage 34, run, start, 9848925571322454
1787729859.733285, NoOp Chain Depth 64 Size 0 Mode ref, Ref Stage 34, run, end, 9848925571344230
1787729859.733300, NoOp Chain Depth 64 Size 0 Mode ref, Ref Stage 35, run, start, 9848925571359398
1787729859.733322, NoOp Chain Depth 64 Size 0 Mode ref, Ref Stage 35, run, end, 9848925571381638
1787729859.733434, NoOp Chain Depth 64 Size 0 Mode ref, Ref Stage 36, run, start, 9848925571493509
1787729859.733456, NoOp Chain Depth 64 Size 0 Mode ref, Ref Stage 36, run, end, 9848925571515797
1787729859.733472, NoOp Chain Depth 64 Size 0 Mode ref, Ref Stage 37, run, start, 9848925571531109
1787729859.733494, NoOp Chain Depth 64 Size 0 Mode ref, Ref Stage 37, run, end, 9848925571553013
1787729859.733509, NoOp Chain Depth 64 Size 0 Mode ref, Ref Stage 38, run, start, 9848925571568149
1787729859.733531, NoOp Chain Depth 64 Size 0 Mode ref, Ref Stage 38, run, end, 9848925571590117
1787729859.733546, NoOp Chain Depth 64 Size 0 Mode ref, Ref Stage 39, run, start, 9848925571605509
1787729859.733570, NoOp Chain Depth 64 Size 0 Mode ref, Ref Stage 39, run, end, 9848925571629013
1787729859.733582, NoOp Chain Depth 64 Size 0 Mode ref, Ref Stage 40, run, start, 9848925571641125
1787729859.733615, NoOp Chain Depth 64 Size 0 Mode ref, Ref Stage 40, run, end, 9848925571673829
1787729859.733630, NoOp Chain Depth 64 Size 0 Mode ref, Ref Stage 41, run, start, 9848925571689141
1787729859.733652, NoOp Chain Depth 64 Size 0 Mode ref, Ref Stage 41, run, end, 9848925571711173
1787729859.733667, NoOp Chain Depth 64 Size 0 Mode ref, Ref Stage 42, run, start, 9848925571725957
1787729859.733690, NoOp Chain Depth 64 Size 0 Mode ref, Ref Stage 42, run, end, 9848925571749029
1787729859.733707, NoOp Chain Depth 64 Size 0 Mode ref, Ref Stage 43, run, start, 9848925571766549
1787729859.733729, NoOp Chain Depth 64 Size 0 Mode ref, Ref Stage 43, run, end, 9848925571788421
1787729859.733849, NoOp Chain Depth 64 Size 0 Mode ref, Ref Stage 44, run, start, 9848925571907941
1787729859.733871, NoOp Chain Depth 64 Size 0 Mode ref, Ref Stage 44, run, end, 9848925571930229
1787729859.733886, NoOp Chain Depth 64 Size 0 Mode ref, Ref Stage 45, run, start, 9848925571945381
1787729859.733908, NoOp Chain Depth 64 Size 0 Mode ref, Ref Stage 45, run, end, 9848925571967541
1787729859.733924, NoOp Chain Depth 64 Size 0 Mode ref, Ref Stage 46, run, start, 9848925571983013
1787729859.733948, NoOp Chain Depth 64 Size 0 Mode ref, Ref Stage 46, run, end, 9848925572007253
1787729859.733964, NoOp Chain Depth 64 Size 0 Mode ref, Ref Stage 47, run, start, 9848925572022997
1787729859.733989, NoOp Chain Depth 64 Size 0 Mode ref, Ref Stage 47, run, end, 9848925572048149
1787729859.734001, NoOp Chain Depth 64 Size 0 Mode ref, Ref Stage 48, run, start, 9848925572060613
1787729859.734135, NoOp Chain Depth 64 Size 0 Mode ref, Ref Stage 48, run, end, 9848925572194357
1787729859.734150, NoOp Chain Depth 64 Size 0 Mode ref, Ref Stage 49, run, start, 9848925572209733
1787729859.734172, NoOp Chain Depth 64 Size 0 Mode ref, Ref Stage 49, run, end, 9848925572231893
1787729859.734188, NoOp Chain Depth 64 Size 0 Mode ref, Ref Stage 50, run, start, 9848925572247157
1787729859.734212, NoOp Chain Depth 64 Size 0 Mode ref, Ref Stage 50, run, end, 9848925572270773
1787729859.734223, NoOp Chain Depth 64 Size 0 Mode ref, Ref Stage 51, run, start, 9848925572282517
1787729859.734256, NoOp Chain Depth 64 Size 0 Mode ref, Ref Stage 51, run, end, 9848925572314869
1787729859.734271, NoOp Chain Depth 64 Size 0 Mode ref, Ref Stage 52, run, start, 9848925572330805
1787729859.734295, NoOp Chain Depth 64 Size 0 Mode ref, Ref Stage 52, run, end, 9848925572354597
1787729859.734307, NoOp Chain Depth 64 Size 0 Mode ref, Ref Stage 53, run, start, 9848925572366549
1787729859.734340, NoOp Chain Depth 64 Size 0 Mode ref, Ref Stage 53, run, end, 9848925572399061
1787729859.734460, NoOp Chain Depth 64 Size 0 Mode ref, Ref Stage 54, run, start, 9848925572519829
1787729859.734483, NoOp Chain Depth 64 Size 0 Mode ref, Ref Stage 54, run, end, 9848925572541973
1787729859.734498, NoOp Chain Depth 64 Size 0 Mode ref, Ref Stage 55, run, start, 9848925572557317
1787729859.734520, NoOp Chain Depth 64 Size 0 Mode ref, Ref Stage 55, run, end, 9848925572579237
1787729859.734535, NoOp Chain Depth 64 Size 0 Mode ref, Ref Stage 56, run, start, 9848925572594373
1787729859.734557, NoOp Chain Depth 64 Size 0 Mode ref, Ref Stage 56, run, end, 9848925572615973
1787729859.734572, NoOp Chain Depth 64 Size 0 Mode ref, Ref Stage 57, run, start, 9848925572631397
1787729859.734594, NoOp Chain Depth 64 Size 0 Mode ref, Ref Stage 57, run, end, 9848925572652773
1787729859.734608, NoOp Chain Depth 64 Size 0 Mode ref, Ref Stage 58, run, start, 9848925572667717
1787729859.734630, NoOp Chain Depth 64 Size 0 Mode ref, Ref Stage 58, run, end, 9848925572689285
1787729859.734646, NoOp Chain Depth 64 Size 0 Mode ref, Ref Stage 59, run, start, 9848925572704997
1787729859.734668, NoOp Chain Depth 64 Size 0 Mode ref, Ref Stage 59, run, end, 9848925572726917
1787729859.734783, NoOp Chain Depth 64 Size 0 Mode ref, Ref Stage 60, run, start, 9848925572842805
1787729859.734806, NoOp Chain Depth 64 Size 0 Mode ref, Ref Stage 60, run, end, 9848925572865317
1787729859.734822, NoOp Chain Depth 64 Size 0 Mode ref, Ref Stage 61, run, start, 9848925572880901
1787729859.734844, NoOp Chain Depth 64 Size 0 Mode ref, Ref Stage 61, run, end, 9848925572903205
1787729859.734859, NoOp Chain Depth 64 Size 0 Mode ref, Ref Stage 62, run, start, 9848925572918629
1787729859.734883, NoOp Chain Depth 64 Size 0 Mode ref, Ref Stage 62, run, end, 9848925572942197
1787729859.734895, NoOp Chain Depth 64 Size 0 Mode ref, Ref Stage 63, run, start, 9848925572954805
1787729859.734928, NoOp Chain Depth 64 Size 0 Mode ref, Ref Stage 63, run, end, 9848925572987029
1787729859.734946, NoOp Chain Depth 64 Size 0 Mode ref, pipeline - train, run, end, 124027621409949794048564472392697965661, 1787729859.731320, 93, 1, 9848925573005669
1787729859.734983, NoOp Chain Depth 64 Size 0 Mode ref, pipeline - train, run, start, 275416646078541406021692695832083909339, 1787729859.734973, 94, 1, 9848925573042245
1787729859.735009, NoOp Chain Depth 64 Size 0 Mode ref, Ref Stage 0, run, start, 9848925573068693
1787729859.735032, NoOp Chain Depth 64 Size 0 Mode ref, Ref Stage 0, run, end, 9848925573091445
1787729859.735151, NoOp Chain Depth 64 Size 0 Mode ref, Ref Stage 1, run, start, 9848925573210021
1787729859.735173, NoOp Chain Depth 64 Size 0 Mode ref, Ref Stage 1, run, end, 9848925573232581
1787729859.735189, NoOp Chain Depth 64 Size 0 Mode ref, Ref Stage 2, run, start, 9848925573247973
1787729859.735211, NoOp Chain Depth 64 Size 0 Mode ref, Ref Stage 2, run, end, 9848925573270197
1787729859.735226, NoOp Chain Depth 64 Size 0 Mode ref, Ref Stage 3, run, start, 9848925573285333
1787729859.735248, NoOp Chain Depth 64 Size 0 Mode ref, Ref Stage 3, run, end, 9848925573307269
1787729859.735263, NoOp Chain Depth 64 Size 0 Mode ref, Ref Stage 4, run, start, 9848925573322597
1787729859.735285, NoOp Chain Depth 64 Size 0 Mode ref, Ref Stage 4, run, end, 9848925573344341
1787729859.735300, NoOp Chain Depth 64 Size 0 Mode ref, Ref Stage 5, run, start, 9848925573359621
1787729859.735322, NoOp Chain Depth 64 Size 0 Mode ref, Ref Stage 5, run, end, 9848925573381541
1787729859.735338, NoOp Chain Depth 64 Size 0 Mode ref, Ref Stage 6, run, start, 9848925573397189
1787729859.735363, NoOp Chain Depth 64 Size 0 Mode ref, Ref Stage 6, run, end, 9848925573422244
1787729859.735375, NoOp Chain Depth 64 Size 0 Mode ref, Ref Stage 7, run, start, 9848925573434228
1787729859.735505, NoOp Chain Depth 64 Size 0 Mode ref, Ref Stage 7, run, end, 9848925573563972
1787729859.735520, NoOp Chain Depth 64 Size 0 Mode ref, Ref Stage 8, run, start, 9848925573578996
1787729859.735542, NoOp Chain Depth 64 Size 0 Mode ref, Ref Stage 8, run, end, 9848925573600900
1787729859.735557, NoOp Chain Depth 64 Size 0 Mode ref, Ref Stage 9, run, start, 9848925573616116
1787729859.735579, NoOp Chain Depth 64 Size 0 Mode ref, Ref Stage 9, run, end, 9848925573637748
1787729859.735594, NoOp Chain Depth 64 Size 0 Mode ref, Ref Stage 10, run, start, 9848925573653012
1787729859.735615, NoOp Chain Depth 64 Size 0 Mode ref, Ref Stage 10, run, end, 9848925573674756
1787729859.735631, NoOp Chain Depth 64 Size 0 Mode ref, Ref Stage 11, run, start, 9848925573689924
1787729859.735654, NoOp Chain Depth 64 Size 0 Mode ref, Ref Stage 11, run, end, 9848925573713460
1787729859.735666, NoOp Chain Depth 64 Size 0 Mode ref, Ref Stage 12, run, start, 9848925573725348
1787729859.735907, NoOp Chain Depth 64 Size 0 Mode ref, Ref Stage 12, run, end, 9848925573968244
1787729859.736138, NoOp Chain Depth 64 Size 0 Mode ref, Ref Stage 13, run, start, 9848925574197796
1787729859.736165, NoOp Chain Depth 64 Size 0 Mode ref, Ref Stage 13, run, end, 9848925574224548
1787729859.736181, NoOp Chain Depth 64 Size 0 Mode ref, Ref Stage 14, run, start, 9848925574240820
1787729859.736204, NoOp Chain Depth 64 Size 0 Mode ref, Ref Stage 14, run, end, 9848925574263140
1787729859.736219, NoOp Chain Depth 64 Size 0 Mode ref, Ref Stage 15, run, start, 9848925574278772
1787729859.736242, NoOp Chain Depth 64 Size 0 Mode ref, Ref Stage 15, run, end, 9848925574301108
1787729859.736257, NoOp Chain Depth 64 Size 0 Mode ref, Ref Stage 16, run, start, 9848925574316484
1787729859.736279, NoOp Chain Depth 64 Size 0 Mode ref, Ref Stage 16, run, end, 9848925574338548
1787729859.736295, NoOp Chain Depth 64 Size 0 Mode ref, Ref Stage 17, run, start, 9848925574353828
1787729859.736316, NoOp Chain Depth 64 Size 0 Mode ref, Ref Stage 17, run, end, 9848925574375764
1787729859.736331, NoOp Chain Depth 64 Size 0 Mode ref, Ref Stage 18, run, start, 9848925574390724
1787729859.736355, NoOp Chain Depth 64 Size 0 Mode ref, Ref Stage 18, run, end, 9848925574414196
1787729859.736369, NoOp Chain Depth 64 Size 0 Mode ref, Ref Stage 19, run, start, 9848925574428228
1787729859.736502, NoOp Chain Depth 64 Size 0 Mode ref, Ref Stage 19, run, end, 9848925574561956
1787729859.736518, NoOp Chain Depth 64 Size 0 Mode ref, Ref Stage 20, run, start, 9848925574577332
1787729859.736540, NoOp Chain Depth 64 Size 0 Mode ref, Ref Stage 20, run, end, 9848925574599444
1787729859.736556, NoOp Chain Depth 64 Size 0 Mode ref, Ref Stage 21, run, start, 9848925574614996
1787729859.736578, NoOp Chain Depth 64 Size 0 Mode ref, Ref Stage 21, run, end, 9848925574637188
1787729859.736593, NoOp Chain Depth 64 Size 0 Mode ref, Ref Stage 22, run, start, 9848925574652292
1787729859.736615, NoOp Chain Depth 64 Size 0 Mode ref, Ref Stage 22, run, end, 9848925574673844
1787729859.736630, NoOp Chain Depth 64 Size 0 Mode ref, Ref Stage 23, run, start, 9848925574689236
1787729859.736654, NoOp Chain Depth 64 Size 0 Mode ref, Ref Stage 23, run, end, 9848925574712964
1787729859.736667, NoOp Chain Depth 64 Size 0 Mode ref, Ref Stage 24, run, start, 9848925574726788
1787729859.736798, NoOp Chain Depth 64 Size 0 Mode ref, Ref Stage 24, run, end, 9848925574857204
1787729859.736813, NoOp Chain Depth 64 Size 0 Mode ref, Ref Stage 25, run, start, 9848925574872468
1787729859.736835, NoOp Chain Depth 64 Size 0 Mode ref, Ref Stage 25, run, end, 9848925574894324
1787729859.736851, NoOp Chain Depth 64 Size 0 Mode ref, Ref Stage 26, run, start, 9848925574909796
1787729859.736872, NoOp Chain Depth 64 Size 0 Mode ref, Ref Stage 26, run, end, 9848925574931524
1787729859.736887, NoOp Chain Depth 64 Size 0 Mode ref, Ref Stage 27, run, start, 9848925574946724
1787729859.736909, NoOp Chain Depth 64 Size 0 Mode ref, Ref Stage 27, run, end, 9848925574968500
1787729859.736924, NoOp Chain Depth 64 Size 0 Mode ref, Ref Stage 28, run, start, 9848925574983716
1787729859.736948, NoOp Chain Depth 64 Size 0 Mode ref, Ref Stage 28, run, end, 9848925575006996
1787729859.736963, NoOp Chain Depth 64 Size 0 Mode ref, Ref Stage 29, run, start, 9848925575022724
1787729859.736985, NoOp Chain Depth 64 Size 0 Mode ref, Ref Stage 29, run, end, 9848925575044676
1787729859.737001, NoOp Chain Depth 64 Size 0 Mode ref, Ref Stage 30, run, start, 9848925575060100
1787729859.737025, NoOp Chain Depth 64 Size 0 Mode ref, Ref Stage 30, run, end, 9848925575083860
1787729859.737039, NoOp Chain Depth 64 Size 0 Mode ref, Ref Stage 31, run, start, 9848925575098052
1787729859.737168, NoOp Chain Depth 64 Size 0 Mode ref, Ref Stage 31, run, end, 9848925575227764
1787729859.737184, NoOp Chain Depth 64 Size 0 Mode ref, Ref Stage 32, run, start, 9848925575243188
1787729859.737206, NoOp Chain Depth 64 Size 0 Mode ref, Ref Stage 32, run, end, 9848925575265108
1787729859.737221, NoOp Chain Depth 64 Size 0 Mode ref, Ref Stage 33, run, start, 9848925575280499
1787729859.737243, NoOp Chain Depth 64 Size 0 Mode ref, Ref Stage 33, run, end, 9848925575302403
1787729859.737258, NoOp Chain Depth 64 Size 0 Mode ref, Ref Stage 34, run, start, 9848925575317715
1787729859.737280, NoOp Chain Depth 64 Size 0 Mode ref, Ref Stage 34, run, end, 9848925575339507
1787729859.737295, NoOp Chain Depth 64 Size 0 Mode ref, Ref Stage 35, run, start, 9848925575354771
1787729859.737321, NoOp Chain Depth 64 Size 0 Mode ref, Ref Stage 35, run, end, 9848925575380307
1787729859.737333, NoOp Chain Depth 64 Size 0 Mode ref, Ref Stage 36, run, start, 9848925575392179
1787729859.737465, NoOp Chain Depth 64 Size 0 Mode ref, Ref Stage 36, run, end, 9848925575524915
1787729859.737481, NoOp Chain Depth 64 Size 0 Mode ref, Ref Stage 37, run, start, 9848925575540371
1787729859.737503, NoOp Chain Depth 64 Size 0 Mode ref, Ref Stage 37, run, end, 9848925575562499
1787729859.737518, NoOp Chain Depth 64 Size 0 Mode ref, Ref Stage 38, run, start, 9848925575577523
1787729859.737540, NoOp Chain Depth 64 Size 0 Mode ref, Ref Stage 38, run, end, 9848925575599395
1787729859.737555, NoOp Chain Depth 64 Size 0 Mode ref, Ref Stage 39, run, start, 9848925575614371
1787729859.737577, NoOp Chain Depth 64 Size 0 Mode ref, Ref Stage 39, run, end, 9848925575636291
1787729859.737594, NoOp Chain Depth 64 Size 0 Mode ref, Ref Stage 40, run, start, 9848925575653251
1787729859.737617, NoOp Chain Depth 64 Size 0 Mode ref, Ref Stage 40, run, end, 9848925575676035
1787729859.737632, NoOp Chain Depth 64 Size 0 Mode ref, Ref Stage 41, run, start, 9848925575691539
1787729859.737654, NoOp Chain Depth 64 Size 0 Mode ref, Ref Stage 41, run, end, 9848925575713635
1787729859.737670, NoOp Chain Depth 64 Size 0 Mode ref, Ref Stage 42, run, start, 9848925575729123
1787729859.737692, NoOp Chain Depth 64 Size 0 Mode ref, Ref Stage 42, run, end, 9848925575751203
1787729859.737805, NoOp Chain Depth 64 Size 0 Mode ref, Ref Stage 43, run, start, 9848925575864803
1787729859.737828, NoOp Chain Depth 64 Size 0 Mode ref, Ref Stage 43, run, end, 9848925575887603
1787729859.737844, NoOp Chain Depth 64 Size 0 Mode ref, Ref Stage 44, run, start, 9848925575903251
1787729859.737866, NoOp Chain Depth 64 Size 0 Mode ref, Ref Stage 44, run, end, 9848925575925219
1787729859.737881, NoOp Chain Depth 64 Size 0 Mode ref, Ref Stage 45, run, start, 9848925575940515
1787729859.737903, NoOp Chain Depth 64 Size 0 Mode ref, Ref Stage 45, run, end, 9848925575962707
1787729859.737919, NoOp Chain Depth 64 Size 0 Mode ref, Ref Stage 46, run, start, 9848925575978211
1787729859.737943, NoOp Chain Depth 64 Size 0 Mode ref, Ref Stage 46, run, end, 9848925576003315
1787729859.737956, NoOp Chain Depth 64 Size 0 Mode ref, Ref Stage 47, run, start, 9848925576015187
1787729859.737989, NoOp Chain Depth 64 Size 0 Mode ref, Ref Stage 47, run, end, 9848925576048339
1787729859.738004, NoOp Chain Depth 64 Size 0 Mode ref, Ref Stage 48, run, start, 9848925576063747
1787729859.738027, NoOp Chain Depth 64 Size 0 Mode ref, Ref Stage 48, run, end, 9848925576086019
1787729859.738148, NoOp Chain Depth 64 Size 0 Mode ref, Ref Stage 49, run, start, 9848925576207555
1787729859.738171, NoOp Chain Depth 64 Size 0 Mode ref, Ref Stage 49, run, end, 9848925576230483
1787729859.738187, NoOp Chain Depth 64 Size 0 Mode ref, Ref Stage 50, run, start, 9848925576245939
1787729859.738209, NoOp Chain Depth 64 Size 0 Mode ref, Ref Stage 50, run, end, 9848925576268307
1787729859.738224, NoOp Chain Depth 64 Size 0 Mode ref, Ref Stage 51, run, start, 9848925576283731
1787729859.738248, NoOp Chain Depth 64 Size 0 Mode ref, Ref Stage 51, run, end, 9848925576307731
1787729859.738261, NoOp Chain Depth 64 Size 0 Mode ref, Ref Stage 52, run, start, 9848925576319955
1787729859.738293, NoOp Chain Depth 64 Size 0 Mode ref, Ref Stage 52, run, end, 9848925576352227
1787729859.738308, NoOp Chain Depth 64 Size 0 Mode ref, Ref Stage 53, run, start, 9848925576367715
1787729859.738333, NoOp Chain Depth 64 Size 0 Mode ref, Ref Stage 53, run, end, 9848925576392019
1787729859.738347, NoOp Chain Depth 64 Size 0 Mode ref, Ref Stage 54, run, start, 9848925576406243
1787729859.738481, NoOp Chain Depth 64 Size 0 Mode ref, Ref Stage 54, run, end, 9848925576540387
1787729859.738496, NoOp Chain Depth 64 Size 0 Mode ref, Ref Stage 55, run, start, 9848925576555619
1787729859.738518, NoOp Chain Depth 64 Size 0 Mode ref, Ref Stage 55, run, end, 9848925576577459
1787729859.738533, NoOp Chain Depth 64 Size 0 Mode ref, Ref Stage 56, run, start, 9848925576592627
1787729859.738555, NoOp Chain Depth 64 Size 0 Mode ref, Ref Stage 56, run, end, 9848925576614483
1787729859.738571, NoOp Chain Depth 64 Size 0 Mode ref, Ref Stage 57, run, start, 9848925576630051
1787729859.738593, NoOp Chain Depth 64 Size 0 Mode ref, Ref Stage 57, run, end, 9848925576651683
1787729859.738608, NoOp Chain Depth 64 Size 0 Mode ref, Ref Stage 58, run, start, 9848925576666851
1787729859.738629, NoOp Chain Depth 64 Size 0 Mode ref, Ref Stage 58, run, end, 9848925576688739
1787729859.738748, NoOp Chain Depth 64 Size 0 Mode ref, Ref Stage 59, run, start, 9848925576807635
1787729859.738771, NoOp Chain Depth 64 Size 0 Mode ref, Ref Stage 59, run, end, 9848925576830195
1787729859.738786, NoOp Chain Depth 64 Size 0 Mode ref, Ref Stage 60, run, start, 9848925576845411
1787729859.738808, NoOp Chain Depth 64 Size 0 Mode ref, Ref Stage 60, run, end, 9848925576867139
1787729859.738825, NoOp Chain Depth 64 Size 0 Mode ref, Ref Stage 61, run, start, 9848925576884131
1787729859.738847, NoOp Chain Depth 64 Size 0 Mode ref, Ref Stage 61, run, end, 9848925576906227
1787729859.738862, NoOp Chain Depth 64 Size 0 Mode ref, Ref Stage 62, run, start, 9848925576921667
1787729859.738884, NoOp Chain Depth 64 Size 0 Mode ref, Ref Stage 62, run, end, 9848925576943475
1787729859.738900, NoOp Chain Depth 64 Size 0 Mode ref, Ref Stage 63, run, start, 9848925576958963
1787729859.738921, NoOp Chain Depth 64 Size 0 Mode ref, Ref Stage 63, run, end, 9848925576980819
1787729859.738937, NoOp Chain Depth 64 Size 0 Mode ref, pipeline - train, run, end, 275416646078541406021692695832083909339, 1787729859.734973, 94, 1, 9848925576996515
1787729859.738977, NoOp Chain Depth 64 Size 0 Mode ref, pipeline - train, run, start, 115090139209692061175798775682278576372, 1787729859.738964, 95, 1, 9848925577036755
1787729859.739000, NoOp Chain Depth 64 Size 0 Mode ref, Ref Stage 0, run, start, 9848925577059715
1787729859.739027, NoOp Chain Depth 64 Size 0 Mode ref, Ref Stage 0, run, end, 9848925577086307
1787729859.739039, NoOp Chain Depth 64 Size 0 Mode ref, Ref Stage 1, run, start, 9848925577098499
1787729859.739172, NoOp Chain Depth 64 Size 0 Mode ref, Ref Stage 1, run, end, 9848925577231155
1787729859.739187, NoOp Chain Depth 64 Size 0 Mode ref, Ref Stage 2, run, start, 9848925577246403
1787729859.739209, NoOp Chain Depth 64 Size 0 Mode ref, Ref Stage 2, run, end, 9848925577268771
1787729859.739225, NoOp Chain Depth 64 Size 0 Mode ref, Ref Stage 3, run, start, 9848925577284163
1787729859.739247, NoOp Chain Depth 64 Size 0 Mode ref, Ref Stage 3, run, end, 9848925577306018
1787729859.739262, NoOp Chain Depth 64 Size 0 Mode ref, Ref Stage 4, run, start, 9848925577321458
1787729859.739284, NoOp Chain Depth 64 Size 0 Mode ref, Ref Stage 4, run, end, 9848925577343586
1787729859.739300, NoOp Chain Depth 64 Size 0 Mode ref, Ref Stage 5, run, start, 9848925577359026
1787729859.739325, NoOp Chain Depth 64 Size 0 Mode ref, Ref Stage 5, run, end, 9848925577384306
1787729859.739337, NoOp Chain Depth 64 Size 0 Mode ref, Ref Stage 6, run, start, 9848925577396546
1787729859.739469, NoOp Chain Depth 64 Size 0 Mode ref, Ref Stage 6, run, end, 9848925577528578
1787729859.739484, NoOp Chain Depth 64 Size 0 Mode ref, Ref Stage 7, run, start, 9848925577543858
1787729859.739506, NoOp Chain Depth 64 Size 0 Mode ref, Ref Stage 7, run, end, 9848925577565810
1787729859.739521, NoOp Chain Depth 64 Size 0 Mode ref, Ref Stage 8, run, start, 9848925577580722
1787729859.739543, NoOp Chain Depth 64 Size 0 Mode ref, Ref Stage 8, run, end, 9848925577602594
1787729859.739558, NoOp Chain Depth 64 Size 0 Mode ref, Ref Stage 9, run, start, 9848925577617762
1787729859.739581, NoOp Chain Depth 64 Size 0 Mode ref, Ref Stage 9, run, end, 9848925577639890
1787729859.739596, NoOp Chain Depth 64 Size 0 Mode ref, Ref Stage 10, run, start, 9848925577655122
1787729859.739619, NoOp Chain Depth 64 Size 0 Mode ref, Ref Stage 10, run, end, 9848925577678850
1787729859.739632, NoOp Chain Depth 64 Size 0 Mode ref, Ref Stage 11, run, start, 9848925577691010
1787729859.739665, NoOp Chain Depth 64 Size 0 Mode ref, Ref Stage 11, run, end, 9848925577723842
1787729859.739680, NoOp Chain Depth 64 Size 0 Mode ref, Ref Stage 12, run, start, 9848925577739026
1787729859.739703, NoOp Chain Depth 64 Size 0 Mode ref, Ref Stage 12, run, end, 9848925577762690
1787729859.739717, NoOp Chain Depth 64 Size 0 Mode ref, Ref Stage 13, run, start, 9848925577776418
1787729859.739752, NoOp Chain Depth 64 Size 0 Mode ref, Ref Stage 13, run, end, 9848925577811314
1787729859.739768, NoOp Chain Depth 64 Size 0 Mode ref, Ref Stage 14, run, start, 9848925577826818
1787729859.739791, NoOp Chain Depth 64 Size 0 Mode ref, Ref Stage 14, run, end, 9848925577849890
1787729859.739910, NoOp Chain Depth 64 Size 0 Mode ref, Ref Stage 15, run, start, 9848925577969938
1787729859.739933, NoOp Chain Depth 64 Size 0 Mode ref, Ref Stage 15, run, end, 9848925577992754
1787729859.739952, NoOp Chain Depth 64 Size 0 Mode ref, Ref Stage 16, run, start, 9848925578011554
1787729859.739975, NoOp Chain Depth 64 Size 0 Mode ref, Ref Stage 16, run, end, 9848925578034562
1787729859.739990, NoOp Chain Depth 64 Size 0 Mode ref, Ref Stage 17, run, start, 9848925578049986
1787729859.740016, NoOp Chain Depth 64 Size 0 Mode ref, Ref Stage 17, run, end, 9848925578075442
1787729859.740028, NoOp Chain Depth 64 Size 0 Mode ref, Ref Stage 18, run, start, 9848925578087442
1787729859.740159, NoOp Chain Depth 64 Size 0 Mode ref, Ref Stage 18, run, end, 9848925578218594
1787729859.740175, NoOp Chain Depth 64 Size 0 Mode ref, Ref Stage 19, run, start, 9848925578234098
1787729859.740197, NoOp Chain Depth 64 Size 0 Mode ref, Ref Stage 19, run, end, 9848925578256210
1787729859.740212, NoOp Chain Depth 64 Size 0 Mode ref, Ref Stage 20, run, start, 9848925578271586
1787729859.740234, NoOp Chain Depth 64 Size 0 Mode ref, Ref Stage 20, run, end, 9848925578293330
1787729859.740249, NoOp Chain Depth 64 Size 0 Mode ref, Ref Stage 21, run, start, 9848925578308786
1787729859.740271, NoOp Chain Depth 64 Size 0 Mode ref, Ref Stage 21, run, end, 9848925578330626
1787729859.740286, NoOp Chain Depth 64 Size 0 Mode ref, Ref Stage 22, run, start, 9848925578345906
1787729859.740310, NoOp Chain Depth 64 Size 0 Mode ref, Ref Stage 22, run, end, 9848925578370002
1787729859.740322, NoOp Chain Depth 64 Size 0 Mode ref, Ref Stage 23, run, start, 9848925578381810
1787729859.740355, NoOp Chain Depth 64 Size 0 Mode ref, Ref Stage 23, run, end, 9848925578413938
1787729859.740370, NoOp Chain Depth 64 Size 0 Mode ref, Ref Stage 24, run, start, 9848925578429314
1787729859.740392, NoOp Chain Depth 64 Size 0 Mode ref, Ref Stage 24, run, end, 9848925578451138
1787729859.740508, NoOp Chain Depth 64 Size 0 Mode ref, Ref Stage 25, run, start, 9848925578567458
1787729859.740531, NoOp Chain Depth 64 Size 0 Mode ref, Ref Stage 25, run, end, 9848925578590114
1787729859.740546, NoOp Chain Depth 64 Size 0 Mode ref, Ref Stage 26, run, start, 9848925578605490
1787729859.740568, NoOp Chain Depth 64 Size 0 Mode ref, Ref Stage 26, run, end, 9848925578627490
1787729859.740584, NoOp Chain Depth 64 Size 0 Mode ref, Ref Stage 27, run, start, 9848925578642866
1787729859.740605, NoOp Chain Depth 64 Size 0 Mode ref, Ref Stage 27, run, end, 9848925578664898
1787729859.740621, NoOp Chain Depth 64 Size 0 Mode ref, Ref Stage 28, run, start, 9848925578680274
1787729859.740643, NoOp Chain Depth 64 Size 0 Mode ref, Ref Stage 28, run, end, 9848925578702386
1787729859.740659, NoOp Chain Depth 64 Size 0 Mode ref, Ref Stage 29, run, start, 9848925578717906
1787729859.740684, NoOp Chain Depth 64 Size 0 Mode ref, Ref Stage 29, run, end, 9848925578742978
1787729859.740696, NoOp Chain Depth 64 Size 0 Mode ref, Ref Stage 30, run, start, 9848925578755250
1787729859.740827, NoOp Chain Depth 64 Size 0 Mode ref, Ref Stage 30, run, end, 9848925578886514
1787729859.740843, NoOp Chain Depth 64 Size 0 Mode ref, Ref Stage 31, run, start, 9848925578901826
1787729859.740864, NoOp Chain Depth 64 Size 0 Mode ref, Ref Stage 31, run, end, 9848925578923698
1787729859.740880, NoOp Chain Depth 64 Size 0 Mode ref, Ref Stage 32, run, start, 9848925578939010
1787729859.740902, NoOp Chain Depth 64 Size 0 Mode ref, Ref Stage 32, run, end, 9848925578960898
1787729859.740917, NoOp Chain Depth 64 Size 0 Mode ref, Ref Stage 33, run, start, 9848925578976114
1787729859.740939, NoOp Chain Depth 64 Size 0 Mode ref, Ref Stage 33, run, end, 9848925578997858
1787729859.740956, NoOp Chain Depth 64 Size 0 Mode ref, Ref Stage 34, run, start, 9848925579015042
1787729859.740979, NoOp Chain Depth 64 Size 0 Mode ref, Ref Stage 34, run, end, 9848925579038530
1787729859.740991, NoOp Chain Depth 64 Size 0 Mode ref, Ref Stage 35, run, start, 9848925579050610
1787729859.741024, NoOp Chain Depth 64 Size 0 Mode ref, Ref Stage 35, run, end, 9848925579083410
1787729859.741039, NoOp Chain Depth 64 Size 0 Mode ref, Ref Stage 36, run, start, 9848925579098722
1787729859.741062, NoOp Chain Depth 64 Size 0 Mode ref, Ref Stage 36, run, end, 9848925579120946
1787729859.741182, NoOp Chain Depth 64 Size 0 Mode ref, Ref Stage 37, run, start, 9848925579241361
1787729859.741205, NoOp Chain Depth 64 Size 0 Mode ref, Ref Stage 37, run, end, 9848925579264049
1787729859.741220, NoOp Chain Depth 64 Size 0 Mode ref, Ref Stage 38, run, start, 9848925579279649
1787729859.741242, NoOp Chain Depth 64 Size 0 Mode ref, Ref Stage 38, run, end, 9848925579301601
1787729859.741258, NoOp Chain Depth 64 Size 0 Mode ref, Ref Stage 39, run, start, 9848925579316961
1787729859.741280, NoOp Chain Depth 64 Size 0 Mode ref, Ref Stage 39, run, end, 9848925579338945
1787729859.741295, NoOp Chain Depth 64 Size 0 Mode ref, Ref Stage 40, run, start, 9848925579354449
1787729859.741318, NoOp Chain Depth 64 Size 0 Mode ref, Ref Stage 40, run, end, 9848925579376897
1787729859.741433, NoOp Chain Depth 64 Size 0 Mode ref, Ref Stage 41, run, start, 9848925579492609
1787729859.741456, NoOp Chain Depth 64 Size 0 Mode ref, Ref Stage 41, run, end, 9848925579515185
1787729859.741472, NoOp Chain Depth 64 Size 0 Mode ref, Ref Stage 42, run, start, 9848925579531089
1787729859.741496, NoOp Chain Depth 64 Size 0 Mode ref, Ref Stage 42, run, end, 9848925579555233
1787729859.741508, NoOp Chain Depth 64 Size 0 Mode ref, Ref Stage 43, run, start, 9848925579567473
1787729859.741544, NoOp Chain Depth 64 Size 0 Mode ref, Ref Stage 43, run, end, 9848925579602961
1787729859.741555, NoOp Chain Depth 64 Size 0 Mode ref, Ref Stage 44, run, start, 9848925579614913
1787729859.741589, NoOp Chain Depth 64 Size 0 Mode ref, Ref Stage 44, run, end, 9848925579647777
1787729859.741605, NoOp Chain Depth 64 Size 0 Mode ref, Ref Stage 45, run, start, 9848925579663793
1787729859.741628, NoOp Chain Depth 64 Size 0 Mode ref, Ref Stage 45, run, end, 9848925579687729
1787729859.741640, NoOp Chain Depth 64 Size 0 Mode ref, Ref Stage 46, run, start, 9848925579699569
1787729859.741673, NoOp Chain Depth 64 Size 0 Mode ref, Ref Stage 46, run, end, 9848925579732145
1787729859.741688, NoOp Chain Depth 64 Size 0 Mode ref, Ref Stage 47, run, start, 9848925579747617
1787729859.741712, NoOp Chain Depth 64 Size 0 Mode ref, Ref Stage 47, run, end, 9848925579770929
1787729859.741829, NoOp Chain Depth 64 Size 0 Mode ref, Ref Stage 48, run, start, 9848925579888737
1787729859.741852, NoOp Chain Depth 64 Size 0 Mode ref, Ref Stage 48, run, end, 9848925579911233
1787729859.741867, NoOp Chain Depth 64 Size 0 Mode ref, Ref Stage 49, run, start, 9848925579926545
1787729859.741889, NoOp Chain Depth 64 Size 0 Mode ref, Ref Stage 49, run, end, 9848925579948513
1787729859.741904, NoOp Chain Depth 64 Size 0 Mode ref, Ref Stage 50, run, start, 9848925579963793
1787729859.741926, NoOp Chain Depth 64 Size 0 Mode ref, Ref Stage 50, run, end, 9848925579985601
1787729859.741942, NoOp Chain Depth 64 Size 0 Mode ref, Ref Stage 51, run, start, 9848925580002241
1787729859.741966, NoOp Chain Depth 64 Size 0 Mode ref, Ref Stage 51, run, end, 9848925580024881
1787729859.741981, NoOp Chain Depth 64 Size 0 Mode ref, Ref Stage 52, run, start, 9848925580040577
1787729859.742007, NoOp Chain Depth 64 Size 0 Mode ref, Ref Stage 52, run, end, 9848925580065969
1787729859.742019, NoOp Chain Depth 64 Size 0 Mode ref, Ref Stage 53, run, start, 9848925580078321
1787729859.742146, NoOp Chain Depth 64 Size 0 Mode ref, Ref Stage 53, run, end, 9848925580205921
1787729859.742162, NoOp Chain Depth 64 Size 0 Mode ref, Ref Stage 54, run, start, 9848925580221105
1787729859.742184, NoOp Chain Depth 64 Size 0 Mode ref, Ref Stage 54, run, end, 9848925580243489
1787729859.742200, NoOp Chain Depth 64 Size 0 Mode ref, Ref Stage 55, run, start, 9848925580259153
1787729859.742222, NoOp Chain Depth 64 Size 0 Mode ref, Ref Stage 55, run, end, 9848925580281025
1787729859.742237, NoOp Chain Depth 64 Size 0 Mode ref, Ref Stage 56, run, start, 9848925580296513
1787729859.742259, NoOp Chain Depth 64 Size 0 Mode ref, Ref Stage 56, run, end, 9848925580318385
1787729859.742275, NoOp Chain Depth 64 Size 0 Mode ref, Ref Stage 57, run, start, 9848925580333841
1787729859.742296, NoOp Chain Depth 64 Size 0 Mode ref, Ref Stage 57, run, end, 9848925580355553
1787729859.742317, NoOp Chain Depth 64 Size 0 Mode ref, Ref Stage 58, run, start, 9848925580376529
1787729859.742342, NoOp Chain Depth 64 Size 0 Mode ref, Ref Stage 58, run, end, 9848925580401473
1787729859.742354, NoOp Chain Depth 64 Size 0 Mode ref, Ref Stage 59, run, start, 9848925580413553
1787729859.742387, NoOp Chain Depth 64 Size 0 Mode ref, Ref Stage 59, run, end, 9848925580446241
1787729859.742402, NoOp Chain Depth 64 Size 0 Mode ref, Ref Stage 60, run, start, 9848925580461105
1787729859.742424, NoOp Chain Depth 64 Size 0 Mode ref, Ref Stage 60, run, end, 9848925580483009
1787729859.742440, NoOp Chain Depth 64 Size 0 Mode ref, Ref Stage 61, run, start, 9848925580499041
1787729859.742462, NoOp Chain Depth 64 Size 0 Mode ref, Ref Stage 61, run, end, 9848925580521025
1787729859.742477, NoOp Chain Depth 64 Size 0 Mode ref, Ref Stage 62, run, start, 9848925580536353
1787729859.742499, NoOp Chain Depth 64 Size 0 Mode ref, Ref Stage 62, run, end, 9848925580558241
1787729859.742621, NoOp Chain Depth 64 Size 0 Mode ref, Ref Stage 63, run, start, 9848925580680577
1787729859.742643, NoOp Chain Depth 64 Size 0 Mode ref, Ref Stage 63, run, end, 9848925580702625
1787729859.742659, NoOp Chain Depth 64 Size 0 Mode ref, pipeline - train, run, end, 115090139209692061175798775682278576372, 1787729859.738964, 95, 1, 9848925580718289
1787729859.742697, NoOp Chain Depth 64 Size 0 Mode ref, pipeline - train, run, start, 312278668834235850183799524464250382640, 1787729859.742684, 96, 1, 9848925580756913
1787729859.742724, NoOp Chain Depth 64 Size 0 Mode ref, Ref Stage 0, run, start, 9848925580783521
1787729859.742747, NoOp Chain Depth 64 Size 0 Mode ref, Ref Stage 0, run, end, 9848925580806241
1787729859.742763, NoOp Chain Depth 64 Size 0 Mode ref, Ref Stage 1, run, start, 9848925580821809
1787729859.742785, NoOp Chain Depth 64 Size 0 Mode ref, Ref Stage 1, run, end, 9848925580844097
1787729859.742905, NoOp Chain Depth 64 Size 0 Mode ref, Ref Stage 2, run, start, 9848925580964817
1787729859.742928, NoOp Chain Depth 64 Size 0 Mode ref, Ref Stage 2, run, end, 9848925580987777
1787729859.742945, NoOp Chain Depth 64 Size 0 Mode ref, Ref Stage 3, run, start, 9848925581005041
1787729859.742969, NoOp Chain Depth 64 Size 0 Mode ref, Ref Stage 3, run, end, 9848925581028257
1787729859.742984, NoOp Chain Depth 64 Size 0 Mode ref, Ref Stage 4, run, start, 9848925581043665
1787729859.743006, NoOp Chain Depth 64 Size 0 Mode ref, Ref Stage 4, run, end, 9848925581065792
1787729859.743022, NoOp Chain Depth 64 Size 0 Mode ref, Ref Stage 5, run, start, 9848925581081120
1787729859.743044, NoOp Chain Depth 64 Size 0 Mode ref, Ref Stage 5, run, end, 9848925581103392
1787729859.743059, NoOp Chain Depth 64 Size 0 Mode ref, Ref Stage 6, run, start, 9848925581118560
1787729859.743082, NoOp Chain Depth 64 Size 0 Mode ref, Ref Stage 6, run, end, 9848925581140848
1787729859.743097, NoOp Chain Depth 64 Size 0 Mode ref, Ref Stage 7, run, start, 9848925581156320
1787729859.743119, NoOp Chain Depth 64 Size 0 Mode ref, Ref Stage 7, run, end, 9848925581178752
1787729859.743236, NoOp Chain Depth 64 Size 0 Mode ref, Ref Stage 8, run, start, 9848925581295728
1787729859.743259, NoOp Chain Depth 64 Size 0 Mode ref, Ref Stage 8, run, end, 9848925581318240
1787729859.743274, NoOp Chain Depth 64 Size 0 Mode ref, Ref Stage 9, run, start, 9848925581333648
1787729859.743298, NoOp Chain Depth 64 Size 0 Mode ref, Ref Stage 9, run, end, 9848925581357488
1787729859.743310, NoOp Chain Depth 64 Size 0 Mode ref, Ref Stage 10, run, start, 9848925581369680
1787729859.743345, NoOp Chain Depth 64 Size 0 Mode ref, Ref Stage 10, run, end, 9848925581404400
1787729859.743358, NoOp Chain Depth 64 Size 0 Mode ref, Ref Stage 11, run, start, 9848925581417248
1787729859.743390, NoOp Chain Depth 64 Size 0 Mode ref, Ref Stage 11, run, end, 9848925581449552
1787729859.743406, NoOp Chain Depth 64 Size 0 Mode ref, Ref Stage 12, run, start, 9848925581464736
1787729859.743429, NoOp Chain Depth 64 Size 0 Mode ref, Ref Stage 12, run, end, 9848925581488480
1787729859.743443, NoOp Chain Depth 64 Size 0 Mode ref, Ref Stage 13, run, start, 9848925581502416
1787729859.743576, NoOp Chain Depth 64 Size 0 Mode ref, Ref Stage 13, run, end, 9848925581635296
1787729859.743591, NoOp Chain Depth 64 Size 0 Mode ref, Ref Stage 14, run, start, 9848925581650288
1787729859.743615, NoOp Chain Depth 64 Size 0 Mode ref, Ref Stage 14, run, end, 9848925581674000
1787729859.743627, NoOp Chain Depth 64 Size 0 Mode ref, Ref Stage 15, run, start, 9848925581686192
1787729859.743659, NoOp Chain Depth 64 Size 0 Mode ref, Ref Stage 15, run, end, 9848925581718864
1787729859.743675, NoOp Chain Depth 64 Size 0 Mode ref, Ref Stage 16, run, start, 9848925581734240
1787729859.743697, NoOp Chain Depth 64 Size 0 Mode ref, Ref Stage 16, run, end, 9848925581756320
1787729859.743713, NoOp Chain Depth 64 Size 0 Mode ref, Ref Stage 17, run, start, 9848925581772688
1787729859.743737, NoOp Chain Depth 64 Size 0 Mode ref, Ref Stage 17, run, end, 9848925581796448
1787729859.743749, NoOp Chain Depth 64 Size 0 Mode ref, Ref Stage 18, run, start, 9848925581808800
1787729859.743784, NoOp Chain Depth 64 Size 0 Mode ref, Ref Stage 18, run, end, 9848925581843088
1787729859.743799, NoOp Chain Depth 64 Size 0 Mode ref, Ref Stage 19, run, start, 9848925581858256
1787729859.743821, NoOp Chain Depth 64 Size 0 Mode ref, Ref Stage 19, run, end, 9848925581880352
1787729859.743938, NoOp Chain Depth 64 Size 0 Mode ref, Ref Stage 20, run, start, 9848925581998064
1787729859.743963, NoOp Chain Depth 64 Size 0 Mode ref, Ref Stage 20, run, end, 9848925582022384
1787729859.743979, NoOp Chain Depth 64 Size 0 Mode ref, Ref Stage 21, run, start, 9848925582037904
1787729859.744003, NoOp Chain Depth 64 Size 0 Mode ref, Ref Stage 21, run, end, 9848925582061824
1787729859.744015, NoOp Chain Depth 64 Size 0 Mode ref, Ref Stage 22, run, start, 9848925582074032
1787729859.744048, NoOp Chain Depth 64 Size 0 Mode ref, Ref Stage 22, run, end, 9848925582107440
1787729859.744063, NoOp Chain Depth 64 Size 0 Mode ref, Ref Stage 23, run, start, 9848925582122624
1787729859.744086, NoOp Chain Depth 64 Size 0 Mode ref, Ref Stage 23, run, end, 9848925582144960
1787729859.744102, NoOp Chain Depth 64 Size 0 Mode ref, Ref Stage 24, run, start, 9848925582161312
1787729859.744128, NoOp Chain Depth 64 Size 0 Mode ref, Ref Stage 24, run, end, 9848925582186848
1787729859.744139, NoOp Chain Depth 64 Size 0 Mode ref, Ref Stage 25, run, start, 9848925582198832
1787729859.744277, NoOp Chain Depth 64 Size 0 Mode ref, Ref Stage 25, run, end, 9848925582336096
1787729859.744292, NoOp Chain Depth 64 Size 0 Mode ref, Ref Stage 26, run, start, 9848925582351792
1787729859.744315, NoOp Chain Depth 64 Size 0 Mode ref, Ref Stage 26, run, end, 9848925582374544
1787729859.744330, NoOp Chain Depth 64 Size 0 Mode ref, Ref Stage 27, run, start, 9848925582389936
1787729859.744353, NoOp Chain Depth 64 Size 0 Mode ref, Ref Stage 27, run, end, 9848925582412096
1787729859.744368, NoOp Chain Depth 64 Size 0 Mode ref, Ref Stage 28, run, start, 9848925582427408
1787729859.744392, NoOp Chain Depth 64 Size 0 Mode ref, Ref Stage 28, run, end, 9848925582451104
1787729859.744404, NoOp Chain Depth 64 Size 0 Mode ref, Ref Stage 29, run, start, 9848925582463184
1787729859.744437, NoOp Chain Depth 64 Size 0 Mode ref, Ref Stage 29, run, end, 9848925582495920
1787729859.744452, NoOp Chain Depth 64 Size 0 Mode ref, Ref Stage 30, run, start, 9848925582511344
1787729859.744474, NoOp Chain Depth 64 Size 0 Mode ref, Ref Stage 30, run, end, 9848925582533216
1787729859.744490, NoOp Chain Depth 64 Size 0 Mode ref, Ref Stage 31, run, start, 9848925582549056
1787729859.744513, NoOp Chain Depth 64 Size 0 Mode ref, Ref Stage 31, run, end, 9848925582572560
1787729859.744632, NoOp Chain Depth 64 Size 0 Mode ref, Ref Stage 32, run, start, 9848925582691376
1787729859.744654, NoOp Chain Depth 64 Size 0 Mode ref, Ref Stage 32, run, end, 9848925582713744
1787729859.744670, NoOp Chain Depth 64 Size 0 Mode ref, Ref Stage 33, run, start, 9848925582729008
1787729859.744693, NoOp Chain Depth 64 Size 0 Mode ref, Ref Stage 33, run, end, 9848925582752432
1787729859.744705, NoOp Chain Depth 64 Size 0 Mode ref, Ref Stage 34, run, start, 9848925582764704
1787729859.744742, NoOp Chain Depth 64 Size 0 Mode ref, Ref Stage 34, run, end, 9848925582801392
1787729859.744759, NoOp Chain Depth 64 Size 0 Mode ref, Ref Stage 35, run, start, 9848925582818592
1787729859.744781, NoOp Chain Depth 64 Size 0 Mode ref, Ref Stage 35, run, end, 9848925582840704
1787729859.744797, NoOp Chain Depth 64 Size 0 Mode ref, Ref Stage 36, run, start, 9848925582856416
1787729859.744822, NoOp Chain Depth 64 Size 0 Mode ref, Ref Stage 36, run, end, 9848925582881376
1787729859.744834, NoOp Chain Depth 64 Size 0 Mode ref, Ref Stage 37, run, start, 9848925582893328
1787729859.744968, NoOp Chain Depth 64 Size 0 Mode ref, Ref Stage 37, run, end, 9848925583027984
1787729859.744984, NoOp Chain Depth 64 Size 0 Mode ref, Ref Stage 38, run, start, 9848925583043392
1787729859.745006, NoOp Chain Depth 64 Size 0 Mode ref, Ref Stage 38, run, end, 9848925583065632
1787729859.745022, NoOp Chain Depth 64 Size 0 Mode ref, Ref Stage 39, run, start, 9848925583081200
1787729859.745044, NoOp Chain Depth 64 Size 0 Mode ref, Ref Stage 39, run, end, 9848925583103472
1787729859.745059, NoOp Chain Depth 64 Size 0 Mode ref, Ref Stage 40, run, start, 9848925583118480
1787729859.745083, NoOp Chain Depth 64 Size 0 Mode ref, Ref Stage 40, run, end, 9848925583142383
1787729859.745095, NoOp Chain Depth 64 Size 0 Mode ref, Ref Stage 41, run, start, 9848925583154223
1787729859.745128, NoOp Chain Depth 64 Size 0 Mode ref, Ref Stage 41, run, end, 9848925583186895
1787729859.745143, NoOp Chain Depth 64 Size 0 Mode ref, Ref Stage 42, run, start, 9848925583202367
1787729859.745166, NoOp Chain Depth 64 Size 0 Mode ref, Ref Stage 42, run, end, 9848925583225567
1787729859.745182, NoOp Chain Depth 64 Size 0 Mode ref, Ref Stage 43, run, start, 9848925583241647
1787729859.745204, NoOp Chain Depth 64 Size 0 Mode ref, Ref Stage 43, run, end, 9848925583263663
1787729859.745321, NoOp Chain Depth 64 Size 0 Mode ref, Ref Stage 44, run, start, 9848925583380783
1787729859.745344, NoOp Chain Depth 64 Size 0 Mode ref, Ref Stage 44, run, end, 9848925583403391
1787729859.745359, NoOp Chain Depth 64 Size 0 Mode ref, Ref Stage 45, run, start, 9848925583418911
1787729859.745382, NoOp Chain Depth 64 Size 0 Mode ref, Ref Stage 45, run, end, 9848925583441199
1787729859.745397, NoOp Chain Depth 64 Size 0 Mode ref, Ref Stage 46, run, start, 9848925583456543
1787729859.745419, NoOp Chain Depth 64 Size 0 Mode ref, Ref Stage 46, run, end, 9848925583478511
1787729859.745435, NoOp Chain Depth 64 Size 0 Mode ref, Ref Stage 47, run, start, 9848925583493903
1787729859.745460, NoOp Chain Depth 64 Size 0 Mode ref, Ref Stage 47, run, end, 9848925583518943
1787729859.745472, NoOp Chain Depth 64 Size 0 Mode ref, Ref Stage 48, run, start, 9848925583531263
1787729859.745603, NoOp Chain Depth 64 Size 0 Mode ref, Ref Stage 48, run, end, 9848925583662543
1787729859.745618, NoOp Chain Depth 64 Size 0 Mode ref, Ref Stage 49, run, start, 9848925583677791
1787729859.745641, NoOp Chain Depth 64 Size 0 Mode ref, Ref Stage 49, run, end, 9848925583699791
1787729859.745656, NoOp Chain Depth 64 Size 0 Mode ref, Ref Stage 50, run, start, 9848925583715391
1787729859.745678, NoOp Chain Depth 64 Size 0 Mode ref, Ref Stage 50, run, end, 9848925583737519
1787729859.745694, NoOp Chain Depth 64 Size 0 Mode ref, Ref Stage 51, run, start, 9848925583753199
1787729859.745718, NoOp Chain Depth 64 Size 0 Mode ref, Ref Stage 51, run, end, 9848925583776719
1787729859.745733, NoOp Chain Depth 64 Size 0 Mode ref, Ref Stage 52, run, start, 9848925583792735
1787729859.745756, NoOp Chain Depth 64 Size 0 Mode ref, Ref Stage 52, run, end, 9848925583815199
1787729859.745771, NoOp Chain Depth 64 Size 0 Mode ref, Ref Stage 53, run, start, 9848925583830703
1787729859.745793, NoOp Chain Depth 64 Size 0 Mode ref, Ref Stage 53, run, end, 9848925583852351
1787729859.745809, NoOp Chain Depth 64 Size 0 Mode ref, Ref Stage 54, run, start, 9848925583868159
1787729859.745833, NoOp Chain Depth 64 Size 0 Mode ref, Ref Stage 54, run, end, 9848925583892399
1787729859.745952, NoOp Chain Depth 64 Size 0 Mode ref, Ref Stage 55, run, start, 9848925584011471
1787729859.745975, NoOp Chain Depth 64 Size 0 Mode ref, Ref Stage 55, run, end, 9848925584034127
1787729859.745990, NoOp Chain Depth 64 Size 0 Mode ref, Ref Stage 56, run, start, 9848925584049487
1787729859.746012, NoOp Chain Depth 64 Size 0 Mode ref, Ref Stage 56, run, end, 9848925584071503
1787729859.746027, NoOp Chain Depth 64 Size 0 Mode ref, Ref Stage 57, run, start, 9848925584086607
1787729859.746049, NoOp Chain Depth 64 Size 0 Mode ref, Ref Stage 57, run, end, 9848925584108639
1787729859.746065, NoOp Chain Depth 64 Size 0 Mode ref, Ref Stage 58, run, start, 9848925584124319
1787729859.746087, NoOp Chain Depth 64 Size 0 Mode ref, Ref Stage 58, run, end, 9848925584146159
1787729859.746102, NoOp Chain Depth 64 Size 0 Mode ref, Ref Stage 59, run, start, 9848925584161215
1787729859.746124, NoOp Chain Depth 64 Size 0 Mode ref, Ref Stage 59, run, end, 9848925584182975
1787729859.746239, NoOp Chain Depth 64 Size 0 Mode ref, Ref Stage 60, run, start, 9848925584298223
1787729859.746262, NoOp Chain Depth 64 Size 0 Mode ref, Ref Stage 60, run, end, 9848925584320911
1787729859.746277, NoOp Chain Depth 64 Size 0 Mode ref, Ref Stage 61, run, start, 9848925584336383
1787729859.746299, NoOp Chain Depth 64 Size 0 Mode ref, Ref Stage 61, run, end, 9848925584358415
1787729859.746314, NoOp Chain Depth 64 Size 0 Mode ref, Ref Stage 62, run, start, 9848925584373583
1787729859.746338, NoOp Chain Depth 64 Size 0 Mode ref, Ref Stage 62, run, end, 9848925584397231
1787729859.746350, NoOp Chain Depth 64 Size 0 Mode ref, Ref Stage 63, run, start, 9848925584409471
1787729859.746382, NoOp Chain Depth 64 Size 0 Mode ref, Ref Stage 63, run, end, 9848925584441887
1787729859.746398, NoOp Chain Depth 64 Size 0 Mode ref, pipeline - train, run, end, 312278668834235850183799524464250382640, 1787729859.742684, 96, 1, 9848925584457087
1787729859.746433, NoOp Chain Depth 64 Size 0 Mode ref, pipeline - train, run, start, 198950234816978908157774427229130912209, 1787729859.746423, 97, 1, 9848925584492479
1787729859.746456, NoOp Chain Depth 64 Size 0 Mode ref, Ref Stage 0, run, start, 9848925584515567
1787729859.746479, NoOp Chain Depth 64 Size 0 Mode ref, Ref Stage 0, run, end, 9848925584538159
1787729859.746592, NoOp Chain Depth 64 Size 0 Mode ref, Ref Stage 1, run, start, 9848925584651919
1787729859.746615, NoOp Chain Depth 64 Size 0 Mode ref, Ref Stage 1, run, end, 9848925584674639
1787729859.746631, NoOp Chain Depth 64 Size 0 Mode ref, Ref Stage 2, run, start, 9848925584690063
1787729859.746653, NoOp Chain Depth 64 Size 0 Mode ref, Ref Stage 2, run, end, 9848925584712191
1787729859.746668, NoOp Chain Depth 64 Size 0 Mode ref, Ref Stage 3, run, start, 9848925584727663
1787729859.746691, NoOp Chain Depth 64 Size 0 Mode ref, Ref Stage 3, run, end, 9848925584749903
1787729859.746706, NoOp Chain Depth 64 Size 0 Mode ref, Ref Stage 4, run, start, 9848925584765375
1787729859.746728, NoOp Chain Depth 64 Size 0 Mode ref, Ref Stage 4, run, end, 9848925584787375
1787729859.746743, NoOp Chain Depth 64 Size 0 Mode ref, Ref Stage 5, run, start, 9848925584802607
1787729859.746765, NoOp Chain Depth 64 Size 0 Mode ref, Ref Stage 5, run, end, 9848925584824623
1787729859.746781, NoOp Chain Depth 64 Size 0 Mode ref, Ref Stage 6, run, start, 9848925584840255
1787729859.746803, NoOp Chain Depth 64 Size 0 Mode ref, Ref Stage 6, run, end, 9848925584862527
1787729859.746922, NoOp Chain Depth 64 Size 0 Mode ref, Ref Stage 7, run, start, 9848925584982111
1787729859.746947, NoOp Chain Depth 64 Size 0 Mode ref, Ref Stage 7, run, end, 9848925585005902
1787729859.746963, NoOp Chain Depth 64 Size 0 Mode ref, Ref Stage 8, run, start, 9848925585021918
1787729859.746985, NoOp Chain Depth 64 Size 0 Mode ref, Ref Stage 8, run, end, 9848925585044158
1787729859.747000, NoOp Chain Depth 64 Size 0 Mode ref, Ref Stage 9, run, start, 9848925585059726
1787729859.747024, NoOp Chain Depth 64 Size 0 Mode ref, Ref Stage 9, run, end, 9848925585083310
1787729859.747036, NoOp Chain Depth 64 Size 0 Mode ref, Ref Stage 10, run, start, 9848925585095454
1787729859.747071, NoOp Chain Depth 64 Size 0 Mode ref, Ref Stage 10, run, end, 9848925585129838
1787729859.747086, NoOp Chain Depth 64 Size 0 Mode ref, Ref Stage 11, run, start, 9848925585145166
1787729859.747110, NoOp Chain Depth 64 Size 0 Mode ref, Ref Stage 11, run, end, 9848925585169630
1787729859.747123, NoOp Chain Depth 64 Size 0 Mode ref, Ref Stage 12, run, start, 9848925585181982
1787729859.747159, NoOp Chain Depth 64 Size 0 Mode ref, Ref Stage 12, run, end, 9848925585218446
1787729859.747174, NoOp Chain Depth 64 Size 0 Mode ref, Ref Stage 13, run, start, 9848925585233550
1787729859.747199, NoOp Chain Depth 64 Size 0 Mode ref, Ref Stage 13, run, end, 9848925585258126
1787729859.747213, NoOp Chain Depth 64 Size 0 Mode ref, Ref Stage 14, run, start, 9848925585272686
1787729859.747348, NoOp Chain Depth 64 Size 0 Mode ref, Ref Stage 14, run, end, 9848925585407326
1787729859.747363, NoOp Chain Depth 64 Size 0 Mode ref, Ref Stage 15, run, start, 9848925585422814
1787729859.747386, NoOp Chain Depth 64 Size 0 Mode ref, Ref Stage 15, run, end, 9848925585444878
1787729859.747401, NoOp Chain Depth 64 Size 0 Mode ref, Ref Stage 16, run, start, 9848925585460174
1787729859.747427, NoOp Chain Depth 64 Size 0 Mode ref, Ref Stage 16, run, end, 9848925585485918
1787729859.747439, NoOp Chain Depth 64 Size 0 Mode ref, Ref Stage 17, run, start, 9848925585498046
1787729859.747575, NoOp Chain Depth 64 Size 0 Mode ref, Ref Stage 17, run, end, 9848925585633998
1787729859.747590, NoOp Chain Depth 64 Size 0 Mode ref, Ref Stage 18, run, start, 9848925585649310
1787729859.747612, NoOp Chain Depth 64 Size 0 Mode ref, Ref Stage 18, run, end, 9848925585671342
1787729859.747627, NoOp Chain Depth 64 Size 0 Mode ref, Ref Stage 19, run, start, 9848925585686798
1787729859.747651, NoOp Chain Depth 64 Size 0 Mode ref, Ref Stage 19, run, end, 9848925585710782
1787729859.747663, NoOp Chain Depth 64 Size 0 Mode ref, Ref Stage 20, run, start, 9848925585722638
1787729859.747696, NoOp Chain Depth 64 Size 0 Mode ref, Ref Stage 20, run, end, 9848925585755134
1787729859.747711, NoOp Chain Depth 64 Size 0 Mode ref, Ref Stage 21, run, start, 9848925585770526
1787729859.747733, NoOp Chain Depth 64 Size 0 Mode ref, Ref Stage 21, run, end, 9848925585792702
1787729859.747750, NoOp Chain Depth 64 Size 0 Mode ref, Ref Stage 22, run, start, 9848925585808974
1787729859.747772, NoOp Chain Depth 64 Size 0 Mode ref, Ref Stage 22, run, end, 9848925585831102
1787729859.747787, NoOp Chain Depth 64 Size 0 Mode ref, Ref Stage 23, run, start, 9848925585846318
1787729859.747811, NoOp Chain Depth 64 Size 0 Mode ref, Ref Stage 23, run, end, 9848925585870398
1787729859.747825, NoOp Chain Depth 64 Size 0 Mode ref, Ref Stage 24, run, start, 9848925585884286
1787729859.747957, NoOp Chain Depth 64 Size 0 Mode ref, Ref Stage 24, run, end, 9848925586016462
1787729859.747973, NoOp Chain Depth 64 Size 0 Mode ref, Ref Stage 25, run, start, 9848925586032590
1787729859.747995, NoOp Chain Depth 64 Size 0 Mode ref, Ref Stage 25, run, end, 9848925586054702
1787729859.748011, NoOp Chain Depth 64 Size 0 Mode ref, Ref Stage 26, run, start, 9848925586070142
1787729859.748033, NoOp Chain Depth 64 Size 0 Mode ref, Ref Stage 26, run, end, 9848925586092414
1787729859.748048, NoOp Chain Depth 64 Size 0 Mode ref, Ref Stage 27, run, start, 9848925586107518
1787729859.748072, NoOp Chain Depth 64 Size 0 Mode ref, Ref Stage 27, run, end, 9848925586131390
1787729859.748084, NoOp Chain Depth 64 Size 0 Mode ref, Ref Stage 28, run, start, 9848925586143406
1787729859.748116, NoOp Chain Depth 64 Size 0 Mode ref, Ref Stage 28, run, end, 9848925586175982
1787729859.748133, NoOp Chain Depth 64 Size 0 Mode ref, Ref Stage 29, run, start, 9848925586192414
1787729859.748155, NoOp Chain Depth 64 Size 0 Mode ref, Ref Stage 29, run, end, 9848925586214622
1787729859.748273, NoOp Chain Depth 64 Size 0 Mode ref, Ref Stage 30, run, start, 9848925586332830
1787729859.748296, NoOp Chain Depth 64 Size 0 Mode ref, Ref Stage 30, run, end, 9848925586355326
1787729859.748313, NoOp Chain Depth 64 Size 0 Mode ref, Ref Stage 31, run, start, 9848925586372494
1787729859.748337, NoOp Chain Depth 64 Size 0 Mode ref, Ref Stage 31, run, end, 9848925586396414
1787729859.748349, NoOp Chain Depth 64 Size 0 Mode ref, Ref Stage 32, run, start, 9848925586408798
1787729859.748382, NoOp Chain Depth 64 Size 0 Mode ref, Ref Stage 32, run, end, 9848925586441310
1787729859.748397, NoOp Chain Depth 64 Size 0 Mode ref, Ref Stage 33, run, start, 9848925586456622
1787729859.748420, NoOp Chain Depth 64 Size 0 Mode ref, Ref Stage 33, run, end, 9848925586478862
1787729859.748436, NoOp Chain Depth 64 Size 0 Mode ref, Ref Stage 34, run, start, 9848925586495022
1787729859.748457, NoOp Chain Depth 64 Size 0 Mode ref, Ref Stage 34, run, end, 9848925586516862
1787729859.748473, NoOp Chain Depth 64 Size 0 Mode ref, Ref Stage 35, run, start, 9848925586532126
1787729859.748498, NoOp Chain Depth 64 Size 0 Mode ref, Ref Stage 35, run, end, 9848925586557614
1787729859.748510, NoOp Chain Depth 64 Size 0 Mode ref, Ref Stage 36, run, start, 9848925586569726
1787729859.748642, NoOp Chain Depth 64 Size 0 Mode ref, Ref Stage 36, run, end, 9848925586702014
1787729859.748658, NoOp Chain Depth 64 Size 0 Mode ref, Ref Stage 37, run, start, 9848925586717198
1787729859.748680, NoOp Chain Depth 64 Size 0 Mode ref, Ref Stage 37, run, end, 9848925586739342
1787729859.748695, NoOp Chain Depth 64 Size 0 Mode ref, Ref Stage 38, run, start, 9848925586754638
1787729859.748718, NoOp Chain Depth 64 Size 0 Mode ref, Ref Stage 38, run, end, 9848925586776830
1787729859.748733, NoOp Chain Depth 64 Size 0 Mode ref, Ref Stage 39, run, start, 9848925586792318
1787729859.748757, NoOp Chain Depth 64 Size 0 Mode ref, Ref Stage 39, run, end, 9848925586816254
1787729859.748769, NoOp Chain Depth 64 Size 0 Mode ref, Ref Stage 40, run, start, 9848925586828206
1787729859.748799, NoOp Chain Depth 64 Size 0 Mode ref, Ref Stage 40, run, end, 9848925586858605
1787729859.748914, NoOp Chain Depth 64 Size 0 Mode ref, Ref Stage 41, run, start, 9848925586973741
1787729859.748937, NoOp Chain Depth 64 Size 0 Mode ref, Ref Stage 41, run, end, 9848925586996365
1787729859.748954, NoOp Chain Depth 64 Size 0 Mode ref, Ref Stage 42, run, start, 9848925587012989
1787729859.748976, NoOp Chain Depth 64 Size 0 Mode ref, Ref Stage 42, run, end, 9848925587035677
1787729859.748992, NoOp Chain Depth 64 Size 0 Mode ref, Ref Stage 43, run, start, 9848925587051181
1787729859.749014, NoOp Chain Depth 64 Size 0 Mode ref, Ref Stage 43, run, end, 9848925587073181
1787729859.749029, NoOp Chain Depth 64 Size 0 Mode ref, Ref Stage 44, run, start, 9848925587088317
1787729859.749051, NoOp Chain Depth 64 Size 0 Mode ref, Ref Stage 44, run, end, 9848925587110141
1787729859.749066, NoOp Chain Depth 64 Size 0 Mode ref, Ref Stage 45, run, start, 9848925587125021
1787729859.749088, NoOp Chain Depth 64 Size 0 Mode ref, Ref Stage 45, run, end, 9848925587146717
1787729859.749102, NoOp Chain Depth 64 Size 0 Mode ref, Ref Stage 46, run, start, 9848925587161805
1787729859.749126, NoOp Chain Depth 64 Size 0 Mode ref, Ref Stage 46, run, end, 9848925587185293
1787729859.749138, NoOp Chain Depth 64 Size 0 Mode ref, Ref Stage 47, run, start, 9848925587197229
1787729859.749170, NoOp Chain Depth 64 Size 0 Mode ref, Ref Stage 47, run, end, 9848925587229533
1787729859.749286, NoOp Chain Depth 64 Size 0 Mode ref, Ref Stage 48, run, start, 9848925587345853
1787729859.749309, NoOp Chain Depth 64 Size 0 Mode ref, Ref Stage 48, run, end, 9848925587368349
1787729859.749324, NoOp Chain Depth 64 Size 0 Mode ref, Ref Stage 49, run, start, 9848925587383693
1787729859.749346, NoOp Chain Depth 64 Size 0 Mode ref, Ref Stage 49, run, end, 9848925587405581
1787729859.749362, NoOp Chain Depth 64 Size 0 Mode ref, Ref Stage 50, run, start, 9848925587420813
1787729859.749384, NoOp Chain Depth 64 Size 0 Mode ref, Ref Stage 50, run, end, 9848925587443165
1787729859.749399, NoOp Chain Depth 64 Size 0 Mode ref, Ref Stage 51, run, start, 9848925587458717
1787729859.749421, NoOp Chain Depth 64 Size 0 Mode ref, Ref Stage 51, run, end, 9848925587480685
1787729859.749438, NoOp Chain Depth 64 Size 0 Mode ref, Ref Stage 52, run, start, 9848925587497565
1787729859.749460, NoOp Chain Depth 64 Size 0 Mode ref, Ref Stage 52, run, end, 9848925587519773
1787729859.749576, NoOp Chain Depth 64 Size 0 Mode ref, Ref Stage 53, run, start, 9848925587635629
1787729859.749599, NoOp Chain Depth 64 Size 0 Mode ref, Ref Stage 53, run, end, 9848925587658525
1787729859.749614, NoOp Chain Depth 64 Size 0 Mode ref, Ref Stage 54, run, start, 9848925587673805
1787729859.749638, NoOp Chain Depth 64 Size 0 Mode ref, Ref Stage 54, run, end, 9848925587697389
1787729859.749650, NoOp Chain Depth 64 Size 0 Mode ref, Ref Stage 55, run, start, 9848925587709533
1787729859.749683, NoOp Chain Depth 64 Size 0 Mode ref, Ref Stage 55, run, end, 9848925587742589
1787729859.749699, NoOp Chain Depth 64 Size 0 Mode ref, Ref Stage 56, run, start, 9848925587757741
1787729859.749720, NoOp Chain Depth 64 Size 0 Mode ref, Ref Stage 56, run, end, 9848925587779629
1787729859.749737, NoOp Chain Depth 64 Size 0 Mode ref, Ref Stage 57, run, start, 9848925587795885
1787729859.749759, NoOp Chain Depth 64 Size 0 Mode ref, Ref Stage 57, run, end, 9848925587817981
1787729859.749774, NoOp Chain Depth 64 Size 0 Mode ref, Ref Stage 58, run, start, 9848925587833437
1787729859.749796, NoOp Chain Depth 64 Size 0 Mode ref, Ref Stage 58, run, end, 9848925587855645
1787729859.749812, NoOp Chain Depth 64 Size 0 Mode ref, Ref Stage 59, run, start, 9848925587870925
1787729859.749839, NoOp Chain Depth 64 Size 0 Mode ref, Ref Stage 59, run, end, 9848925587897901
1787729859.749851, NoOp Chain Depth 64 Size 0 Mode ref, Ref Stage 60, run, start, 9848925587909885
1787729859.749985, NoOp Chain Depth 64 Size 0 Mode ref, Ref Stage 60, run, end, 9848925588044413
1787729859.750001, NoOp Chain Depth 64 Size 0 Mode ref, Ref Stage 61, run, start, 9848925588060013
1787729859.750023, NoOp Chain Depth 64 Size 0 Mode ref, Ref Stage 61, run, end, 9848925588082029
1787729859.750038, NoOp Chain Depth 64 Size 0 Mode ref, Ref Stage 62, run, start, 9848925588097293
1787729859.750060, NoOp Chain Depth 64 Size 0 Mode ref, Ref Stage 62, run, end, 9848925588119325
1787729859.750075, NoOp Chain Depth 64 Size 0 Mode ref, Ref Stage 63, run, start, 9848925588134877
1787729859.750097, NoOp Chain Depth 64 Size 0 Mode ref, Ref Stage 63, run, end, 9848925588156173
1787729859.750113, NoOp Chain Depth 64 Size 0 Mode ref, pipeline - train, run, end, 198950234816978908157774427229130912209, 1787729859.746423, 97, 1, 9848925588172029
1787729859.750249, NoOp Chain Depth 64 Size 0 Mode ref, pipeline - train, run, start, 43319172116106843062487548396117177461, 1787729859.750239, 98, 1, 9848925588308477
1787729859.750272, NoOp Chain Depth 64 Size 0 Mode ref, Ref Stage 0, run, start, 9848925588331805
1787729859.750297, NoOp Chain Depth 64 Size 0 Mode ref, Ref Stage 0, run, end, 9848925588356045
1787729859.750309, NoOp Chain Depth 64 Size 0 Mode ref, Ref Stage 1, run, start, 9848925588368077
1787729859.750344, NoOp Chain Depth 64 Size 0 Mode ref, Ref Stage 1, run, end, 9848925588403197
1787729859.750356, NoOp Chain Depth 64 Size 0 Mode ref, Ref Stage 2, run, start, 9848925588415197
1787729859.750388, NoOp Chain Depth 64 Size 0 Mode ref, Ref Stage 2, run, end, 9848925588447245
1787729859.750404, NoOp Chain Depth 64 Size 0 Mode ref, Ref Stage 3, run, start, 9848925588463053
1787729859.750427, NoOp Chain Depth 64 Size 0 Mode ref, Ref Stage 3, run, end, 9848925588486493
1787729859.750443, NoOp Chain Depth 64 Size 0 Mode ref, Ref Stage 4, run, start, 9848925588502061
1787729859.750465, NoOp Chain Depth 64 Size 0 Mode ref, Ref Stage 4, run, end, 9848925588524157
1787729859.750480, NoOp Chain Depth 64 Size 0 Mode ref, Ref Stage 5, run, start, 9848925588539565
1787729859.750502, NoOp Chain Depth 64 Size 0 Mode ref, Ref Stage 5, run, end, 9848925588561565
1787729859.750620, NoOp Chain Depth 64 Size 0 Mode ref, Ref Stage 6, run, start, 9848925588679501
1787729859.750643, NoOp Chain Depth 64 Size 0 Mode ref, Ref Stage 6, run, end, 9848925588702093
1787729859.750658, NoOp Chain Depth 64 Size 0 Mode ref, Ref Stage 7, run, start, 9848925588717437
1787729859.750682, NoOp Chain Depth 64 Size 0 Mode ref, Ref Stage 7, run, end, 9848925588741069
1787729859.750697, NoOp Chain Depth 64 Size 0 Mode ref, Ref Stage 8, run, start, 9848925588756301
1787729859.750719, NoOp Chain Depth 64 Size 0 Mode ref, Ref Stage 8, run, end, 9848925588778444
1787729859.750735, NoOp Chain Depth 64 Size 0 Mode ref, Ref Stage 9, run, start, 9848925588794092
1787729859.750757, NoOp Chain Depth 64 Size 0 Mode ref, Ref Stage 9, run, end, 9848925588816252
1787729859.750772, NoOp Chain Depth 64 Size 0 Mode ref, Ref Stage 10, run, start, 9848925588831772
1787729859.750794, NoOp Chain Depth 64 Size 0 Mode ref, Ref Stage 10, run, end, 9848925588853660
1787729859.750906, NoOp Chain Depth 64 Size 0 Mode ref, Ref Stage 11, run, start, 9848925588965964
1787729859.750929, NoOp Chain Depth 64 Size 0 Mode ref, Ref Stage 11, run, end, 9848925588988460
1787729859.750946, NoOp Chain Depth 64 Size 0 Mode ref, Ref Stage 12, run, start, 9848925589005532
1787729859.750971, NoOp Chain Depth 64 Size 0 Mode ref, Ref Stage 12, run, end, 9848925589029948
1787729859.750983, NoOp Chain Depth 64 Size 0 Mode ref, Ref Stage 13, run, start, 9848925589042092
1787729859.751016, NoOp Chain Depth 64 Size 0 Mode ref, Ref Stage 13, run, end, 9848925589074988
1787729859.751031, NoOp Chain Depth 64 Size 0 Mode ref, Ref Stage 14, run, start, 9848925589090412
1787729859.751053, NoOp Chain Depth 64 Size 0 Mode ref, Ref Stage 14, run, end, 9848925589112284
1787729859.751068, NoOp Chain Depth 64 Size 0 Mode ref, Ref Stage 15, run, start, 9848925589127452
1787729859.751093, NoOp Chain Depth 64 Size 0 Mode ref, Ref Stage 15, run, end, 9848925589152348
1787729859.751105, NoOp Chain Depth 64 Size 0 Mode ref, Ref Stage 16, run, start, 9848925589164780
1787729859.751138, NoOp Chain Depth 64 Size 0 Mode ref, Ref Stage 16, run, end, 9848925589197404
1787729859.751153, NoOp Chain Depth 64 Size 0 Mode ref, Ref Stage 17, run, start, 9848925589212668
1787729859.751175, NoOp Chain Depth 64 Size 0 Mode ref, Ref Stage 17, run, end, 9848925589234764
1787729859.751296, NoOp Chain Depth 64 Size 0 Mode ref, Ref Stage 18, run, start, 9848925589355212
1787729859.751318, NoOp Chain Depth 64 Size 0 Mode ref, Ref Stage 18, run, end, 9848925589377340
1787729859.751333, NoOp Chain Depth 64 Size 0 Mode ref, Ref Stage 19, run, start, 9848925589392812
1787729859.751355, NoOp Chain Depth 64 Size 0 Mode ref, Ref Stage 19, run, end, 9848925589414444
1787729859.751370, NoOp Chain Depth 64 Size 0 Mode ref, Ref Stage 20, run, start, 9848925589429708
1787729859.751393, NoOp Chain Depth 64 Size 0 Mode ref, Ref Stage 20, run, end, 9848925589451964
1787729859.751408, NoOp Chain Depth 64 Size 0 Mode ref, Ref Stage 21, run, start, 9848925589467324
1787729859.751430, NoOp Chain Depth 64 Size 0 Mode ref, Ref Stage 21, run, end, 9848925589489100
1787729859.751445, NoOp Chain Depth 64 Size 0 Mode ref, Ref Stage 22, run, start, 9848925589504460
1787729859.751470, NoOp Chain Depth 64 Size 0 Mode ref, Ref Stage 22, run, end, 9848925589529436
1787729859.751482, NoOp Chain Depth 64 Size 0 Mode ref, Ref Stage 23, run, start, 9848925589541436
1787729859.751617, NoOp Chain Depth 64 Size 0 Mode ref, Ref Stage 23, run, end, 9848925589676972
1787729859.751633, NoOp Chain Depth 64 Size 0 Mode ref, Ref Stage 24, run, start, 9848925589692380
1787729859.751655, NoOp Chain Depth 64 Size 0 Mode ref, Ref Stage 24, run, end, 9848925589714444
1787729859.751671, NoOp Chain Depth 64 Size 0 Mode ref, Ref Stage 25, run, start, 9848925589729836
1787729859.751693, NoOp Chain Depth 64 Size 0 Mode ref, Ref Stage 25, run, end, 9848925589751788
1787729859.751708, NoOp Chain Depth 64 Size 0 Mode ref, Ref Stage 26, run, start, 9848925589767164
1787729859.751732, NoOp Chain Depth 64 Size 0 Mode ref, Ref Stage 26, run, end, 9848925589791116
1787729859.751744, NoOp Chain Depth 64 Size 0 Mode ref, Ref Stage 27, run, start, 9848925589803164
1787729859.751776, NoOp Chain Depth 64 Size 0 Mode ref, Ref Stage 27, run, end, 9848925589835772
1787729859.751793, NoOp Chain Depth 64 Size 0 Mode ref, Ref Stage 28, run, start, 9848925589852796
1787729859.751818, NoOp Chain Depth 64 Size 0 Mode ref, Ref Stage 28, run, end, 9848925589877948
1787729859.751940, NoOp Chain Depth 64 Size 0 Mode ref, Ref Stage 29, run, start, 9848925589999388
1787729859.751965, NoOp Chain Depth 64 Size 0 Mode ref, Ref Stage 29, run, end, 9848925590024124
1787729859.751980, NoOp Chain Depth 64 Size 0 Mode ref, Ref Stage 30, run, start, 9848925590039436
1787729859.752002, NoOp Chain Depth 64 Size 0 Mode ref, Ref Stage 30, run, end, 9848925590061468
1787729859.752017, NoOp Chain Depth 64 Size 0 Mode ref, Ref Stage 31, run, start, 9848925590076764
1787729859.752039, NoOp Chain Depth 64 Size 0 Mode ref, Ref Stage 31, run, end, 9848925590098636
1787729859.752054, NoOp Chain Depth 64 Size 0 Mode ref, Ref Stage 32, run, start, 9848925590113820
1787729859.752077, NoOp Chain Depth 64 Size 0 Mode ref, Ref Stage 32, run, end, 9848925590135836
1787729859.752092, NoOp Chain Depth 64 Size 0 Mode ref, Ref Stage 33, run, start, 9848925590151388
1787729859.752114, NoOp Chain Depth 64 Size 0 Mode ref, Ref Stage 33, run, end, 9848925590173036
1787729859.752230, NoOp Chain Depth 64 Size 0 Mode ref, Ref Stage 34, run, start, 9848925590289340
1787729859.752252, NoOp Chain Depth 64 Size 0 Mode ref, Ref Stage 34, run, end, 9848925590311692
1787729859.752268, NoOp Chain Depth 64 Size 0 Mode ref, Ref Stage 35, run, start, 9848925590327372
1787729859.752290, NoOp Chain Depth 64 Size 0 Mode ref, Ref Stage 35, run, end, 9848925590349532
1787729859.752306, NoOp Chain Depth 64 Size 0 Mode ref, Ref Stage 36, run, start, 9848925590364924
1787729859.752328, NoOp Chain Depth 64 Size 0 Mode ref, Ref Stage 36, run, end, 9848925590387020
1787729859.752343, NoOp Chain Depth 64 Size 0 Mode ref, Ref Stage 37, run, start, 9848925590402316
1787729859.752365, NoOp Chain Depth 64 Size 0 Mode ref, Ref Stage 37, run, end, 9848925590424428
1787729859.752380, NoOp Chain Depth 64 Size 0 Mode ref, Ref Stage 38, run, start, 9848925590439724
1787729859.752402, NoOp Chain Depth 64 Size 0 Mode ref, Ref Stage 38, run, end, 9848925590461132
1787729859.752417, NoOp Chain Depth 64 Size 0 Mode ref, Ref Stage 39, run, start, 9848925590476604
1787729859.752439, NoOp Chain Depth 64 Size 0 Mode ref, Ref Stage 39, run, end, 9848925590498652
1787729859.752455, NoOp Chain Depth 64 Size 0 Mode ref, Ref Stage 40, run, start, 9848925590514028
1787729859.752480, NoOp Chain Depth 64 Size 0 Mode ref, Ref Stage 40, run, end, 9848925590538940
1787729859.752491, NoOp Chain Depth 64 Size 0 Mode ref, Ref Stage 41, run, start, 9848925590550988
1787729859.752622, NoOp Chain Depth 64 Size 0 Mode ref, Ref Stage 41, run, end, 9848925590681804
1787729859.752637, NoOp Chain Depth 64 Size 0 Mode ref, Ref Stage 42, run, start, 9848925590696972
1787729859.752660, NoOp Chain Depth 64 Size 0 Mode ref, Ref Stage 42, run, end, 9848925590719020
1787729859.752675, NoOp Chain Depth 64 Size 0 Mode ref, Ref Stage 43, run, start, 9848925590734444
1787729859.752697, NoOp Chain Depth 64 Size 0 Mode ref, Ref Stage 43, run, end, 9848925590756028
1787729859.752712, NoOp Chain Depth 64 Size 0 Mode ref, Ref Stage 44, run, start, 9848925590771404
1787729859.752734, NoOp Chain Depth 64 Size 0 Mode ref, Ref Stage 44, run, end, 9848925590793100
1787729859.752749, NoOp Chain Depth 64 Size 0 Mode ref, Ref Stage 45, run, start, 9848925590808075
1787729859.752772, NoOp Chain Depth 64 Size 0 Mode ref, Ref Stage 45, run, end, 9848925590831659
1787729859.752784, NoOp Chain Depth 64 Size 0 Mode ref, Ref Stage 46, run, start, 9848925590843579
1787729859.752822, NoOp Chain Depth 64 Size 0 Mode ref, Ref Stage 46, run, end, 9848925590881339
1787729859.752835, NoOp Chain Depth 64 Size 0 Mode ref, Ref Stage 47, run, start, 9848925590894379
1787729859.752969, NoOp Chain Depth 64 Size 0 Mode ref, Ref Stage 47, run, end, 9848925591028811
1787729859.752985, NoOp Chain Depth 64 Size 0 Mode ref, Ref Stage 48, run, start, 9848925591044155
1787729859.753007, NoOp Chain Depth 64 Size 0 Mode ref, Ref Stage 48, run, end, 9848925591066347
1787729859.753024, NoOp Chain Depth 64 Size 0 Mode ref, Ref Stage 49, run, start, 9848925591083483
1787729859.753046, NoOp Chain Depth 64 Size 0 Mode ref, Ref Stage 49, run, end, 9848925591105451
1787729859.753061, NoOp Chain Depth 64 Size 0 Mode ref, Ref Stage 50, run, start, 9848925591120795
1787729859.753084, NoOp Chain Depth 64 Size 0 Mode ref, Ref Stage 50, run, end, 9848925591142907
1787729859.753099, NoOp Chain Depth 64 Size 0 Mode ref, Ref Stage 51, run, start, 9848925591158155
1787729859.753121, NoOp Chain Depth 64 Size 0 Mode ref, Ref Stage 51, run, end, 9848925591180123
1787729859.753136, NoOp Chain Depth 64 Size 0 Mode ref, Ref Stage 52, run, start, 9848925591195595
1787729859.753160, NoOp Chain Depth 64 Size 0 Mode ref, Ref Stage 52, run, end, 9848925591219067
1787729859.753174, NoOp Chain Depth 64 Size 0 Mode ref, Ref Stage 53, run, start, 9848925591233131
1787729859.753305, NoOp Chain Depth 64 Size 0 Mode ref, Ref Stage 53, run, end, 9848925591364219
1787729859.753320, NoOp Chain Depth 64 Size 0 Mode ref, Ref Stage 54, run, start, 9848925591379707
1787729859.753342, NoOp Chain Depth 64 Size 0 Mode ref, Ref Stage 54, run, end, 9848925591401851
1787729859.753358, NoOp Chain Depth 64 Size 0 Mode ref, Ref Stage 55, run, start, 9848925591417307
1787729859.753380, NoOp Chain Depth 64 Size 0 Mode ref, Ref Stage 55, run, end, 9848925591439067
1787729859.753395, NoOp Chain Depth 64 Size 0 Mode ref, Ref Stage 56, run, start, 9848925591454283
1787729859.753418, NoOp Chain Depth 64 Size 0 Mode ref, Ref Stage 56, run, end, 9848925591477643
1787729859.753434, NoOp Chain Depth 64 Size 0 Mode ref, Ref Stage 57, run, start, 9848925591493003
1787729859.753456, NoOp Chain Depth 64 Size 0 Mode ref, Ref Stage 57, run, end, 9848925591514811
1787729859.753471, NoOp Chain Depth 64 Size 0 Mode ref, Ref Stage 58, run, start, 9848925591530443
1787729859.753496, NoOp Chain Depth 64 Size 0 Mode ref, Ref Stage 58, run, end, 9848925591555547
1787729859.753508, NoOp Chain Depth 64 Size 0 Mode ref, Ref Stage 59, run, start, 9848925591567563
1787729859.753639, NoOp Chain Depth 64 Size 0 Mode ref, Ref Stage 59, run, end, 9848925591698859
1787729859.753654, NoOp Chain Depth 64 Size 0 Mode ref, Ref Stage 60, run, start, 9848925591713915
1787729859.753677, NoOp Chain Depth 64 Size 0 Mode ref, Ref Stage 60, run, end, 9848925591736315
1787729859.753692, NoOp Chain Depth 64 Size 0 Mode ref, Ref Stage 61, run, start, 9848925591751787
1787729859.753715, NoOp Chain Depth 64 Size 0 Mode ref, Ref Stage 61, run, end, 9848925591774043
1787729859.753730, NoOp Chain Depth 64 Size 0 Mode ref, Ref Stage 62, run, start, 9848925591789211
1787729859.753752, NoOp Chain Depth 64 Size 0 Mode ref, Ref Stage 62, run, end, 9848925591810811
1787729859.753767, NoOp Chain Depth 64 Size 0 Mode ref, Ref Stage 63, run, start, 9848925591826363
1787729859.753789, NoOp Chain Depth 64 Size 0 Mode ref, Ref Stage 63, run, end, 9848925591847947
1787729859.753804, NoOp Chain Depth 64 Size 0 Mode ref, pipeline - train, run, end, 43319172116106843062487548396117177461, 1787729859.750239, 98, 1, 9848925591863339
1787729859.753946, NoOp Chain Depth 64 Size 0 Mode ref, pipeline - train, run, start, 199742295041736600976103405899707805560, 1787729859.753835, 99, 1, 9848925592005611
1787729859.753971, NoOp Chain Depth 64 Size 0 Mode ref, Ref Stage 0, run, start, 9848925592031163
1787729859.753994, NoOp Chain Depth 64 Size 0 Mode ref, Ref Stage 0, run, end, 9848925592053627
1787729859.754010, NoOp Chain Depth 64 Size 0 Mode ref, Ref Stage 1, run, start, 9848925592069243
1787729859.754032, NoOp Chain Depth 64 Size 0 Mode ref, Ref Stage 1, run, end, 9848925592091307
1787729859.754048, NoOp Chain Depth 64 Size 0 Mode ref, Ref Stage 2, run, start, 9848925592106971
1787729859.754070, NoOp Chain Depth 64 Size 0 Mode ref, Ref Stage 2, run, end, 9848925592128731
1787729859.754085, NoOp Chain Depth 64 Size 0 Mode ref, Ref Stage 3, run, start, 9848925592144107
1787729859.754107, NoOp Chain Depth 64 Size 0 Mode ref, Ref Stage 3, run, end, 9848925592165755
1787729859.754122, NoOp Chain Depth 64 Size 0 Mode ref, Ref Stage 4, run, start, 9848925592181115
1787729859.754145, NoOp Chain Depth 64 Size 0 Mode ref, Ref Stage 4, run, end, 9848925592204603
1787729859.754262, NoOp Chain Depth 64 Size 0 Mode ref, Ref Stage 5, run, start, 9848925592321963
1787729859.754285, NoOp Chain Depth 64 Size 0 Mode ref, Ref Stage 5, run, end, 9848925592344635
1787729859.754301, NoOp Chain Depth 64 Size 0 Mode ref, Ref Stage 6, run, start, 9848925592360203
1787729859.754323, NoOp Chain Depth 64 Size 0 Mode ref, Ref Stage 6, run, end, 9848925592382539
1787729859.754338, NoOp Chain Depth 64 Size 0 Mode ref, Ref Stage 7, run, start, 9848925592397739
1787729859.754361, NoOp Chain Depth 64 Size 0 Mode ref, Ref Stage 7, run, end, 9848925592419819
1787729859.754376, NoOp Chain Depth 64 Size 0 Mode ref, Ref Stage 8, run, start, 9848925592435099
1787729859.754398, NoOp Chain Depth 64 Size 0 Mode ref, Ref Stage 8, run, end, 9848925592457259
1787729859.754413, NoOp Chain Depth 64 Size 0 Mode ref, Ref Stage 9, run, start, 9848925592472635
1787729859.754435, NoOp Chain Depth 64 Size 0 Mode ref, Ref Stage 9, run, end, 9848925592494635
1787729859.754450, NoOp Chain Depth 64 Size 0 Mode ref, Ref Stage 10, run, start, 9848925592509787
1787729859.754474, NoOp Chain Depth 64 Size 0 Mode ref, Ref Stage 10, run, end, 9848925592533563
1787729859.754486, NoOp Chain Depth 64 Size 0 Mode ref, Ref Stage 11, run, start, 9848925592545835
1787729859.754524, NoOp Chain Depth 64 Size 0 Mode ref, Ref Stage 11, run, end, 9848925592582811
1787729859.754539, NoOp Chain Depth 64 Size 0 Mode ref, Ref Stage 12, run, start, 9848925592598187
1787729859.754564, NoOp Chain Depth 64 Size 0 Mode ref, Ref Stage 12, run, end, 9848925592623067
1787729859.754576, NoOp Chain Depth 64 Size 0 Mode ref, Ref Stage 13, run, start, 9848925592634971
1787729859.754608, NoOp Chain Depth 64 Size 0 Mode ref, Ref Stage 13, run, end, 9848925592667306
1787729859.754624, NoOp Chain Depth 64 Size 0 Mode ref, Ref Stage 14, run, start, 9848925592683578
1787729859.754649, NoOp Chain Depth 64 Size 0 Mode ref, Ref Stage 14, run, end, 9848925592708618
1787729859.754663, NoOp Chain Depth 64 Size 0 Mode ref, Ref Stage 15, run, start, 9848925592721578
1787729859.754794, NoOp Chain Depth 64 Size 0 Mode ref, Ref Stage 15, run, end, 9848925592853610
1787729859.754810, NoOp Chain Depth 64 Size 0 Mode ref, Ref Stage 16, run, start, 9848925592869306
1787729859.754832, NoOp Chain Depth 64 Size 0 Mode ref, Ref Stage 16, run, end, 9848925592891322
1787729859.754848, NoOp Chain Depth 64 Size 0 Mode ref, Ref Stage 17, run, start, 9848925592906746
1787729859.754871, NoOp Chain Depth 64 Size 0 Mode ref, Ref Stage 17, run, end, 9848925592930474
1787729859.754883, NoOp Chain Depth 64 Size 0 Mode ref, Ref Stage 18, run, start, 9848925592942474
1787729859.754916, NoOp Chain Depth 64 Size 0 Mode ref, Ref Stage 18, run, end, 9848925592975210
1787729859.755034, NoOp Chain Depth 64 Size 0 Mode ref, Ref Stage 19, run, start, 9848925593093578
1787729859.755058, NoOp Chain Depth 64 Size 0 Mode ref, Ref Stage 19, run, end, 9848925593116938
1787729859.755073, NoOp Chain Depth 64 Size 0 Mode ref, Ref Stage 20, run, start, 9848925593132170
1787729859.755095, NoOp Chain Depth 64 Size 0 Mode ref, Ref Stage 20, run, end, 9848925593154362
1787729859.755110, NoOp Chain Depth 64 Size 0 Mode ref, Ref Stage 21, run, start, 9848925593169322
1787729859.755134, NoOp Chain Depth 64 Size 0 Mode ref, Ref Stage 21, run, end, 9848925593193178
1787729859.755146, NoOp Chain Depth 64 Size 0 Mode ref, Ref Stage 22, run, start, 9848925593205594
1787729859.755179, NoOp Chain Depth 64 Size 0 Mode ref, Ref Stage 22, run, end, 9848925593238042
1787729859.755194, NoOp Chain Depth 64 Size 0 Mode ref, Ref Stage 23, run, start, 9848925593253242
1787729859.755217, NoOp Chain Depth 64 Size 0 Mode ref, Ref Stage 23, run, end, 9848925593275866
1787729859.755233, NoOp Chain Depth 64 Size 0 Mode ref, Ref Stage 24, run, start, 9848925593292362
1787729859.755255, NoOp Chain Depth 64 Size 0 Mode ref, Ref Stage 24, run, end, 9848925593314346
1787729859.755270, NoOp Chain Depth 64 Size 0 Mode ref, Ref Stage 25, run, start, 9848925593329786
1787729859.755298, NoOp Chain Depth 64 Size 0 Mode ref, Ref Stage 25, run, end, 9848925593357498
1787729859.755310, NoOp Chain Depth 64 Size 0 Mode ref, Ref Stage 26, run, start, 9848925593369706
1787729859.755438, NoOp Chain Depth 64 Size 0 Mode ref, Ref Stage 26, run, end, 9848925593497514
1787729859.755454, NoOp Chain Depth 64 Size 0 Mode ref, Ref Stage 27, run, start, 9848925593513066
1787729859.755476, NoOp Chain Depth 64 Size 0 Mode ref, Ref Stage 27, run, end, 9848925593535082
1787729859.755491, NoOp Chain Depth 64 Size 0 Mode ref, Ref Stage 28, run, start, 9848925593550378
1787729859.755515, NoOp Chain Depth 64 Size 0 Mode ref, Ref Stage 28, run, end, 9848925593574490
1787729859.755527, NoOp Chain Depth 64 Size 0 Mode ref, Ref Stage 29, run, start, 9848925593586490
1787729859.755562, NoOp Chain Depth 64 Size 0 Mode ref, Ref Stage 29, run, end, 9848925593620714
1787729859.755574, NoOp Chain Depth 64 Size 0 Mode ref, Ref Stage 30, run, start, 9848925593633610
1787729859.755709, NoOp Chain Depth 64 Size 0 Mode ref, Ref Stage 30, run, end, 9848925593768282
1787729859.755724, NoOp Chain Depth 64 Size 0 Mode ref, Ref Stage 31, run, start, 9848925593783770
1787729859.755747, NoOp Chain Depth 64 Size 0 Mode ref, Ref Stage 31, run, end, 9848925593805738
1787729859.755762, NoOp Chain Depth 64 Size 0 Mode ref, Ref Stage 32, run, start, 9848925593821130
1787729859.755784, NoOp Chain Depth 64 Size 0 Mode ref, Ref Stage 32, run, end, 9848925593843226
1787729859.755799, NoOp Chain Depth 64 Size 0 Mode ref, Ref Stage 33, run, start, 9848925593858506
1787729859.755823, NoOp Chain Depth 64 Size 0 Mode ref, Ref Stage 33, run, end, 9848925593882090
1787729859.755835, NoOp Chain Depth 64 Size 0 Mode ref, Ref Stage 34, run, start, 9848925593894026
1787729859.755869, NoOp Chain Depth 64 Size 0 Mode ref, Ref Stage 34, run, end, 9848925593928986
1787729859.755882, NoOp Chain Depth 64 Size 0 Mode ref, Ref Stage 35, run, start, 9848925593940778
1787729859.755914, NoOp Chain Depth 64 Size 0 Mode ref, Ref Stage 35, run, end, 9848925593973002
1787729859.755930, NoOp Chain Depth 64 Size 0 Mode ref, Ref Stage 36, run, start, 9848925593989242
1787729859.755954, NoOp Chain Depth 64 Size 0 Mode ref, Ref Stage 36, run, end, 9848925594013050
1787729859.756073, NoOp Chain Depth 64 Size 0 Mode ref, Ref Stage 37, run, start, 9848925594132058
1787729859.756095, NoOp Chain Depth 64 Size 0 Mode ref, Ref Stage 37, run, end, 9848925594154410
1787729859.756110, NoOp Chain Depth 64 Size 0 Mode ref, Ref Stage 38, run, start, 9848925594169626
1787729859.756132, NoOp Chain Depth 64 Size 0 Mode ref, Ref Stage 38, run, end, 9848925594191370
1787729859.756147, NoOp Chain Depth 64 Size 0 Mode ref, Ref Stage 39, run, start, 9848925594206666
1787729859.756171, NoOp Chain Depth 64 Size 0 Mode ref, Ref Stage 39, run, end, 9848925594230522
1787729859.756183, NoOp Chain Depth 64 Size 0 Mode ref, Ref Stage 40, run, start, 9848925594242586
1787729859.756216, NoOp Chain Depth 64 Size 0 Mode ref, Ref Stage 40, run, end, 9848925594275498
1787729859.756231, NoOp Chain Depth 64 Size 0 Mode ref, Ref Stage 41, run, start, 9848925594290234
1787729859.756253, NoOp Chain Depth 64 Size 0 Mode ref, Ref Stage 41, run, end, 9848925594312202
1787729859.756373, NoOp Chain Depth 64 Size 0 Mode ref, Ref Stage 42, run, start, 9848925594432778
1787729859.756396, NoOp Chain Depth 64 Size 0 Mode ref, Ref Stage 42, run, end, 9848925594455178
1787729859.756411, NoOp Chain Depth 64 Size 0 Mode ref, Ref Stage 43, run, start, 9848925594470810
1787729859.756434, NoOp Chain Depth 64 Size 0 Mode ref, Ref Stage 43, run, end, 9848925594493194
1787729859.756449, NoOp Chain Depth 64 Size 0 Mode ref, Ref Stage 44, run, start, 9848925594507962
1787729859.756471, NoOp Chain Depth 64 Size 0 Mode ref, Ref Stage 44, run, end, 9848925594530106
1787729859.756486, NoOp Chain Depth 64 Size 0 Mode ref, Ref Stage 45, run, start, 9848925594545546
1787729859.756510, NoOp Chain Depth 64 Size 0 Mode ref, Ref Stage 45, run, end, 9848925594568698
1787729859.756521, NoOp Chain Depth 64 Size 0 Mode ref, Ref Stage 46, run, start, 9848925594580890
1787729859.756555, NoOp Chain Depth 64 Size 0 Mode ref, Ref Stage 46, run, end, 9848925594614521
1787729859.756570, NoOp Chain Depth 64 Size 0 Mode ref, Ref Stage 47, run, start, 9848925594629801
1787729859.756596, NoOp Chain Depth 64 Size 0 Mode ref, Ref Stage 47, run, end, 9848925594655497
1787729859.756608, NoOp Chain Depth 64 Size 0 Mode ref, Ref Stage 48, run, start, 9848925594667593
1787729859.756638, NoOp Chain Depth 64 Size 0 Mode ref, Ref Stage 48, run, end, 9848925594697353
1787729859.756755, NoOp Chain Depth 64 Size 0 Mode ref, Ref Stage 49, run, start, 9848925594814057
1787729859.756778, NoOp Chain Depth 64 Size 0 Mode ref, Ref Stage 49, run, end, 9848925594836761
1787729859.756793, NoOp Chain Depth 64 Size 0 Mode ref, Ref Stage 50, run, start, 9848925594852393
1787729859.756815, NoOp Chain Depth 64 Size 0 Mode ref, Ref Stage 50, run, end, 9848925594874505
1787729859.756830, NoOp Chain Depth 64 Size 0 Mode ref, Ref Stage 51, run, start, 9848925594889513
1787729859.756854, NoOp Chain Depth 64 Size 0 Mode ref, Ref Stage 51, run, end, 9848925594913289
1787729859.756866, NoOp Chain Depth 64 Size 0 Mode ref, Ref Stage 52, run, start, 9848925594925193
1787729859.756899, NoOp Chain Depth 64 Size 0 Mode ref, Ref Stage 52, run, end, 9848925594957881
1787729859.756914, NoOp Chain Depth 64 Size 0 Mode ref, Ref Stage 53, run, start, 9848925594972969
1787729859.756936, NoOp Chain Depth 64 Size 0 Mode ref, Ref Stage 53, run, end, 9848925594994985
1787729859.757054, NoOp Chain Depth 64 Size 0 Mode ref, Ref Stage 54, run, start, 9848925595113225
1787729859.757077, NoOp Chain Depth 64 Size 0 Mode ref, Ref Stage 54, run, end, 9848925595136249
1787729859.757092, NoOp Chain Depth 64 Size 0 Mode ref, Ref Stage 55, run, start, 9848925595151401
1787729859.757114, NoOp Chain Depth 64 Size 0 Mode ref, Ref Stage 55, run, end, 9848925595173097
1787729859.757129, NoOp Chain Depth 64 Size 0 Mode ref, Ref Stage 56, run, start, 9848925595188281
1787729859.757151, NoOp Chain Depth 64 Size 0 Mode ref, Ref Stage 56, run, end, 9848925595209961
1787729859.757166, NoOp Chain Depth 64 Size 0 Mode ref, Ref Stage 57, run, start, 9848925595225385
1787729859.757190, NoOp Chain Depth 64 Size 0 Mode ref, Ref Stage 57, run, end, 9848925595249049
1787729859.757202, NoOp Chain Depth 64 Size 0 Mode ref, Ref Stage 58, run, start, 9848925595261481
1787729859.757234, NoOp Chain Depth 64 Size 0 Mode ref, Ref Stage 58, run, end, 9848925595293769
1787729859.757250, NoOp Chain Depth 64 Size 0 Mode ref, Ref Stage 59, run, start, 9848925595309081
1787729859.757272, NoOp Chain Depth 64 Size 0 Mode ref, Ref Stage 59, run, end, 9848925595331081
1787729859.757288, NoOp Chain Depth 64 Size 0 Mode ref, Ref Stage 60, run, start, 9848925595347401
1787729859.757313, NoOp Chain Depth 64 Size 0 Mode ref, Ref Stage 60, run, end, 9848925595372553
1787729859.757429, NoOp Chain Depth 64 Size 0 Mode ref, Ref Stage 61, run, start, 9848925595488425
1787729859.757452, NoOp Chain Depth 64 Size 0 Mode ref, Ref Stage 61, run, end, 9848925595510825
1787729859.757467, NoOp Chain Depth 64 Size 0 Mode ref, Ref Stage 62, run, start, 9848925595526073
1787729859.757488, NoOp Chain Depth 64 Size 0 Mode ref, Ref Stage 62, run, end, 9848925595547673
1787729859.757504, NoOp Chain Depth 64 Size 0 Mode ref, Ref Stage 63, run, start, 9848925595562809
1787729859.757525, NoOp Chain Depth 64 Size 0 Mode ref, Ref Stage 63, run, end, 9848925595584185
1787729859.757540, NoOp Chain Depth 64 Size 0 Mode ref, pipeline - train, run, end, 199742295041736600976103405899707805560, 1787729859.753835, 99, 1, 9848925595599673
1787729859.757574, NoOp Chain Depth 64 Size 0 Mode ref, pipeline - train, run, start, 30387353121473088685653193115424000638, 1787729859.757565, 100, 1, 9848925595634169
1787729859.757598, NoOp Chain Depth 64 Size 0 Mode ref, Ref Stage 0, run, start, 9848925595657577
1787729859.757622, NoOp Chain Depth 64 Size 0 Mode ref, Ref Stage 0, run, end, 9848925595681497
1787729859.757738, NoOp Chain Depth 64 Size 0 Mode ref, Ref Stage 1, run, start, 9848925595797465
1787729859.757762, NoOp Chain Depth 64 Size 0 Mode ref, Ref Stage 1, run, end, 9848925595821529
1787729859.757778, NoOp Chain Depth 64 Size 0 Mode ref, Ref Stage 2, run, start, 9848925595837017
1787729859.757799, NoOp Chain Depth 64 Size 0 Mode ref, Ref Stage 2, run, end, 9848925595858777
1787729859.757815, NoOp Chain Depth 64 Size 0 Mode ref, Ref Stage 3, run, start, 9848925595873993
1787729859.757836, NoOp Chain Depth 64 Size 0 Mode ref, Ref Stage 3, run, end, 9848925595895609
1787729859.757851, NoOp Chain Depth 64 Size 0 Mode ref, Ref Stage 4, run, start, 9848925595910761
1787729859.757875, NoOp Chain Depth 64 Size 0 Mode ref, Ref Stage 4, run, end, 9848925595934345
1787729859.757887, NoOp Chain Depth 64 Size 0 Mode ref, Ref Stage 5, run, start, 9848925595946569
1787729859.757922, NoOp Chain Depth 64 Size 0 Mode ref, Ref Stage 5, run, end, 9848925595981321
1787729859.757934, NoOp Chain Depth 64 Size 0 Mode ref, Ref Stage 6, run, start, 9848925595993417
1787729859.757969, NoOp Chain Depth 64 Size 0 Mode ref, Ref Stage 6, run, end, 9848925596028217
1787729859.757985, NoOp Chain Depth 64 Size 0 Mode ref, Ref Stage 7, run, start, 9848925596044633
1787729859.758007, NoOp Chain Depth 64 Size 0 Mode ref, Ref Stage 7, run, end, 9848925596066681
1787729859.758124, NoOp Chain Depth 64 Size 0 Mode ref, Ref Stage 8, run, start, 9848925596183241
1787729859.758147, NoOp Chain Depth 64 Size 0 Mode ref, Ref Stage 8, run, end, 9848925596205769
1787729859.758162, NoOp Chain Depth 64 Size 0 Mode ref, Ref Stage 9, run, start, 9848925596221193
1787729859.758183, NoOp Chain Depth 64 Size 0 Mode ref, Ref Stage 9, run, end, 9848925596242617
1787729859.758199, NoOp Chain Depth 64 Size 0 Mode ref, Ref Stage 10, run, start, 9848925596258073
1787729859.758220, NoOp Chain Depth 64 Size 0 Mode ref, Ref Stage 10, run, end, 9848925596279721
1787729859.758236, NoOp Chain Depth 64 Size 0 Mode ref, Ref Stage 11, run, start, 9848925596295001
1787729859.758259, NoOp Chain Depth 64 Size 0 Mode ref, Ref Stage 11, run, end, 9848925596318153
1787729859.758275, NoOp Chain Depth 64 Size 0 Mode ref, Ref Stage 12, run, start, 9848925596334681
1787729859.758297, NoOp Chain Depth 64 Size 0 Mode ref, Ref Stage 12, run, end, 9848925596356505
1787729859.758413, NoOp Chain Depth 64 Size 0 Mode ref, Ref Stage 13, run, start, 9848925596472073
1787729859.758435, NoOp Chain Depth 64 Size 0 Mode ref, Ref Stage 13, run, end, 9848925596494553
1787729859.758451, NoOp Chain Depth 64 Size 0 Mode ref, Ref Stage 14, run, start, 9848925596510057
1787729859.758473, NoOp Chain Depth 64 Size 0 Mode ref, Ref Stage 14, run, end, 9848925596532025
1787729859.758488, NoOp Chain Depth 64 Size 0 Mode ref, Ref Stage 15, run, start, 9848925596547417
1787729859.758510, NoOp Chain Depth 64 Size 0 Mode ref, Ref Stage 15, run, end, 9848925596569353
1787729859.758525, NoOp Chain Depth 64 Size 0 Mode ref, Ref Stage 16, run, start, 9848925596584569
1787729859.758549, NoOp Chain Depth 64 Size 0 Mode ref, Ref Stage 16, run, end, 9848925596608440
1787729859.758561, NoOp Chain Depth 64 Size 0 Mode ref, Ref Stage 17, run, start, 9848925596620472
1787729859.758594, NoOp Chain Depth 64 Size 0 Mode ref, Ref Stage 17, run, end, 9848925596653224
1787729859.758610, NoOp Chain Depth 64 Size 0 Mode ref, Ref Stage 18, run, start, 9848925596669128
1787729859.758634, NoOp Chain Depth 64 Size 0 Mode ref, Ref Stage 18, run, end, 9848925596692904
1787729859.758647, NoOp Chain Depth 64 Size 0 Mode ref, Ref Stage 19, run, start, 9848925596706824
1787729859.758779, NoOp Chain Depth 64 Size 0 Mode ref, Ref Stage 19, run, end, 9848925596838024
1787729859.758794, NoOp Chain Depth 64 Size 0 Mode ref, Ref Stage 20, run, start, 9848925596853304
1787729859.758818, NoOp Chain Depth 64 Size 0 Mode ref, Ref Stage 20, run, end, 9848925596877016
1787729859.758834, NoOp Chain Depth 64 Size 0 Mode ref, Ref Stage 21, run, start, 9848925596893544
1787729859.758856, NoOp Chain Depth 64 Size 0 Mode ref, Ref Stage 21, run, end, 9848925596915576
1787729859.758872, NoOp Chain Depth 64 Size 0 Mode ref, Ref Stage 22, run, start, 9848925596930968
1787729859.758895, NoOp Chain Depth 64 Size 0 Mode ref, Ref Stage 22, run, end, 9848925596954600
1787729859.758911, NoOp Chain Depth 64 Size 0 Mode ref, Ref Stage 23, run, start, 9848925596970104
1787729859.758933, NoOp Chain Depth 64 Size 0 Mode ref, Ref Stage 23, run, end, 9848925596991816
1787729859.759049, NoOp Chain Depth 64 Size 0 Mode ref, Ref Stage 24, run, start, 9848925597108824
1787729859.759072, NoOp Chain Depth 64 Size 0 Mode ref, Ref Stage 24, run, end, 9848925597131576
1787729859.759088, NoOp Chain Depth 64 Size 0 Mode ref, Ref Stage 25, run, start, 9848925597147016
1787729859.759110, NoOp Chain Depth 64 Size 0 Mode ref, Ref Stage 25, run, end, 9848925597169352
1787729859.759125, NoOp Chain Depth 64 Size 0 Mode ref, Ref Stage 26, run, start, 9848925597184648
1787729859.759148, NoOp Chain Depth 64 Size 0 Mode ref, Ref Stage 26, run, end, 9848925597207016
1787729859.759163, NoOp Chain Depth 64 Size 0 Mode ref, Ref Stage 27, run, start, 9848925597222280
1787729859.759185, NoOp Chain Depth 64 Size 0 Mode ref, Ref Stage 27, run, end, 9848925597244488
1787729859.759201, NoOp Chain Depth 64 Size 0 Mode ref, Ref Stage 28, run, start, 9848925597259848
1787729859.759224, NoOp Chain Depth 64 Size 0 Mode ref, Ref Stage 28, run, end, 9848925597283688
1787729859.759237, NoOp Chain Depth 64 Size 0 Mode ref, Ref Stage 29, run, start, 9848925597295864
1787729859.759269, NoOp Chain Depth 64 Size 0 Mode ref, Ref Stage 29, run, end, 9848925597328232
1787729859.759284, NoOp Chain Depth 64 Size 0 Mode ref, Ref Stage 30, run, start, 9848925597343432
1787729859.759308, NoOp Chain Depth 64 Size 0 Mode ref, Ref Stage 30, run, end, 9848925597367400
1787729859.759426, NoOp Chain Depth 64 Size 0 Mode ref, Ref Stage 31, run, start, 9848925597485944
1787729859.759449, NoOp Chain Depth 64 Size 0 Mode ref, Ref Stage 31, run, end, 9848925597508408
1787729859.759465, NoOp Chain Depth 64 Size 0 Mode ref, Ref Stage 32, run, start, 9848925597523896
1787729859.759487, NoOp Chain Depth 64 Size 0 Mode ref, Ref Stage 32, run, end, 9848925597546040
1787729859.759502, NoOp Chain Depth 64 Size 0 Mode ref, Ref Stage 33, run, start, 9848925597561288
1787729859.759524, NoOp Chain Depth 64 Size 0 Mode ref, Ref Stage 33, run, end, 9848925597583208
1787729859.759539, NoOp Chain Depth 64 Size 0 Mode ref, Ref Stage 34, run, start, 9848925597598584
1787729859.759561, NoOp Chain Depth 64 Size 0 Mode ref, Ref Stage 34, run, end, 9848925597620200
1787729859.759576, NoOp Chain Depth 64 Size 0 Mode ref, Ref Stage 35, run, start, 9848925597635320
1787729859.759598, NoOp Chain Depth 64 Size 0 Mode ref, Ref Stage 35, run, end, 9848925597657560
1787729859.759711, NoOp Chain Depth 64 Size 0 Mode ref, Ref Stage 36, run, start, 9848925597770216
1787729859.759733, NoOp Chain Depth 64 Size 0 Mode ref, Ref Stage 36, run, end, 9848925597792840
1787729859.759749, NoOp Chain Depth 64 Size 0 Mode ref, Ref Stage 37, run, start, 9848925597808152
1787729859.759771, NoOp Chain Depth 64 Size 0 Mode ref, Ref Stage 37, run, end, 9848925597830456
1787729859.759786, NoOp Chain Depth 64 Size 0 Mode ref, Ref Stage 38, run, start, 9848925597845720
1787729859.759810, NoOp Chain Depth 64 Size 0 Mode ref, Ref Stage 38, run, end, 9848925597869288
1787729859.759822, NoOp Chain Depth 64 Size 0 Mode ref, Ref Stage 39, run, start, 9848925597881496
1787729859.759855, NoOp Chain Depth 64 Size 0 Mode ref, Ref Stage 39, run, end, 9848925597914152
1787729859.759870, NoOp Chain Depth 64 Size 0 Mode ref, Ref Stage 40, run, start, 9848925597929128
1787729859.759892, NoOp Chain Depth 64 Size 0 Mode ref, Ref Stage 40, run, end, 9848925597951704
1787729859.759909, NoOp Chain Depth 64 Size 0 Mode ref, Ref Stage 41, run, start, 9848925597967912
1787729859.759932, NoOp Chain Depth 64 Size 0 Mode ref, Ref Stage 41, run, end, 9848925597991464
1787729859.759945, NoOp Chain Depth 64 Size 0 Mode ref, Ref Stage 42, run, start, 9848925598004856
1787729859.759981, NoOp Chain Depth 64 Size 0 Mode ref, Ref Stage 42, run, end, 9848925598040568
1787729859.760102, NoOp Chain Depth 64 Size 0 Mode ref, Ref Stage 43, run, start, 9848925598161272
1787729859.760126, NoOp Chain Depth 64 Size 0 Mode ref, Ref Stage 43, run, end, 9848925598185400
1787729859.760141, NoOp Chain Depth 64 Size 0 Mode ref, Ref Stage 44, run, start, 9848925598200808
1787729859.760164, NoOp Chain Depth 64 Size 0 Mode ref, Ref Stage 44, run, end, 9848925598223144
1787729859.760179, NoOp Chain Depth 64 Size 0 Mode ref, Ref Stage 45, run, start, 9848925598238504
1787729859.760201, NoOp Chain Depth 64 Size 0 Mode ref, Ref Stage 45, run, end, 9848925598260568
1787729859.760217, NoOp Chain Depth 64 Size 0 Mode ref, Ref Stage 46, run, start, 9848925598276280
1787729859.760239, NoOp Chain Depth 64 Size 0 Mode ref, Ref Stage 46, run, end, 9848925598298376
1787729859.760255, NoOp Chain Depth 64 Size 0 Mode ref, Ref Stage 47, run, start, 9848925598314136
1787729859.760277, NoOp Chain Depth 64 Size 0 Mode ref, Ref Stage 47, run, end, 9848925598335848
1787729859.760396, NoOp Chain Depth 64 Size 0 Mode ref, Ref Stage 48, run, start, 9848925598455127
1787729859.760419, NoOp Chain Depth 64 Size 0 Mode ref, Ref Stage 48, run, end, 9848925598477911
1787729859.760434, NoOp Chain Depth 64 Size 0 Mode ref, Ref Stage 49, run, start, 9848925598493319
1787729859.760456, NoOp Chain Depth 64 Size 0 Mode ref, Ref Stage 49, run, end, 9848925598515399
1787729859.760471, NoOp Chain Depth 64 Size 0 Mode ref, Ref Stage 50, run, start, 9848925598530631
1787729859.760493, NoOp Chain Depth 64 Size 0 Mode ref, Ref Stage 50, run, end, 9848925598552631
1787729859.760509, NoOp Chain Depth 64 Size 0 Mode ref, Ref Stage 51, run, start, 9848925598568007
1787729859.760531, NoOp Chain Depth 64 Size 0 Mode ref, Ref Stage 51, run, end, 9848925598590103
1787729859.760546, NoOp Chain Depth 64 Size 0 Mode ref, Ref Stage 52, run, start, 9848925598604983
1787729859.760568, NoOp Chain Depth 64 Size 0 Mode ref, Ref Stage 52, run, end, 9848925598626791
1787729859.760582, NoOp Chain Depth 64 Size 0 Mode ref, Ref Stage 53, run, start, 9848925598641591
1787729859.760607, NoOp Chain Depth 64 Size 0 Mode ref, Ref Stage 53, run, end, 9848925598666807
1787729859.760619, NoOp Chain Depth 64 Size 0 Mode ref, Ref Stage 54, run, start, 9848925598678711
1787729859.760756, NoOp Chain Depth 64 Size 0 Mode ref, Ref Stage 54, run, end, 9848925598815799
1787729859.760772, NoOp Chain Depth 64 Size 0 Mode ref, Ref Stage 55, run, start, 9848925598831399
1787729859.760794, NoOp Chain Depth 64 Size 0 Mode ref, Ref Stage 55, run, end, 9848925598853367
1787729859.760809, NoOp Chain Depth 64 Size 0 Mode ref, Ref Stage 56, run, start, 9848925598868519
1787729859.760833, NoOp Chain Depth 64 Size 0 Mode ref, Ref Stage 56, run, end, 9848925598892279
1787729859.760845, NoOp Chain Depth 64 Size 0 Mode ref, Ref Stage 57, run, start, 9848925598904295
1787729859.760877, NoOp Chain Depth 64 Size 0 Mode ref, Ref Stage 57, run, end, 9848925598936503
1787729859.760893, NoOp Chain Depth 64 Size 0 Mode ref, Ref Stage 58, run, start, 9848925598952695
1787729859.760916, NoOp Chain Depth 64 Size 0 Mode ref, Ref Stage 58, run, end, 9848925598974823
1787729859.760968, NoOp Chain Depth 64 Size 0 Mode ref, Ref Stage 59, run, start, 9848925599027847
1787729859.760992, NoOp Chain Depth 64 Size 0 Mode ref, Ref Stage 59, run, end, 9848925599050967
1787729859.761090, NoOp Chain Depth 64 Size 0 Mode ref, Ref Stage 60, run, start, 9848925599149031
1787729859.761113, NoOp Chain Depth 64 Size 0 Mode ref, Ref Stage 60, run, end, 9848925599172007
1787729859.761128, NoOp Chain Depth 64 Size 0 Mode ref, Ref Stage 61, run, start, 9848925599187623
1787729859.761151, NoOp Chain Depth 64 Size 0 Mode ref, Ref Stage 61, run, end, 9848925599210039
1787729859.761166, NoOp Chain Depth 64 Size 0 Mode ref, Ref Stage 62, run, start, 9848925599225239
1787729859.761188, NoOp Chain Depth 64 Size 0 Mode ref, Ref Stage 62, run, end, 9848925599247127
1787729859.761203, NoOp Chain Depth 64 Size 0 Mode ref, Ref Stage 63, run, start, 9848925599262711
1787729859.761225, NoOp Chain Depth 64 Size 0 Mode ref, Ref Stage 63, run, end, 9848925599284407
1787729859.761242, NoOp Chain Depth 64 Size 0 Mode ref, pipeline - train, run, end, 30387353121473088685653193115424000638, 1787729859.757565, 100, 1, 9848925599301431
1787729859.761291, NoOp Chain Depth 64 Size 0 Mode ref, pipeline - train, run, start, 336415197504032396621843379654345006868, 1787729859.761267, 101, 1, 9848925599350327
1787729859.761456, NoOp Chain Depth 64 Size 0 Mode ref, Ref Stage 0, run, start, 9848925599515927
1787729859.761481, NoOp Chain Depth 64 Size 0 Mode ref, Ref Stage 0, run, end, 9848925599540263
1787729859.761497, NoOp Chain Depth 64 Size 0 Mode ref, Ref Stage 1, run, start, 9848925599556183
1787729859.761519, NoOp Chain Depth 64 Size 0 Mode ref, Ref Stage 1, run, end, 9848925599578727
1787729859.761535, NoOp Chain Depth 64 Size 0 Mode ref, Ref Stage 2, run, start, 9848925599594007
1787729859.761558, NoOp Chain Depth 64 Size 0 Mode ref, Ref Stage 2, run, end, 9848925599616775
1787729859.761573, NoOp Chain Depth 64 Size 0 Mode ref, Ref Stage 3, run, start, 9848925599632359
1787729859.761595, NoOp Chain Depth 64 Size 0 Mode ref, Ref Stage 3, run, end, 9848925599654199
1787729859.761611, NoOp Chain Depth 64 Size 0 Mode ref, Ref Stage 4, run, start, 9848925599669831
1787729859.761632, NoOp Chain Depth 64 Size 0 Mode ref, Ref Stage 4, run, end, 9848925599691607
1787729859.761749, NoOp Chain Depth 64 Size 0 Mode ref, Ref Stage 5, run, start, 9848925599808727
1787729859.761772, NoOp Chain Depth 64 Size 0 Mode ref, Ref Stage 5, run, end, 9848925599831319
1787729859.761787, NoOp Chain Depth 64 Size 0 Mode ref, Ref Stage 6, run, start, 9848925599846679
1787729859.761809, NoOp Chain Depth 64 Size 0 Mode ref, Ref Stage 6, run, end, 9848925599868887
1787729859.761825, NoOp Chain Depth 64 Size 0 Mode ref, Ref Stage 7, run, start, 9848925599884279
1787729859.761849, NoOp Chain Depth 64 Size 0 Mode ref, Ref Stage 7, run, end, 9848925599907831
1787729859.761861, NoOp Chain Depth 64 Size 0 Mode ref, Ref Stage 8, run, start, 9848925599919991
1787729859.761894, NoOp Chain Depth 64 Size 0 Mode ref, Ref Stage 8, run, end, 9848925599952903
1787729859.761909, NoOp Chain Depth 64 Size 0 Mode ref, Ref Stage 9, run, start, 9848925599968199
1787729859.761930, NoOp Chain Depth 64 Size 0 Mode ref, Ref Stage 9, run, end, 9848925599989623
1787729859.761950, NoOp Chain Depth 64 Size 0 Mode ref, Ref Stage 10, run, start, 9848925600009063
1787729859.761975, NoOp Chain Depth 64 Size 0 Mode ref, Ref Stage 10, run, end, 9848925600034535
1787729859.761993, NoOp Chain Depth 64 Size 0 Mode ref, Ref Stage 11, run, start, 9848925600053767
1787729859.762020, NoOp Chain Depth 64 Size 0 Mode ref, Ref Stage 11, run, end, 9848925600079175
1787729859.762056, NoOp Chain Depth 64 Size 0 Mode ref, Ref Stage 12, run, start, 9848925600115927
1787729859.762081, NoOp Chain Depth 64 Size 0 Mode ref, Ref Stage 12, run, end, 9848925600140423
1787729859.762197, NoOp Chain Depth 64 Size 0 Mode ref, Ref Stage 13, run, start, 9848925600255895
1787729859.762219, NoOp Chain Depth 64 Size 0 Mode ref, Ref Stage 13, run, end, 9848925600278343
1787729859.762234, NoOp Chain Depth 64 Size 0 Mode ref, Ref Stage 14, run, start, 9848925600293687
1787729859.762256, NoOp Chain Depth 64 Size 0 Mode ref, Ref Stage 14, run, end, 9848925600315543
1787729859.762271, NoOp Chain Depth 64 Size 0 Mode ref, Ref Stage 15, run, start, 9848925600330631
1787729859.762295, NoOp Chain Depth 64 Size 0 Mode ref, Ref Stage 15, run, end, 9848925600354743
1787729859.762307, NoOp Chain Depth 64 Size 0 Mode ref, Ref Stage 16, run, start, 9848925600366679
1787729859.762337, NoOp Chain Depth 64 Size 0 Mode ref, Ref Stage 16, run, end, 9848925600396487
1787729859.762454, NoOp Chain Depth 64 Size 0 Mode ref, Ref Stage 17, run, start, 9848925600512966
1787729859.762476, NoOp Chain Depth 64 Size 0 Mode ref, Ref Stage 17, run, end, 9848925600535574
1787729859.762492, NoOp Chain Depth 64 Size 0 Mode ref, Ref Stage 18, run, start, 9848925600551030
1787729859.762514, NoOp Chain Depth 64 Size 0 Mode ref, Ref Stage 18, run, end, 9848925600573126
1787729859.762529, NoOp Chain Depth 64 Size 0 Mode ref, Ref Stage 19, run, start, 9848925600588230
1787729859.762553, NoOp Chain Depth 64 Size 0 Mode ref, Ref Stage 19, run, end, 9848925600612422
1787729859.762568, NoOp Chain Depth 64 Size 0 Mode ref, Ref Stage 20, run, start, 9848925600627718
1787729859.762590, NoOp Chain Depth 64 Size 0 Mode ref, Ref Stage 20, run, end, 9848925600649702
1787729859.762606, NoOp Chain Depth 64 Size 0 Mode ref, Ref Stage 21, run, start, 9848925600665110
1787729859.762628, NoOp Chain Depth 64 Size 0 Mode ref, Ref Stage 21, run, end, 9848925600687094
1787729859.762643, NoOp Chain Depth 64 Size 0 Mode ref, Ref Stage 22, run, start, 9848925600702374
1787729859.762665, NoOp Chain Depth 64 Size 0 Mode ref, Ref Stage 22, run, end, 9848925600724262
1787729859.762680, NoOp Chain Depth 64 Size 0 Mode ref, Ref Stage 23, run, start, 9848925600739638
1787729859.762706, NoOp Chain Depth 64 Size 0 Mode ref, Ref Stage 23, run, end, 9848925600765286
1787729859.762718, NoOp Chain Depth 64 Size 0 Mode ref, Ref Stage 24, run, start, 9848925600777462
1787729859.762850, NoOp Chain Depth 64 Size 0 Mode ref, Ref Stage 24, run, end, 9848925600909078
1787729859.762865, NoOp Chain Depth 64 Size 0 Mode ref, Ref Stage 25, run, start, 9848925600924166
1787729859.762887, NoOp Chain Depth 64 Size 0 Mode ref, Ref Stage 25, run, end, 9848925600946006
1787729859.762902, NoOp Chain Depth 64 Size 0 Mode ref, Ref Stage 26, run, start, 9848925600961286
1787729859.762924, NoOp Chain Depth 64 Size 0 Mode ref, Ref Stage 26, run, end, 9848925600983142
1787729859.762939, NoOp Chain Depth 64 Size 0 Mode ref, Ref Stage 27, run, start, 9848925600998758
1787729859.762967, NoOp Chain Depth 64 Size 0 Mode ref, Ref Stage 27, run, end, 9848925601026310
1787729859.762979, NoOp Chain Depth 64 Size 0 Mode ref, Ref Stage 28, run, start, 9848925601038518
1787729859.763014, NoOp Chain Depth 64 Size 0 Mode ref, Ref Stage 28, run, end, 9848925601073094
1787729859.763028, NoOp Chain Depth 64 Size 0 Mode ref, Ref Stage 29, run, start, 9848925601087302
1787729859.763158, NoOp Chain Depth 64 Size 0 Mode ref, Ref Stage 29, run, end, 9848925601217798
1787729859.763173, NoOp Chain Depth 64 Size 0 Mode ref, Ref Stage 30, run, start, 9848925601232710
1787729859.763197, NoOp Chain Depth 64 Size 0 Mode ref, Ref Stage 30, run, end, 9848925601256470
1787729859.763210, NoOp Chain Depth 64 Size 0 Mode ref, Ref Stage 31, run, start, 9848925601268726
1787729859.763242, NoOp Chain Depth 64 Size 0 Mode ref, Ref Stage 31, run, end, 9848925601300822
1787729859.763257, NoOp Chain Depth 64 Size 0 Mode ref, Ref Stage 32, run, start, 9848925601316150
1787729859.763279, NoOp Chain Depth 64 Size 0 Mode ref, Ref Stage 32, run, end, 9848925601338166
1787729859.763295, NoOp Chain Depth 64 Size 0 Mode ref, Ref Stage 33, run, start, 9848925601354438
1787729859.763317, NoOp Chain Depth 64 Size 0 Mode ref, Ref Stage 33, run, end, 9848925601376262
1787729859.763333, NoOp Chain Depth 64 Size 0 Mode ref, Ref Stage 34, run, start, 9848925601391862
1787729859.763355, NoOp Chain Depth 64 Size 0 Mode ref, Ref Stage 34, run, end, 9848925601414038
1787729859.763370, NoOp Chain Depth 64 Size 0 Mode ref, Ref Stage 35, run, start, 9848925601429302
1787729859.763395, NoOp Chain Depth 64 Size 0 Mode ref, Ref Stage 35, run, end, 9848925601454166
1787729859.763407, NoOp Chain Depth 64 Size 0 Mode ref, Ref Stage 36, run, start, 9848925601466390
1787729859.763539, NoOp Chain Depth 64 Size 0 Mode ref, Ref Stage 36, run, end, 9848925601598134
1787729859.763554, NoOp Chain Depth 64 Size 0 Mode ref, Ref Stage 37, run, start, 9848925601613590
1787729859.763576, NoOp Chain Depth 64 Size 0 Mode ref, Ref Stage 37, run, end, 9848925601635702
1787729859.763592, NoOp Chain Depth 64 Size 0 Mode ref, Ref Stage 38, run, start, 9848925601650758
1787729859.763613, NoOp Chain Depth 64 Size 0 Mode ref, Ref Stage 38, run, end, 9848925601672566
1787729859.763628, NoOp Chain Depth 64 Size 0 Mode ref, Ref Stage 39, run, start, 9848925601687446
1787729859.763650, NoOp Chain Depth 64 Size 0 Mode ref, Ref Stage 39, run, end, 9848925601709206
1787729859.763665, NoOp Chain Depth 64 Size 0 Mode ref, Ref Stage 40, run, start, 9848925601724694
1787729859.763692, NoOp Chain Depth 64 Size 0 Mode ref, Ref Stage 40, run, end, 9848925601751430
1787729859.763704, NoOp Chain Depth 64 Size 0 Mode ref, Ref Stage 41, run, start, 9848925601763606
1787729859.763834, NoOp Chain Depth 64 Size 0 Mode ref, Ref Stage 41, run, end, 9848925601893814
1787729859.763850, NoOp Chain Depth 64 Size 0 Mode ref, Ref Stage 42, run, start, 9848925601909142
1787729859.763873, NoOp Chain Depth 64 Size 0 Mode ref, Ref Stage 42, run, end, 9848925601932566
1787729859.763885, NoOp Chain Depth 64 Size 0 Mode ref, Ref Stage 43, run, start, 9848925601944502
1787729859.763917, NoOp Chain Depth 64 Size 0 Mode ref, Ref Stage 43, run, end, 9848925601976486
1787729859.763932, NoOp Chain Depth 64 Size 0 Mode ref, Ref Stage 44, run, start, 9848925601991462
1787729859.763955, NoOp Chain Depth 64 Size 0 Mode ref, Ref Stage 44, run, end, 9848925602014486
1787729859.763972, NoOp Chain Depth 64 Size 0 Mode ref, Ref Stage 45, run, start, 9848925602031014
1787729859.763994, NoOp Chain Depth 64 Size 0 Mode ref, Ref Stage 45, run, end, 9848925602052902
1787729859.764009, NoOp Chain Depth 64 Size 0 Mode ref, Ref Stage 46, run, start, 9848925602068006
1787729859.764032, NoOp Chain Depth 64 Size 0 Mode ref, Ref Stage 46, run, end, 9848925602091558
1787729859.764146, NoOp Chain Depth 64 Size 0 Mode ref, Ref Stage 47, run, start, 9848925602204982
1787729859.764168, NoOp Chain Depth 64 Size 0 Mode ref, Ref Stage 47, run, end, 9848925602227510
1787729859.764184, NoOp Chain Depth 64 Size 0 Mode ref, Ref Stage 48, run, start, 9848925602243062
1787729859.764206, NoOp Chain Depth 64 Size 0 Mode ref, Ref Stage 48, run, end, 9848925602265158
1787729859.764221, NoOp Chain Depth 64 Size 0 Mode ref, Ref Stage 49, run, start, 9848925602280102
1787729859.764243, NoOp Chain Depth 64 Size 0 Mode ref, Ref Stage 49, run, end, 9848925602302134
1787729859.764258, NoOp Chain Depth 64 Size 0 Mode ref, Ref Stage 50, run, start, 9848925602317574
1787729859.764280, NoOp Chain Depth 64 Size 0 Mode ref, Ref Stage 50, run, end, 9848925602339574
1787729859.764296, NoOp Chain Depth 64 Size 0 Mode ref, Ref Stage 51, run, start, 9848925602355254
1787729859.764318, NoOp Chain Depth 64 Size 0 Mode ref, Ref Stage 51, run, end, 9848925602377286
1787729859.764333, NoOp Chain Depth 64 Size 0 Mode ref, Ref Stage 52, run, start, 9848925602392661
1787729859.764358, NoOp Chain Depth 64 Size 0 Mode ref, Ref Stage 52, run, end, 9848925602417541
1787729859.764370, NoOp Chain Depth 64 Size 0 Mode ref, Ref Stage 53, run, start, 9848925602429829
1787729859.764508, NoOp Chain Depth 64 Size 0 Mode ref, Ref Stage 53, run, end, 9848925602567285
1787729859.764523, NoOp Chain Depth 64 Size 0 Mode ref, Ref Stage 54, run, start, 9848925602582757
1787729859.764545, NoOp Chain Depth 64 Size 0 Mode ref, Ref Stage 54, run, end, 9848925602604725
1787729859.764561, NoOp Chain Depth 64 Size 0 Mode ref, Ref Stage 55, run, start, 9848925602619877
1787729859.764582, NoOp Chain Depth 64 Size 0 Mode ref, Ref Stage 55, run, end, 9848925602641829
1787729859.764598, NoOp Chain Depth 64 Size 0 Mode ref, Ref Stage 56, run, start, 9848925602657381
1787729859.764621, NoOp Chain Depth 64 Size 0 Mode ref, Ref Stage 56, run, end, 9848925602679701
1787729859.764636, NoOp Chain Depth 64 Size 0 Mode ref, Ref Stage 57, run, start, 9848925602694853
1787729859.764657, NoOp Chain Depth 64 Size 0 Mode ref, Ref Stage 57, run, end, 9848925602716373
1787729859.764673, NoOp Chain Depth 64 Size 0 Mode ref, Ref Stage 58, run, start, 9848925602731749
1787729859.764694, NoOp Chain Depth 64 Size 0 Mode ref, Ref Stage 58, run, end, 9848925602753445
1787729859.764816, NoOp Chain Depth 64 Size 0 Mode ref, Ref Stage 59, run, start, 9848925602875397
1787729859.764838, NoOp Chain Depth 64 Size 0 Mode ref, Ref Stage 59, run, end, 9848925602897461
1787729859.764853, NoOp Chain Depth 64 Size 0 Mode ref, Ref Stage 60, run, start, 9848925602912885
1787729859.764876, NoOp Chain Depth 64 Size 0 Mode ref, Ref Stage 60, run, end, 9848925602935077
1787729859.764891, NoOp Chain Depth 64 Size 0 Mode ref, Ref Stage 61, run, start, 9848925602950405
1787729859.764915, NoOp Chain Depth 64 Size 0 Mode ref, Ref Stage 61, run, end, 9848925602974181
1787729859.764930, NoOp Chain Depth 64 Size 0 Mode ref, Ref Stage 62, run, start, 9848925602989861
1787729859.764954, NoOp Chain Depth 64 Size 0 Mode ref, Ref Stage 62, run, end, 9848925603013701
1787729859.764971, NoOp Chain Depth 64 Size 0 Mode ref, Ref Stage 63, run, start, 9848925603030101
1787729859.764992, NoOp Chain Depth 64 Size 0 Mode ref, Ref Stage 63, run, end, 9848925603051861
1787729859.765108, NoOp Chain Depth 64 Size 0 Mode ref, pipeline - train, run, end, 336415197504032396621843379654345006868, 1787729859.761267, 101, 1, 9848925603167637
1787729859.780836, choreo, spans, emitted, 19862, 9848925618993581
